2.100,30,62,41
B0,mixamorig_Hips,-1,0.6049003601074219,0.037783652544021606,0.7954025268554688,0,-0.12871022522449493,0.9903780221939087,0.050836414098739624,0,-0.7858282923698425,-0.133128359913826,0.60394287109375,0,0.054145537316799164,133.23617553710938,1.0412424802780151,1
B1,mixamorig_Spine,0,0.9980481863021851,-0.030170433223247528,-0.05466972663998604,0,0.03897928074002266,0.9850143790245056,0.1680058091878891,0,0.04878219962120056,-0.1698085218667984,0.9842687249183655,0,0,19.2117919921875,-0.1207680031657219,1
B2,mixamorig_Spine1,1,0.9919235706329346,-0.07358910888433456,-0.1033056378364563,0,0.08118703216314316,0.994138240814209,0.07137537002563477,0,0.09744803607463837,-0.07918566465377808,0.992083728313446,0,0,22.4141845703125,0,1
B3,mixamorig_Spine2,2,0.9919158220291138,-0.07351856678724289,-0.10342900454998016,0,0.05935328081250191,0.9892097115516663,-0.13392798602581024,0,0.11216039210557938,0.1267065405845642,0.9855765104293823,0,0,25.616214752197266,0,1
B4,mixamorig_Neck,3,0.9802628755569458,-0.004813065752387047,-0.1976337879896164,0,0.03852560371160507,0.985183835029602,0.16706028580665588,0,0.1939026564359665,-0.1713767945766449,0.9659249782562256,0,0,28.8182430267334,0,1
B5,mixamorig_Head,4,0.913177490234375,-0.0757439136505127,-0.4004601240158081,0,0.028708461672067642,0.992091953754425,-0.12218350172042847,0,0.4065488576889038,0.10007869452238083,0.9081305265426636,0,0,24.812225341796875,-0.20795400440692902,1
B6,mixamorig_HeadTop_End,5,1,0,0,0,0,1,0,0,0,0,1,0,0,103.31423950195312,-0.8658869862556458,1
B7,mixamorig_LeftShoulder,3,0.2501451373100281,-0.03287217393517494,-0.967649519443512,0,0.8979080319404602,-0.3659988045692444,0.244549959897995,0,-0.3621973991394043,-0.9300347566604614,-0.06203664466738701,0,10.665525436401367,25.014419555664062,-0.09603600203990936,1
B8,mixamorig_LeftArm,7,0.9891539812088013,-0.08574733883142471,0.11913082003593445,0,0.01831604167819023,0.8773751258850098,0.47942930459976196,0,-0.14563626050949097,-0.47206878662109375,0.8694461584091187,0,0,22.733402252197266,0,1
B9,mixamorig_LeftForeArm,8,0.8498252034187317,0.39481085538864136,0.34914693236351013,0,-0.45475611090660095,0.8841418623924255,0.10710429400205612,0,-0.2664095163345337,-0.24979674816131592,0.930927038192749,0,0,53.26781463623047,0,1
B10,mixamorig_LeftHand,9,0.9510772228240967,0.012727201916277409,-0.30867424607276917,0,-0.05854383856058121,0.9884699583053589,-0.13962708413600922,0,0.3033388555049896,0.15087223052978516,0.9408597350120544,0,0,48.9465217590332,0,1
B11,mixamorig_LeftHandThumb1,10,0.6574749946594238,0.6217340230941772,-0.42564401030540466,0,-0.536296010017395,0.782945990562439,0.3152480125427246,0,0.5292569994926453,0.021004000678658485,0.8482019901275635,0,-7.220077991485596,5.920783996582031,-0.000007000000096013537,1
B12,mixamorig_LeftHandThumb2,11,0.9804539680480957,-0.0971386730670929,0.1710963398218155,0,0.07057180255651474,0.9853845834732056,0.15503810346126556,0,-0.18365615606307983,-0.13993288576602936,0.9729797840118408,0,-0.19343799352645874,7.4673380851745605,0,1
B13,mixamorig_LeftHandThumb3,12,0.9938089847564697,-0.11078300327062607,-0.00838600005954504,0,0.11107400059700012,0.9891120195388794,0.0965379998087883,0,-0.002400000113993883,-0.09687124937772751,0.9952939748764038,0,-0.07535800337791443,10.211470603942871,0,1
B14,mixamorig_LeftHandThumb4,13,1,0,0,0,0,1,0,0,0,0,1,0,0.26879701018333435,8.70872688293457,0,1
B15,mixamorig_LeftHandIndex1,10,0.9937235713005066,0.10931351780891418,0.02374250255525112,0,-0.1106131449341774,0.9918442368507385,0.06307525932788849,0,-0.01665247045457363,-0.06530533730983734,0.9977104663848877,0,0,11.06796646118164,0.1714390069246292,1
B16,mixamorig_LeftHandIndex2,15,0.9998722076416016,-0.015759533271193504,-0.0025550173595547676,0,0.015928007662296295,0.9956223964691162,0.09209057688713074,0,0.0010928960982710123,-0.09211932867765427,0.9957461953163147,0,0.2676999866962433,15.237060546875,0,1
B17,mixamorig_LeftHandIndex3,16,0.9979149699211121,0.06453315168619156,-0.0007840109174139798,0,-0.06377549469470978,0.9879063963890076,0.14132143557071686,0,0.009894642978906631,-0.14097747206687927,0.9899625778198242,0,-0.2732299864292145,11.75461483001709,0,1
B18,mixamorig_LeftHandIndex4,17,1,0,0,0,0,1,0,0,0,0,1,0,0.005530000198632479,9.809103012084961,0,1
B19,mixamorig_RightShoulder,3,0.4117702543735504,0.06659916788339615,0.90884929895401,0,-0.8690043687820435,-0.27154284715652466,0.4136202931404114,0,0.27433839440345764,-0.9601123929023743,-0.053942568600177765,0,-10.665525436401367,25.013511657714844,0.048207998275756836,1
B20,mixamorig_RightArm,19,0.8106624484062195,0.5854018330574036,0.008291409350931644,0,-0.4572521150112152,0.6242191195487976,0.6334251761436462,0,0.3656678795814514,-0.5173203945159912,0.7737208604812622,0,0,22.733402252197266,0,1
B21,mixamorig_RightForeArm,20,0.6597444415092468,-0.706601619720459,-0.2558261752128601,0,0.7439668774604797,0.6621719002723694,0.08965461701154709,0,0.10605229437351227,-0.24947574734687805,0.9625563621520996,0,0,53.26276779174805,0,1
B22,mixamorig_RightHand,21,0.8424765467643738,-0.49188169836997986,0.21966007351875305,0,0.4714753031730652,0.8705062866210938,0.1410442590713501,0,-0.2605884075164795,-0.015260147862136364,0.9653264880180359,0,0,48.94882583618164,0,1
B23,mixamorig_RightHandThumb1,22,0.1850382387638092,-0.525363028049469,0.8305150270462036,0,0.4887480139732361,0.7823772430419922,0.3860200047492981,0,-0.8525760173797607,0.3344837725162506,0.40154001116752625,0,8.01883316040039,6.1007280349731445,0.000007000000096013537,1
B24,mixamorig_RightHandThumb2,23,0.9766650199890137,0.1324637532234192,-0.16905100643634796,0,-0.10283400118350983,0.9794719815254211,0.17337900400161743,0,0.18854700028896332,-0.15194900333881378,0.9702379703521729,0,1.13714599609375,7.979971885681152,0,1
B25,mixamorig_RightHandThumb3,24,0.9879599809646606,0.14919500052928925,-0.04093100130558014,0,-0.12735924124717712,0.9345340132713318,0.3323037624359131,0,0.08782924711704254,-0.32308998703956604,0.9422839879989624,0,1.0223289728164673,9.384204864501953,0,1
B26,mixamorig_RightHandThumb4,25,1,0,0,0,0,1,0,0,0,0,1,0,-2.159475088119507,7.527187824249268,0,1
B27,mixamorig_RightHandIndex1,22,0.9628009796142578,-0.2663860023021698,0.04531100019812584,0,0.18772700428962708,0.7800350189208984,0.5969127416610718,0,-0.19435375928878784,-0.5662019848823547,0.8010259866714478,0,0,12.017215728759766,0.170973002910614,1
B28,mixamorig_RightHandIndex2,27,0.9709259867668152,-0.2254430055618286,-0.080485999584198,0,0.16173399984836578,0.3699209988117218,0.9148769974708557,0,-0.17647899687290192,-0.9012957811355591,0.3956280052661896,0,-0.2789439857006073,14.738595008850098,0,1
B29,mixamorig_RightHandIndex3,28,0.9582579731941223,-0.2672087550163269,-0.10169100016355515,0,0.2189817577600479,0.45728200674057007,0.8619400262832642,0,-0.18381676077842712,-0.8482289910316467,0.4967080056667328,0,0.3595370054244995,11.803382873535156,0,1
B30,mixamorig_RightHandIndex4,29,1,0,0,0,0,1,0,0,0,0,1,0,-0.08059299737215042,9.220705032348633,0,1
B31,mixamorig_LeftUpLeg,0,-0.6273327469825745,-0.017231082543730736,0.7785601615905762,0,0.5801142454147339,-0.6773024201393127,0.45244234800338745,0,0.5195257663726807,0.7354865074157715,0.43488895893096924,0,16.968603134155273,-10.665969848632812,0.6005799770355225,1
B32,mixamorig_LeftLeg,31,0.9408222436904907,-0.21137236058712006,-0.2648976445198059,0,-0.03576042503118515,0.7153697609901428,-0.6977952122688293,0,0.337005615234375,0.6659722328186035,0.6654779314994812,0,0,64.08012390136719,0,1
B33,mixamorig_LeftFoot,32,0.9519413113594055,-0.149471253156662,0.2673299014568329,0,-0.1256212592124939,0.6054865121841431,0.7858759760856628,0,-0.2793310582637787,-0.7816910743713379,0.5576105713844299,0,0,55.26921844482422,0,1
B34,mixamorig_LeftToeBase,33,0.976373016834259,-0.07455100119113922,-0.20282523334026337,0,0.18881523609161377,0.7508015036582947,0.6329655051231384,0,0.10509324818849564,-0.6563067436218262,0.7471392154693604,0,0,36.5555305480957,0,1
B35,mixamorig_LeftToe_End,34,1,0,0,0,0,1,0,0,0,0,1,0,0,13.579986572265625,0,1
B36,mixamorig_RightUpLeg,0,-0.8976500034332275,0.3781602382659912,-0.2263176143169403,0,-0.4405312240123749,-0.784473717212677,0.43649160861968994,0,-0.012477348558604717,0.49151647090911865,0.87077397108078,0,-16.968603134155273,-10.665969848632812,0.47241300344467163,1
B37,mixamorig_RightLeg,36,0.9970774054527283,0.007211126387119293,0.07605589181184769,0,0.05590114742517471,0.6096025705337524,-0.7906798720359802,0,-0.052061762660741806,0.7926201224327087,0.6074181199073792,0,0,64.0646743774414,0,1
B38,mixamorig_RightFoot,37,0.898603081703186,0.4369656443595886,-0.03963414952158928,0,-0.034650158137083054,0.16073350608348846,0.9863759875297546,0,0.437389999628067,-0.8849853277206421,0.15957781672477722,0,0,55.258724212646484,0,1
B39,mixamorig_RightToeBase,38,0.9877715706825256,0.05691598355770111,0.14514686167240143,0,-0.13371536135673523,0.7880015969276428,0.6009779572486877,0,-0.08017066866159439,-0.6130371689796448,0.7859760522842407,0,0,36.844871520996094,0,1
B40,mixamorig_RightToe_End,39,1,0,0,0,0,1,0,0,0,0,1,0,0,13.579154014587402,0,1
@34,0,1,2,3,4,5,7,8,9,10,11,12,13,15,16,17,19,20,21,22,23,24,25,27,28,29,31,32,33,34,36,37,38,39
K0.000,0.6341009736061096,0.04275500029325485,0.7720680236816406,0,-0.12728199362754822,0.9906219840049744,0.04967999830842018,0,-0.762703001499176,-0.12977199256420135,0.6335960030555725,0,0.08404199779033661,130.48536682128906,-0.10533399879932404,1,0.9982200264930725,-0.025196999311447144,-0.05406399816274643,0,0.034591998904943466,0.9829519987106323,0.18057699501514435,0,0.04859200119972229,-0.1821260005235672,0.9820740222930908,0,0,19.2117919921875,-0.1207680031657219,1,0.992779016494751,-0.06172100082039833,-0.10286299884319305,0,0.07137899845838547,0.9931020140647888,0.09302899986505508,0,0.09641099721193314,-0.0996989980340004,0.990336000919342,0,0,22.4141845703125,0,1,0.9927459955215454,-0.06201000139117241,-0.1030070036649704,0,0.05031599849462509,0.9923790097236633,-0.11248300224542618,0,0.10919699817895889,0.10648400336503983,0.9883000254631042,0,0,25.616214752197266,0,1,0.9855660200119019,-0.012101000174880028,-0.16886000335216522,0,0.019719000905752182,0.9988579750061035,0.043512001633644104,0,0.1681399941444397,-0.04621399939060211,0.9846789836883545,0,0,28.8182430267334,0,1,0.916267991065979,-0.11624400317668915,-0.38332700729370117,0,0.07583200186491013,0.989998996257782,-0.11895599961280823,0,0.3933210074901581,0.079926997423172,0.9159200191497803,0,0,24.812225341796875,-0.20795400440692902,1,0.2642059922218323,-0.03115900047123432,-0.963962972164154,0,0.898347020149231,-0.3557420074939728,0.2577210068702698,0,-0.35095199942588806,-0.9340649843215942,-0.06599699705839157,0,10.665525436401367,25.014419555664062,-0.09603600203990936,1,0.9817129969596863,0.0190420001745224,0.189410999417305,0,-0.10480599850416183,0.884676992893219,0.45427098870277405,0,-0.15891699492931366,-0.465815007686615,0.8704950213432312,0,0,22.733402252197266,0,1,0.8467400074005127,0.40097901225090027,0.3496379852294922,0,-0.4562450051307678,0.8853330016136169,0.08958099782466888,0,-0.2736259996891022,-0.23537300527095795,0.9325929880142212,0,0,53.26781463623047,0,1,0.9608849883079529,0.03926299884915352,-0.27414900064468384,0,-0.07462800294160843,0.9899910092353821,-0.11978700011968613,0,0.26670101284980774,0.135561004281044,0.9541980028152466,0,0,48.9465217590332,0,1,0.657476007938385,0.6217340230941772,-0.42564401030540466,0,-0.536296010017395,0.7829470038414001,0.3152469992637634,0,0.5292569994926453,0.021004000678658485,0.8482019901275635,0,-7.220077991485596,5.920783996582031,-0.000007000000096013537,1,0.9810969829559326,-0.08809000253677368,0.17230699956417084,0,0.06246500089764595,0.9868829846382141,0.14885999262332916,0,-0.18316000699996948,-0.1352829933166504,0.9737300276756287,0,-0.19343799352645874,7.4673380851745605,0,1,0.9938089847564697,-0.11078199744224548,-0.00838600005954504,0,0.11107400059700012,0.9891120195388794,0.0965379998087883,0,-0.002400000113993883,-0.0968720018863678,0.9952939748764038,0,-0.07535800337791443,10.211470603942871,0,1,0.992576003074646,0.11896800249814987,0.025293000042438507,0,-0.11925599724054337,0.9928110241889954,0.010204999707639217,0,-0.023896999657154083,-0.013145999982953072,0.9996280074119568,0,0,11.06796646118164,0.1714390069246292,1,0.9998250007629395,-0.01855899952352047,-0.0025530001148581505,0,0.01870499923825264,0.9964860081672668,0.08164700120687485,0,0.001028000027872622,-0.08167999982833862,0.9966580271720886,0,0.2676999866962433,15.237060546875,0,1,0.9980909824371338,0.06174600124359131,-0.0011699999449774623,0,-0.06106099858880043,0.9895070195198059,0.13094499707221985,0,0.00924300029873848,-0.13062399625778198,0.9913889765739441,0,-0.2732299864292145,11.75461483001709,0,1,0.41273900866508484,0.08006100356578827,0.9073240160942078,0,-0.8559679985046387,-0.30645400285720825,0.41641899943351746,0,0.31139200925827026,-0.9485129714012146,-0.05795599892735481,0,-10.665525436401367,25.013511657714844,0.048207998275756836,1,0.789749026298523,0.6082640290260315,-0.07944899797439575,0,-0.44299599528312683,0.6551120281219482,0.6120319962501526,0,0.42432498931884766,-0.4481559991836548,0.7868319749832153,0,0,22.733402252197266,0,1,0.618569016456604,-0.7449169754981995,-0.24994300305843353,0,0.7801309823989868,0.620169997215271,0.08237700164318085,0,0.09364300221204758,-0.24594399333000183,0.9647499918937683,0,0,53.26276779174805,0,1,0.7841479778289795,-0.575967013835907,0.2310280054807663,0,0.5643740296363831,0.8166829943656921,0.12046299874782562,0,-0.2580600082874298,0.0359250009059906,0.965461015701294,0,0,48.94882583618164,0,1,0.1850389987230301,-0.525363028049469,0.8305140137672424,0,0.4887480139732361,0.7823770046234131,0.3860200047492981,0,-0.8525760173797607,0.33448299765586853,0.40154001116752625,0,8.01883316040039,6.1007280349731445,0.000007000000096013537,1,0.9766650199890137,0.1324629932641983,-0.16905100643634796,0,-0.10283400118350983,0.9794719815254211,0.17337800562381744,0,0.18854700028896332,-0.15194900333881378,0.9702379703521729,0,1.13714599609375,7.979971885681152,0,1,0.9879599809646606,0.14919500052928925,-0.04093100130558014,0,-0.127360001206398,0.9345340132713318,0.3323040008544922,0,0.08782999962568283,-0.32308998703956604,0.9422839879989624,0,1.0223289728164673,9.384204864501953,0,1,0.9628009796142578,-0.2663860023021698,0.04531100019812584,0,0.18772700428962708,0.7800350189208984,0.5969129800796509,0,-0.19435399770736694,-0.5662019848823547,0.8010259866714478,0,0,12.017215728759766,0.170973002910614,1,0.9709259867668152,-0.2254430055618286,-0.080485999584198,0,0.1617330014705658,0.369922012090683,0.9148769974708557,0,-0.17647899687290192,-0.901295006275177,0.39562898874282837,0,-0.2789439857006073,14.738595008850098,0,1,0.9582579731941223,-0.267208993434906,-0.10169100016355515,0,0.21898199617862701,0.45728200674057007,0.8619400262832642,0,-0.18381600081920624,-0.8482289910316467,0.4967080056667328,0,0.3595370054244995,11.803382873535156,0,1,-0.6359109878540039,0.0019420000026002526,0.7717599868774414,0,0.5963289737701416,-0.6335510015487671,0.4929549992084503,0,0.4899060130119324,0.7736979722976685,0.4017240107059479,0,16.968603134155273,-10.665969848632812,0.6005799770355225,1,0.9343420267105103,-0.23839500546455383,-0.2649019956588745,0,-0.04494599997997284,0.6585540175437927,-0.7511900067329407,0,0.35353198647499084,0.7137749791145325,0.6046000123023987,0,0,64.08012390136719,0,1,0.9566980004310608,-0.13770799338817596,0.25644901394844055,0,-0.12831400334835052,0.5912839770317078,0.7961900234222412,0,-0.2612760066986084,-0.7946199774742126,0.548009991645813,0,0,55.26921844482422,0,1,0.976373016834259,-0.07454899698495865,-0.20282499492168427,0,0.18881499767303467,0.7508000135421753,0.6329669952392578,0,0.10509400069713593,-0.6563090085983276,0.7471370100975037,0,0,36.5555305480957,0,1,-0.8913549780845642,0.3790319859981537,-0.24863900244235992,0,-0.4530479907989502,-0.7634000182151794,0.4603999853134155,0,-0.015305000357329845,0.5230249762535095,0.852180004119873,0,-16.968603134155273,-10.665969848632812,0.47241300344467163,1,0.9968420267105103,0.01167299970984459,0.07854299992322922,0,0.06080000102519989,0.5240240097045898,-0.8495309948921204,0,-0.05107500031590462,0.8516240119934082,0.5216590166091919,0,0,64.0646743774414,0,1,0.896103024482727,0.44304099678993225,-0.026724999770522118,0,-0.025836000218987465,0.11217699944972992,0.9933519959449768,0,0.4430939853191376,-0.8894550204277039,0.11196800321340561,0,0,55.258724212646484,0,1,0.988070011138916,0.0563259981572628,0.14333799481391907,0,-0.13287100195884705,0.7823690176010132,0.608476996421814,0,-0.07786999642848969,-0.6202629804611206,0.7805190086364746,0,0,36.844871520996094,0,1
K0.033,0.6346759796142578,0.042288992553949356,0.7716209888458252,0,-0.12761199474334717,0.9905290007591248,0.050678007304668427,0,-0.7621690034866333,-0.13063199818134308,0.6340609788894653,0,0.15724153816699982,130.4004669189453,-0.10535997897386551,1,0.9982060194015503,-0.025227999314665794,-0.054294001311063766,0,0.034692998975515366,0.9828439950942993,0.1811479926109314,0,0.048792000859975815,-0.18270699679851532,0.9819560050964355,0,0,19.2117919921875,-0.1207680031657219,1,0.9927830100059509,-0.06180500239133835,-0.10277099907398224,0,0.07161100953817368,0.9929329752922058,0.09463301301002502,0,0.0961960032582283,-0.10130901634693146,0.9901930093765259,0,0,22.4141845703125,0,1,0.9927589893341064,-0.06197100505232811,-0.10290499776601791,0,0.05046900361776352,0.9925559759140015,-0.11083898693323135,0,0.10900799930095673,0.10484198480844498,0.9884960055351257,0,0,25.616214752197266,0,1,0.9857699871063232,-0.007380948401987553,-0.16793999075889587,0,0.015617957338690758,0.9987360239028931,0.04777706414461136,0,0.16737498342990875,-0.04972005635499954,0.9846389889717102,0,0,28.8182430267334,0,1,0.916038990020752,-0.11469997465610504,-0.38433998823165894,0,0.07397396862506866,0.9901139736175537,-0.11917300522327423,0,0.39420899748802185,0.08073601126670837,0.9154670238494873,0,0,24.812225341796875,-0.20795400440692902,1,0.2667590081691742,-0.031165000051259995,-0.9632589817047119,0,0.8977829813957214,-0.35541701316833496,0.2601250112056732,0,-0.35046499967575073,-0.9341880083084106,-0.06683100014925003,0,10.665525436401367,25.014419555664062,-0.09603600203990936,1,0.9814119935035706,0.017937013879418373,0.19107501208782196,0,-0.10479901731014252,0.8841609954833984,0.4552760124206543,0,-0.16077500581741333,-0.466838002204895,0.8696060180664062,0,0,22.733402252197266,0,1,0.8427099585533142,0.40937304496765137,0.34964799880981445,0,-0.4652521014213562,0.8805529475212097,0.09037000685930252,0,-0.27088797092437744,-0.23883002996444702,0.9325129985809326,0,0,53.26781463623047,0,1,0.9611740112304688,0.03480295464396477,-0.2737410068511963,0,-0.07043595612049103,0.9900959730148315,-0.12144100666046143,0,0.26680299639701843,0.13600699603557587,0.9541059732437134,0,0,48.9465217590332,0,1,0.6574749946594238,0.6217340230941772,-0.42564401030540466,0,-0.536296010017395,0.7829470038414001,0.3152469992637634,0,0.5292559862136841,0.021004000678658485,0.8482019901275635,0,-7.220077991485596,5.920783996582031,-0.000007000000096013537,1,0.9811220169067383,-0.0877240002155304,0.17234699428081512,0,0.062147997319698334,0.9869490265846252,0.14855900406837463,0,-0.18312899768352509,-0.13504399359226227,0.9737690091133118,0,-0.19343799352645874,7.4673380851745605,0,1,0.9938089847564697,-0.11078199744224548,-0.00838600005954504,0,0.11107300221920013,0.9891120195388794,0.0965379998087883,0,-0.002400000113993883,-0.0968720018863678,0.9952939748764038,0,-0.07535800337791443,10.211470603942871,0,1,0.9925979971885681,0.11876799911260605,0.025373000651597977,0,-0.11898300051689148,0.9928709864616394,0.007141968701034784,0,-0.024344002828001976,-0.010107968933880329,0.9996529817581177,0,0,11.06796646118164,0.1714390069246292,1,0.9998210072517395,-0.018762001767754555,-0.002552000107243657,0,0.018907001242041588,0.9965440034866333,0.080889992415905,0,0.0010260000126436353,-0.08092398941516876,0.996720016002655,0,0.2676999866962433,15.237060546875,0,1,0.9981039762496948,0.0615449957549572,-0.0011970002669841051,0,-0.060864996165037155,0.9896190166473389,0.13019397854804993,0,0.009197000414133072,-0.12987399101257324,0.991487979888916,0,-0.2732299864292145,11.75461483001709,0,1,0.41394901275634766,0.0815340057015419,0.9066410064697266,0,-0.8542450070381165,-0.30931198596954346,0.4178430140018463,0,0.314503014087677,-0.9474589824676514,-0.058389004319906235,0,-10.665525436401367,25.013511657714844,0.048207998275756836,1,0.7940460443496704,0.6017709374427795,-0.08580505102872849,0,-0.433464914560318,0.6595280766487122,0.6141100525856018,0,0.426144003868103,-0.4504380226135254,0.7845419645309448,0,0,22.733402252197266,0,1,0.6278001070022583,-0.7367718815803528,-0.2510659992694855,0,0.772446870803833,0.6294510960578918,0.0843610167503357,0,0.09587903320789337,-0.24689699709415436,0.9642869830131531,0,0,53.26276779174805,0,1,0.7825980186462402,-0.5778830647468567,0.23149698972702026,0,0.5663400888442993,0.8152940273284912,0.12064200639724731,0,-0.2584550082683563,0.036692000925540924,0.9653260111808777,0,0,48.94882583618164,0,1,0.1850389987230301,-0.525363028049469,0.8305150270462036,0,0.4887480139732361,0.7823770046234131,0.3860200047492981,0,-0.8525760173797607,0.3344840109348297,0.40154001116752625,0,8.01883316040039,6.1007280349731445,0.000007000000096013537,1,0.9766650199890137,0.1324629932641983,-0.16905100643634796,0,-0.10283400118350983,0.9794719815254211,0.17337900400161743,0,0.18854700028896332,-0.15194900333881378,0.9702379703521729,0,1.13714599609375,7.979971885681152,0,1,0.9879599809646606,0.14919500052928925,-0.04093100130558014,0,-0.127360001206398,0.9345340132713318,0.332302987575531,0,0.08782999962568283,-0.32308900356292725,0.9422839879989624,0,1.0223289728164673,9.384204864501953,0,1,0.9628009796142578,-0.2663860023021698,0.04531100019812584,0,0.18772700428962708,0.7800350189208984,0.5969120264053345,0,-0.19435399770736694,-0.5662019848823547,0.8010259866714478,0,0,12.017215728759766,0.170973002910614,1,0.9709259867668152,-0.2254430055618286,-0.080485999584198,0,0.16173399984836578,0.369922012090683,0.9148769974708557,0,-0.17647899687290192,-0.901295006275177,0.39562898874282837,0,-0.2789439857006073,14.738595008850098,0,1,0.9582579731941223,-0.2672080099582672,-0.10169000178575516,0,0.21898099780082703,0.45728200674057007,0.8619400262832642,0,-0.18381600081920624,-0.8482289910316467,0.4967080056667328,0,0.3595370054244995,11.803382873535156,0,1,-0.6364610195159912,0.0032130067702382803,0.7713019847869873,0,0.5970110297203064,-0.6310999989509583,0.4952680170536041,0,0.4883599877357483,0.7756950259208679,0.39975297451019287,0,16.968603134155273,-10.665969848632812,0.6005799770355225,1,0.9343100190162659,-0.23915700614452362,-0.2643289864063263,0,-0.04527200385928154,0.6559159755706787,-0.75347501039505,0,0.35357600450515747,0.7159460186958313,0.6020020246505737,0,0,64.08012390136719,0,1,0.9568060040473938,-0.13697700202465057,0.25643500685691833,0,-0.12903399765491486,0.5903300046920776,0.7967810034751892,0,-0.2605209946632385,-0.7954540252685547,0.5471569895744324,0,0,55.26921844482422,0,1,0.976373016834259,-0.07455000281333923,-0.20282599329948425,0,0.18881499767303467,0.7508000135421753,0.6329669952392578,0,0.10509400069713593,-0.6563090085983276,0.7471370100975037,0,0,36.5555305480957,0,1,-0.8914330005645752,0.3788920044898987,-0.24857300519943237,0,-0.4529210031032562,-0.7625200152397156,0.4619799852371216,0,-0.014501991681754589,0.5244079828262329,0.8513439893722534,0,-16.968603134155273,-10.665969848632812,0.47241300344467163,1,0.9968580007553101,0.011261992156505585,0.07840999960899353,0,0.0610090047121048,0.5222020149230957,-0.8506370186805725,0,-0.05052599310874939,0.8527479767799377,0.5198739767074585,0,0,64.0646743774414,0,1,0.8956050276756287,0.44407400488853455,-0.026287000626325607,0,-0.025848999619483948,0.11094099283218384,0.993490993976593,0,0.4440990090370178,-0.8890950083732605,0.11083799600601196,0,0,55.258724212646484,0,1,0.9880800247192383,0.05632400140166283,0.1432649940252304,0,-0.13279399275779724,0.7826110124588013,0.6081830263137817,0,-0.07786600291728973,-0.6199579834938049,0.7807620167732239,0,0,36.844871520996094,0,1
K0.067,0.6350100040435791,0.04169000685214996,0.7713779807090759,0,-0.1276479959487915,0.9904789924621582,0.05154899135231972,0,-0.7618849873542786,-0.13119900226593018,0.6342859864234924,0,0.2106114625930786,130.3318328857422,-0.10294602066278458,1,0.9981979727745056,-0.025258999317884445,-0.054427001625299454,0,0.03477500006556511,0.9827380180358887,0.1817059963941574,0,0.048896998167037964,-0.18327100574970245,0.9818459749221802,0,0,19.2117919921875,-0.1207680031657219,1,0.9927219748497009,-0.062168996781110764,-0.10314100235700607,0,0.0721459910273552,0.9927629828453064,0.09600798785686493,0,0.09642499685287476,-0.10274998843669891,0.9900230169296265,0,0,22.4141845703125,0,1,0.99270099401474,-0.06231599673628807,-0.10325399786233902,0,0.05093299597501755,0.992688000202179,-0.10943301767110825,0,0.10931900143623352,0.10337501764297485,0.9886170029640198,0,0,25.616214752197266,0,1,0.9860590100288391,-0.002201051451265812,-0.16638001799583435,0,0.011349042877554893,0.9984729886054993,0.05405493825674057,0,0.16600701212882996,-0.05518994480371475,0.9845790266990662,0,0,28.8182430267334,0,1,0.9158779978752136,-0.11239802092313766,-0.38540199398994446,0,0.07104302942752838,0.9902330040931702,-0.11996399611234665,0,0.3951219916343689,0.08249198645353317,0.9149169921875,0,0,24.812225341796875,-0.20795400440692902,1,0.2678160071372986,-0.031183000653982162,-0.9629650115966797,0,0.8975059986114502,-0.35538700222969055,0.26111900806427,0,-0.3503679931163788,-0.9341989755630493,-0.0671909973025322,0,10.665525436401367,25.014419555664062,-0.09603600203990936,1,0.9811239838600159,0.019191987812519073,0.19242598116397858,0,-0.10659698396921158,0.8839089870452881,0.45534801483154297,0,-0.16134899854660034,-0.4672650098800659,0.8692700266838074,0,0,22.733402252197266,0,1,0.8392690420150757,0.41637295484542847,0.3496589958667755,0,-0.4728389084339142,0.8764040470123291,0.09131298959255219,0,-0.26842203736305237,-0.24196797609329224,0.9324169754981995,0,0,53.26781463623047,0,1,0.9613850116729736,0.030337044969201088,-0.27352800965309143,0,-0.06601104140281677,0.99031001329422,-0.1221809908747673,0,0.2671709954738617,0.13551899790763855,0.9540719985961914,0,0,48.9465217590332,0,1,0.657476007938385,0.6217340230941772,-0.42564401030540466,0,-0.536296010017395,0.7829470038414001,0.3152469992637634,0,0.5292559862136841,0.021004000678658485,0.8482019901275635,0,-7.220077991485596,5.920783996582031,-0.000007000000096013537,1,0.9811440110206604,-0.0874210000038147,0.1723800003528595,0,0.061889003962278366,0.9870049953460693,0.14829300343990326,0,-0.1831039935350418,-0.13482800126075745,0.9738039970397949,0,-0.19343799352645874,7.4673380851745605,0,1,0.9938089847564697,-0.11078300327062607,-0.00838600005954504,0,0.11107400059700012,0.9891120195388794,0.0965379998087883,0,-0.002400000113993883,-0.0968720018863678,0.9952939748764038,0,-0.07535800337791443,10.211470603942871,0,1,0.9926279783248901,0.11851400136947632,0.02536199986934662,0,-0.11865299940109253,0.9929280281066895,0.004047030583024025,0,-0.024702996015548706,-0.00702603068202734,0.9996700286865234,0,0,11.06796646118164,0.1714390069246292,1,0.9998170137405396,-0.018966998904943466,-0.0025500000920146704,0,0.019109997898340225,0.9966019988059998,0.08012400567531586,0,0.0010219999821856618,-0.08015801012516022,0.9967820048332214,0,0.2676999866962433,15.237060546875,0,1,0.9981160163879395,0.061340004205703735,-0.0012239997740834951,0,-0.060666002333164215,0.9897310137748718,0.12943200767040253,0,0.00915099959820509,-0.12911401689052582,0.9915879964828491,0,-0.2732299864292145,11.75461483001709,0,1,0.4152359962463379,0.08209599554538727,0.9060019850730896,0,-0.8533099889755249,-0.3100750148296356,0.41918298602104187,0,0.3153420090675354,-0.9471610188484192,-0.05870099738240242,0,-10.665525436401367,25.013511657714844,0.048207998275756836,1,0.7986879348754883,0.5948490500450134,-0.09084095060825348,0,-0.4234330952167511,0.6628379225730896,0.6175359487533569,0,0.4275529980659485,-0.45475396513938904,0.7812790870666504,0,0,22.733402252197266,0,1,0.6389558911323547,-0.7267611026763916,-0.25209900736808777,0,0.7628381252288818,0.6408478617668152,0.08598398417234421,0,0.09906697273254395,-0.2472510039806366,0.9638739824295044,0,0,53.26276779174805,0,1,0.7804149985313416,-0.5814049243927002,0.23004402220249176,0,0.5698449611663818,0.8127890229225159,0.12103699147701263,0,-0.25734901428222656,0.03663000091910362,0.9656239748001099,0,0,48.94882583618164,0,1,0.1850389987230301,-0.525363028049469,0.8305140137672424,0,0.4887470006942749,0.7823780179023743,0.3860200047492981,0,-0.8525769710540771,0.33448299765586853,0.40154001116752625,0,8.01883316040039,6.1007280349731445,0.000007000000096013537,1,0.9766659736633301,0.1324629932641983,-0.16904999315738678,0,-0.10283400118350983,0.9794719815254211,0.17337900400161743,0,0.18854600191116333,-0.15194900333881378,0.9702379703521729,0,1.13714599609375,7.979971885681152,0,1,0.9879599809646606,0.14919500052928925,-0.04093100130558014,0,-0.127360001206398,0.9345340132713318,0.332302987575531,0,0.08782999962568283,-0.32308900356292725,0.9422839879989624,0,1.0223289728164673,9.384204864501953,0,1,0.9628009796142578,-0.2663860023021698,0.04531100019812584,0,0.18772700428962708,0.7800340056419373,0.5969129800796509,0,-0.19435399770736694,-0.5662019848823547,0.8010249733924866,0,0,12.017215728759766,0.170973002910614,1,0.9709259867668152,-0.2254430055618286,-0.080485999584198,0,0.1617330014705658,0.369922012090683,0.9148769974708557,0,-0.17647899687290192,-0.901295006275177,0.3956280052661896,0,-0.2789439857006073,14.738595008850098,0,1,0.9582579731941223,-0.2672080099582672,-0.10169100016355515,0,0.21898199617862701,0.45728299021720886,0.861939013004303,0,-0.18381600081920624,-0.8482289910316467,0.4967089891433716,0,0.3595370054244995,11.803382873535156,0,1,-0.6367650032043457,0.003890993306413293,0.7710480093955994,0,0.5978379845619202,-0.6290339827537537,0.496895968914032,0,0.48694899678230286,0.7773680090904236,0.3982210159301758,0,16.968603134155273,-10.665969848632812,0.6005799770355225,1,0.9342880249023438,-0.23979400098323822,-0.263824999332428,0,-0.04554799571633339,0.6536579728126526,-0.7554180026054382,0,0.3535960018634796,0.7177960276603699,0.5997830033302307,0,0,64.08012390136719,0,1,0.9568790197372437,-0.13649900257587433,0.25641798973083496,0,-0.12958399951457977,0.5894439816474915,0.7973480224609375,0,-0.25998198986053467,-0.7961940169334412,0.5463380217552185,0,0,55.26921844482422,0,1,0.976373016834259,-0.07455000281333923,-0.20282499492168427,0,0.18881499767303467,0.7508010268211365,0.6329669952392578,0,0.10509400069713593,-0.6563079953193665,0.7471380233764648,0,0,36.5555305480957,0,1,-0.8917890191078186,0.3784489929676056,-0.24797099828720093,0,-0.4522460103034973,-0.7621219754219055,0.4632970094680786,0,-0.013650008477270603,0.5253069996833801,0.8508039712905884,0,-16.968603134155273,-10.665969848632812,0.47241300344467163,1,0.9968699812889099,0.010489007458090782,0.07835700362920761,0,0.06144699454307556,0.520829975605011,-0.8514459729194641,0,-0.04974100738763809,0.8535959720611572,0.5185549855232239,0,0,64.0646743774414,0,1,0.8950809836387634,0.44513198733329773,-0.026205999776721,0,-0.02579900063574314,0.11037100851535797,0.993556022644043,0,0.4451560080051422,-0.8886370062828064,0.11027500778436661,0,0,55.258724212646484,0,1,0.9880959987640381,0.05633600056171417,0.1431560069322586,0,-0.13265100121498108,0.7832819819450378,0.6073499917984009,0,-0.07791599631309509,-0.6191089749336243,0.7814300060272217,0,0,36.844871520996094,0,1
K0.100,0.6353790163993835,0.04121199995279312,0.7710999846458435,0,-0.12770800292491913,0.9904320240020752,0.052296001464128494,0,-0.7615669965744019,-0.13170400261878967,0.6345630288124084,0,0.23541299998760223,130.27635192871094,-0.08897200226783752,1,0.9981920123100281,-0.025279000401496887,-0.05453300103545189,0,0.03483400121331215,0.9826620221138,0.18210500478744507,0,0.04898399859666824,-0.18367600440979004,0.9817659854888916,0,0,19.2117919921875,-0.1207680031657219,1,0.9926559925079346,-0.06260299682617188,-0.10351599752902985,0,0.07274000346660614,0.9925990104675293,0.09724699705839157,0,0.0966619998216629,-0.10406199842691422,0.9898620247840881,0,0,22.4141845703125,0,1,0.9926390051841736,-0.06271599978208542,-0.10360399633646011,0,0.05143800005316734,0.9928020238876343,-0.10815399885177612,0,0.10964199900627136,0.10202900320291519,0.9887210130691528,0,0,25.616214752197266,0,1,0.9862470030784607,0.00046499987365677953,-0.16527700424194336,0,0.00919399969279766,0.9982929825782776,0.05766899883747101,0,0.16502200067043304,-0.058396000415086746,0.9845600128173828,0,0,28.8182430267334,0,1,0.9162619709968567,-0.10734400153160095,-0.38593000173568726,0,0.06629300117492676,0.990776002407074,-0.11818599700927734,0,0.39505600929260254,0.08270499855279922,0.9149259924888611,0,0,24.812225341796875,-0.20795400440692902,1,0.2671099901199341,-0.030734999105334282,-0.9631760120391846,0,0.8982740044593811,-0.35396599769592285,0.2604070007801056,0,-0.34893500804901123,-0.9347530007362366,-0.06693899631500244,0,10.665525436401367,25.014419555664062,-0.09603600203990936,1,0.9807320237159729,0.023145999759435654,0.1939840018749237,0,-0.11126899719238281,0.8823400139808655,0.45726901292800903,0,-0.1605760008096695,-0.47004300355911255,0.8679140210151672,0,0,22.733402252197266,0,1,0.8375679850578308,0.4197779893875122,0.3496659994125366,0,-0.4763909876346588,0.8744810223579407,0.09129399806261063,0,-0.26745301485061646,-0.2430420070886612,0.9324160218238831,0,0,53.26781463623047,0,1,0.9611200094223022,0.028071999549865723,-0.27469900250434875,0,-0.06394000351428986,0.9904069900512695,-0.12250100076198578,0,0.2686240077018738,0.13530200719833374,0.9536949992179871,0,0,48.9465217590332,0,1,0.657476007938385,0.6217340230941772,-0.42564401030540466,0,-0.536296010017395,0.7829470038414001,0.3152469992637634,0,0.5292569994926453,0.021004000678658485,0.8482019901275635,0,-7.220077991485596,5.920783996582031,-0.000007000000096013537,1,0.9811490178108215,-0.08734100311994553,0.1723880022764206,0,0.061820998787879944,0.9870200157165527,0.14822299778461456,0,-0.1830960065126419,-0.13477100431919098,0.973812997341156,0,-0.19343799352645874,7.4673380851745605,0,1,0.9938089847564697,-0.11078199744224548,-0.00838600005954504,0,0.11107300221920013,0.9891120195388794,0.0965379998087883,0,-0.002400000113993883,-0.0968720018863678,0.9952939748764038,0,-0.07535800337791443,10.211470603942871,0,1,0.9927030205726624,0.11793699860572815,0.025112999603152275,0,-0.11799599975347519,0.9930139780044556,0.0008730001281946898,0,-0.024833999574184418,-0.0038300002925097942,0.9996839761734009,0,0,11.06796646118164,0.1714390069246292,1,0.9998130202293396,-0.019182000309228897,-0.0025480000767856836,0,0.01932400092482567,0.9966620206832886,0.07931999862194061,0,0.0010179999517276883,-0.07935500144958496,0.9968460202217102,0,0.2676999866962433,15.237060546875,0,1,0.9981290102005005,0.06112600117921829,-0.0012519999872893095,0,-0.060458000749349594,0.9898480176925659,0.12863199412822723,0,0.009101999923586845,-0.1283160001039505,0.9916920065879822,0,-0.2732299864292145,11.75461483001709,0,1,0.4160799980163574,0.08226899802684784,0.9055989980697632,0,-0.8528919816017151,-0.3100770115852356,0.4200330078601837,0,0.31536000967025757,-0.9471449851989746,-0.0588500015437603,0,-10.665525436401367,25.013511657714844,0.048207998275756836,1,0.8029839992523193,0.5885509848594666,-0.09394600242376328,0,-0.4151099920272827,0.6653879880905151,0.6204370260238647,0,0.4276689887046814,-0.45920300483703613,0.7786089777946472,0,0,22.733402252197266,0,1,0.6481819748878479,-0.7181869745254517,-0.25311699509620667,0,0.7546740174293518,0.6502190232276917,0.08765500038862228,0,0.10162899643182755,-0.24783700704574585,0.9634569883346558,0,0,53.26276779174805,0,1,0.7791609764099121,-0.584272027015686,0.22701199352741241,0,0.5727120041847229,0.8107720017433167,0.12103500217199326,0,-0.25477200746536255,0.03570700064301491,0.9663419723510742,0,0,48.94882583618164,0,1,0.1850389987230301,-0.525363028049469,0.8305150270462036,0,0.4887470006942749,0.7823780179023743,0.3860200047492981,0,-0.8525760173797607,0.33448299765586853,0.40154001116752625,0,8.01883316040039,6.1007280349731445,0.000007000000096013537,1,0.9766650199890137,0.13246400654315948,-0.16905100643634796,0,-0.10283400118350983,0.9794719815254211,0.17337900400161743,0,0.18854700028896332,-0.15194900333881378,0.9702379703521729,0,1.13714599609375,7.979971885681152,0,1,0.9879599809646606,0.14919500052928925,-0.04093100130558014,0,-0.127360001206398,0.9345340132713318,0.332302987575531,0,0.08782900124788284,-0.32308900356292725,0.9422839879989624,0,1.0223289728164673,9.384204864501953,0,1,0.9628009796142578,-0.2663869857788086,0.04531100019812584,0,0.18772700428962708,0.7800350189208984,0.5969120264053345,0,-0.19435399770736694,-0.5662009716033936,0.8010259866714478,0,0,12.017215728759766,0.170973002910614,1,0.9709259867668152,-0.2254430055618286,-0.08048699796199799,0,0.16173399984836578,0.3699209988117218,0.9148769974708557,0,-0.17647899687290192,-0.9012960195541382,0.3956280052661896,0,-0.2789439857006073,14.738595008850098,0,1,0.9582579731941223,-0.2672080099582672,-0.10169000178575516,0,0.21898099780082703,0.45728299021720886,0.861939013004303,0,-0.18381600081920624,-0.8482289910316467,0.4967089891433716,0,0.3595370054244995,11.803382873535156,0,1,-0.6369979977607727,0.004399999976158142,0.7708529829978943,0,0.5985230207443237,-0.6273699998855591,0.4981729984283447,0,0.4858030080795288,0.7787089943885803,0.3970000147819519,0,16.968603134155273,-10.665969848632812,0.6005799770355225,1,0.9342399835586548,-0.24038100242614746,-0.26346299052238464,0,-0.04578699916601181,0.6517720222473145,-0.7570310235023499,0,0.35369300842285156,0.7193120121955872,0.5979049801826477,0,0,64.08012390136719,0,1,0.9569460153579712,-0.1361909955739975,0.25633400678634644,0,-0.1299619972705841,0.5886070132255554,0.7979050278663635,0,-0.25954800844192505,-0.7968649864196777,0.5455650091171265,0,0,55.26921844482422,0,1,0.976373016834259,-0.07455000281333923,-0.20282599329948425,0,0.18881499767303467,0.7508010268211365,0.6329669952392578,0,0.10509400069713593,-0.6563090085983276,0.7471370100975037,0,0,36.5555305480957,0,1,-0.8922610282897949,0.37814199924468994,-0.246739000082016,0,-0.4513480067253113,-0.7620729804039001,0.46425101161003113,0,-0.012481000274419785,0.5255979895591736,0.8506420254707336,0,-16.968603134155273,-10.665969848632812,0.47241300344467163,1,0.9969000220298767,0.0094200000166893,0.07811599969863892,0,0.06185799837112427,0.5197240114212036,-0.8520920276641846,0,-0.04862599819898605,0.854282021522522,0.5175300240516663,0,0,64.0646743774414,0,1,0.8944630026817322,0.4463709890842438,-0.0262410007417202,0,-0.025583000853657722,0.1096780002117157,0.9936379790306091,0,0.4464089870452881,-0.8881009817123413,0.10952199995517731,0,0,55.258724212646484,0,1,0.9881839752197266,0.056251998990774155,0.14257900416851044,0,-0.13218599557876587,0.7836530208587646,0.6069719791412354,0,-0.0775889977812767,-0.6186469793319702,0.7818289995193481,0,0,36.844871520996094,0,1
