2.400,30,72,41
B0,mixamorig_Hips,-1,0.6295509338378906,0.03968529775738716,0.7759417295455933,0,-0.12094872444868088,0.9915220141410828,0.047426026314496994,0,-0.7674820423126221,-0.12370689958333969,0.6290130019187927,0,-0.8092197179794312,130.79981994628906,-0.29195624589920044,1
B1,mixamorig_Spine,0,0.9983570575714111,-0.025994405150413513,-0.05105215311050415,0,0.03475579246878624,0.9832314848899841,0.1790175437927246,0,0.04554249346256256,-0.1804979145526886,0.9825196862220764,0,0,19.2117919921875,-0.1207680031657219,1
B2,mixamorig_Spine1,1,0.9932537078857422,-0.06462621688842773,-0.09625787287950516,0,0.0735597312450409,0.9930086731910706,0.0923093929886818,0,0.08961932361125946,-0.09876643866300583,0.991063117980957,0,0,22.4141845703125,0,1
B3,mixamorig_Spine2,2,0.9932537078857422,-0.06458812206983566,-0.09628331661224365,0,0.05355178937315941,0.9921347498893738,-0.1131315603852272,0,0.102833591401577,0.10721306502819061,0.9889002442359924,0,0,25.616214752197266,0,1
B4,mixamorig_Neck,3,0.9851435422897339,0.010753442533314228,-0.17137227952480316,0,0.0048347520641982555,0.9958637356758118,0.09014125913381577,0,0.17164960503578186,-0.08962656557559967,0.9810166954994202,0,0,28.8182430267334,0,1
B5,mixamorig_Head,4,0.912505030632019,-0.10287085175514221,-0.39589759707450867,0,0.05910618230700493,0.9908492565155029,-0.1211952194571495,0,0.40476104617118835,0.08718180656433105,0.910239040851593,0,0,24.812225341796875,-0.20795400440692902,1
B6,mixamorig_HeadTop_End,5,1,0,0,0,0,1,0,0,0,0,1,0,0,103.31423950195312,-0.8658869862556458,1
B7,mixamorig_LeftShoulder,3,0.2773195803165436,-0.029673606157302856,-0.9603189826011658,0,0.8994480967521667,-0.34335190057754517,0.27035242319107056,0,-0.33774933218955994,-0.9387312531471252,-0.06853173673152924,0,10.665525436401367,25.014419555664062,-0.09603600203990936,1
B8,mixamorig_LeftArm,7,0.9815075993537903,0.031174706295132637,0.1888250708580017,0,-0.11994011700153351,0.8689016103744507,0.48013636469841003,0,-0.1490797996520996,-0.49390101432800293,0.8565877676010132,0,0,22.733402252197266,0,1
B9,mixamorig_LeftForeArm,8,0.8386920094490051,0.45152509212493896,0.30427002906799316,0,-0.4964720606803894,0.8637022972106934,0.08672449737787247,0,-0.2236645668745041,-0.22376994788646698,0.9485616683959961,0,0,53.26781463623047,0,1
B10,mixamorig_LeftHand,9,0.9597341418266296,0.028387825936079025,-0.2794577479362488,0,-0.06778521835803986,0.988879382610321,-0.13234135508537292,0,0.2725931704044342,0.14595745503902435,0.9509933590888977,0,0,48.9465217590332,0,1
B11,mixamorig_LeftHandThumb1,10,0.6568229794502258,0.6228079795837402,-0.4250810146331787,0,-0.5378720164299011,0.7820680141448975,0.3147439956665039,0,0.5284669995307922,0.021908000111579895,0.848671019077301,0,-7.220077991485596,5.920783996582031,-0.000007000000096013537,1
B12,mixamorig_LeftHandThumb2,11,0.9812250137329102,-0.08772554993629456,0.17176200449466705,0,0.062157999724149704,0.9868890047073364,0.14895400404930115,0,-0.1825769990682602,-0.13548099994659424,0.9738119840621948,0,-0.19343799352645874,7.4673380851745605,0,1
B13,mixamorig_LeftHandThumb3,12,0.9938340187072754,-0.11049044877290726,-0.009217999875545502,0,0.11086300015449524,0.9891070127487183,0.09683399647474289,0,-0.0015814495272934437,-0.09725899994373322,0.9952579736709595,0,-0.07535800337791443,10.211470603942871,0,1
B14,mixamorig_LeftHandThumb4,13,1,0,0,0,0,1,0,0,0,0,1,0,0.26879701018333435,8.70872688293457,0,1
B15,mixamorig_LeftHandIndex1,10,0.9929485321044922,0.11595404893159866,0.02465895377099514,0,-0.11583304405212402,0.9932485222816467,-0.006284898612648249,0,-0.025220954790711403,0.003384348237887025,0.999675989151001,0,0,11.06796646118164,0.1714390069246292,1
B16,mixamorig_LeftHandIndex2,15,0.999800980091095,-0.019810697063803673,-0.0025123031809926033,0,0.019945697858929634,0.9967905282974243,0.07753034681081772,0,0.000968853710219264,-0.07756534963846207,0.996986985206604,0,0.2676999866962433,15.237060546875,0,1
B17,mixamorig_LeftHandIndex3,16,0.998166024684906,0.06051689758896828,-0.0012437073746696115,0,-0.059870798140764236,0.9901139736175537,0.12684699892997742,0,0.008907156996428967,-0.1265394538640976,0.9919220209121704,0,-0.2732299864292145,11.75461483001709,9.999999974752427e-7,1
B18,mixamorig_LeftHandIndex4,17,1,0,0,0,0,1,0,0,0,0,1,0,0.005530000198632479,9.809103012084961,0,1
B19,mixamorig_RightShoulder,3,0.41754066944122314,0.08825763314962387,0.9043595790863037,0,-0.8509360551834106,-0.3110857307910919,0.423235684633255,0,0.3186890184879303,-0.9462729692459106,-0.054792530834674835,0,-10.665525436401367,25.013511657714844,0.048207998275756836,1
B20,mixamorig_RightArm,19,0.8091417551040649,0.5787138342857361,-0.10186409205198288,0,-0.4241326153278351,0.6951181292533875,0.5803046226501465,0,0.40665140748023987,-0.4263380467891693,0.807898998260498,0,0,22.733402252197266,0,1
B21,mixamorig_RightForeArm,20,0.6072516441345215,-0.7783164381980896,-0.15598025918006897,0,0.7926498055458069,0.6063992977142334,0.059390176087617874,0,0.04887485131621361,-0.15950027108192444,0.9856268167495728,0,0,53.26276779174805,0,1
B22,mixamorig_RightHand,21,0.7731485366821289,-0.5888858437538147,0.23540177941322327,0,0.5861402750015259,0.805218517780304,0.08944957703351974,0,-0.24223758280277252,0.06882034987211227,0.9677219390869141,0,0,48.94882583618164,0,1
B23,mixamorig_RightHandThumb1,22,0.18412600457668304,-0.5274400115013123,0.8294000029563904,0,0.49289554357528687,0.7796059846878052,0.38635244965553284,0,-0.850383460521698,0.3376699984073639,0.4035179913043976,0,8.01883316040039,6.1007280349731445,0.000007000000096013537,1
B24,mixamorig_RightHandThumb2,23,0.9767990112304688,0.13286499679088593,-0.16795754432678223,0,-0.10328800231218338,0.9793130159378052,0.174003005027771,0,0.1876019984483719,-0.15261800587177277,0.9703159928321838,0,1.13714599609375,7.979971885681152,0,1
B25,mixamorig_RightHandThumb3,24,0.9882410168647766,0.14804500341415405,-0.03823300078511238,0,-0.12703800201416016,0.934145987033844,0.3335164487361908,0,0.08508999645709991,-0.3247379958629608,0.9419689774513245,0,1.0223289728164673,9.384204864501953,0,1
B26,mixamorig_RightHandThumb4,25,1,0,0,0,0,1,0,0,0,0,1,0,-2.159475088119507,7.527187824249268,0,1
B27,mixamorig_RightHandIndex1,22,0.9626970291137695,-0.2668735384941101,0.0446459986269474,0,0.18854054808616638,0.7799599766731262,0.5967530012130737,0,-0.19407999515533447,-0.5660750269889832,0.801181972026825,0,0,12.017215728759766,0.170973002910614,1
B28,mixamorig_RightHandIndex2,27,0.9708759784698486,-0.22553600370883942,-0.08082699775695801,0,0.16209200024604797,0.3699190020561218,0.9148150086402893,0,-0.17642444372177124,-0.9012730121612549,0.395702987909317,0,-0.2789439857006073,14.738595008850098,0,1
B29,mixamorig_RightHandIndex3,28,0.958217978477478,-0.2672500014305115,-0.10196200013160706,0,0.21924400329589844,0.4572660028934479,0.8618810176849365,0,-0.18371400237083435,-0.8482249975204468,0.496753990650177,0,0.3595370054244995,11.803382873535156,0,1
B30,mixamorig_RightHandIndex4,29,1,0,0,0,0,1,0,0,0,0,1,0,-0.08059299737215042,9.220705032348633,0,1
B31,mixamorig_LeftUpLeg,0,-0.6288498640060425,-0.014854761771857738,0.7773668766021729,0,0.6021605134010315,-0.6417750120162964,0.47483834624290466,0,0.49187666177749634,0.7667142748832703,0.4125180244445801,0,16.968603134155273,-10.665969848632812,0.6005799770355225,1
B32,mixamorig_LeftLeg,31,0.9341018795967102,-0.236125186085701,-0.26775985956192017,0,-0.04237056523561478,0.6713815927505493,-0.7398633360862732,0,0.3544817864894867,0.7024514079093933,0.617132842540741,0,0,64.08012390136719,0,1
B33,mixamorig_LeftFoot,32,0.9556587934494019,-0.14634503424167633,0.255526065826416,0,-0.12075742334127426,0.5966391563415527,0.793364405632019,0,-0.2685582935810089,-0.7890427112579346,0.5525161623954773,0,0,55.26921844482422,0,1
B34,mixamorig_LeftToeBase,33,0.9763720035552979,-0.07457125186920166,-0.20282165706157684,0,0.18882399797439575,0.750823974609375,0.6329365968704224,0,0.10508465021848679,-0.6562796235084534,0.7471643686294556,0,0,36.5555305480957,9.999999974752427e-7,1
B35,mixamorig_LeftToe_End,34,1,0,0,0,0,1,0,0,0,0,1,0,0,13.579986572265625,0,1
B36,mixamorig_RightUpLeg,0,-0.8948548436164856,0.3713632822036743,-0.24763281643390656,0,-0.445734441280365,-0.7725954055786133,0.4521080553531647,0,-0.023420551791787148,0.5149482488632202,0.8568925857543945,0,-16.968603134155273,-10.665969848632812,0.47241300344467163,1
B37,mixamorig_RightLeg,36,0.9966571927070618,0.013223947025835514,0.08060753345489502,0,0.061578232795000076,0.526688814163208,-0.8478211164474487,0,-0.05366704985499382,0.849950909614563,0.5241139531135559,0,0,64.0646743774414,0,1
B38,mixamorig_RightFoot,37,0.9000351428985596,0.4351082742214203,-0.024626147001981735,0,-0.024294737726449966,0.10651355981826782,0.994014322757721,0,0.43512675166130066,-0.8940494656562805,0.10643748193979263,0,0,55.258724212646484,-9.999999974752427e-7,1
B39,mixamorig_RightToeBase,38,0.9880110025405884,0.0564364492893219,0.14369699358940125,0,-0.13304445147514343,0.7834219932556152,0.6070820093154907,0,-0.07831399887800217,-0.6189219951629639,0.7815390229225159,0,0,36.844871520996094,-9.999999974752427e-7,1
B40,mixamorig_RightToe_End,39,1,0,0,0,0,1,0,0,0,0,1,0,0,13.579154014587402,0,1
@34,0,1,2,3,4,5,7,8,9,10,11,12,13,15,16,17,19,20,21,22,23,24,25,27,28,29,31,32,33,34,36,37,38,39
K0.000,0.6373299956321716,0.04010999947786331,0.7695459723472595,0,-0.12685100734233856,0.990481972694397,0.05343100056052208,0,-0.7600780129432678,-0.1316709965467453,0.636352002620697,0,0.2103780061006546,130.2184295654297,-0.030866999179124832,1,0.998166024684906,-0.025196999311447144,-0.05503600090742111,0,0.03485799953341484,0.9826189875602722,0.18233299255371094,0,0.04948600009083748,-0.18391700088977814,0.9816949963569641,0,0,19.2117919921875,-0.1207680031657219,1,0.9925029873847961,-0.06335300207138062,-0.10452300310134888,0,0.07374899834394455,0.9923719763755798,0.0987899973988533,0,0.09746699780225754,-0.10575799643993378,0.9896039962768555,0,0,22.4141845703125,0,1,0.9925029873847961,-0.06331200152635574,-0.10454799979925156,0,0.05212299898266792,0.992946982383728,-0.10648799687623978,0,0.11055199801921844,0.10024099797010422,0.9888020157814026,0,0,25.616214752197266,0,1,0.9866660237312317,0.002976000076159835,-0.16273100674152374,0,0.00457100011408329,0.9989320039749146,0.045983001589775085,0,0.16269400715827942,-0.0461140014231205,0.9855980277061462,0,0,28.8182430267334,0,1,0.9176589846611023,-0.08968199789524078,-0.3871159851551056,0,0.05650100111961365,0.9937490224838257,-0.09628300368785858,0,0.39333099126815796,0.06648200005292892,0.9169899821281433,0,0,24.812225341796875,-0.20795400440692902,1,0.2703000009059906,-0.03152899816632271,-0.9622600078582764,0,0.8967970013618469,-0.35537800192832947,0.26355499029159546,0,-0.35027599334716797,-0.9341909885406494,-0.06778399646282196,0,10.665525436401367,25.014419555664062,-0.09603600203990936,1,0.9814019799232483,0.021609999239444733,0.19074399769306183,0,-0.1070450022816658,0.8864179849624634,0.4503369927406311,0,-0.15934699773788452,-0.46237999200820923,0.8722460269927979,0,0,22.733402252197266,0,1,0.8307369947433472,0.4313260018825531,0.35190001130104065,0,-0.4905030131340027,0.866096019744873,0.09635999798774719,0,-0.2632159888744354,-0.2526569962501526,0.931065022945404,0,0,53.26781463623047,0,1,0.9605630040168762,0.01613900065422058,-0.2775929868221283,0,-0.05462300032377243,0.9898149967193604,-0.13146600127220154,0,0.2726440131664276,0.14144399762153625,0.9516609907150269,0,0,48.9465217590332,0,1,0.6568229794502258,0.6228079795837402,-0.4250819981098175,0,-0.5378720164299011,0.7820680141448975,0.3147439956665039,0,0.5284680128097534,0.021908000111579895,0.848671019077301,0,-7.220077991485596,5.920783996582031,-0.000007000000096013537,1,0.9812250137329102,-0.08772700279951096,0.17176200449466705,0,0.06215900182723999,0.9868890047073364,0.14895300567150116,0,-0.1825769990682602,-0.13548000156879425,0.9738119840621948,0,-0.19343799352645874,7.4673380851745605,0,1,0.9938349723815918,-0.11049000173807144,-0.009219000115990639,0,0.11086200177669525,0.9891070127487183,0.09683600068092346,0,-0.0015810000477358699,-0.09726099669933319,0.9952579736709595,0,-0.07535800337791443,10.211470603942871,0,1,0.9929500222206116,0.11593499779701233,0.024677999317646027,0,-0.11581400036811829,0.9932510256767273,-0.006279999855905771,0,-0.02524000033736229,0.0033770001027733088,0.999675989151001,0,0,11.06796646118164,0.1714390069246292,1,0.999800980091095,-0.01979600079357624,-0.002524999901652336,0,0.019933000206947327,0.9967910051345825,0.07752600312232971,0,0.0009820000268518925,-0.07756099849939346,0.996986985206604,0,0.2676999866962433,15.237060546875,0,1,0.9981669783592224,0.060513999313116074,-0.001272000023163855,0,-0.05986500158905983,0.9901139736175537,0.1268489956855774,0,0.008934999816119671,-0.12654000520706177,0.9919210076332092,0,-0.2732299864292145,11.75461483001709,0,1,0.41686999797821045,0.08104400336742401,0.9053459763526917,0,-0.8540629744529724,-0.305992990732193,0.4206480085849762,0,0.31112000346183777,-0.9485780000686646,-0.05834300071001053,0,-10.665525436401367,25.013511657714844,0.048207998275756836,1,0.8091549873352051,0.5802909731864929,-0.09236299991607666,0,-0.4081510007381439,0.6681399941444397,0.622094988822937,0,0.42270800471305847,-0.4656729996204376,0.7774749994277954,0,0,22.733402252197266,0,1,0.6630200147628784,-0.7027860283851624,-0.2578679919242859,0,0.7403659820556641,0.666549026966095,0.08700499683618546,0,0.11073599755764008,-0.2486030012369156,0.9622550010681152,0,0,53.26276779174805,0,1,0.7782179713249207,-0.5915319919586182,0.21086899936199188,0,0.5797690153121948,0.8057850003242493,0.12074100226163864,0,-0.24133799970149994,0.028293000534176826,0.9700289964675903,0,0,48.94882583618164,0,1,0.18412600457668304,-0.5274389982223511,0.8294010162353516,0,0.4928950071334839,0.7796069979667664,0.386352002620697,0,-0.8503829836845398,0.3376699984073639,0.4035179913043976,0,8.01883316040039,6.1007280349731445,0.000007000000096013537,1,0.9767990112304688,0.13286499679088593,-0.16795800626277924,0,-0.10328800231218338,0.9793130159378052,0.174003005027771,0,0.1876019984483719,-0.15261800587177277,0.9703159928321838,0,1.13714599609375,7.979971885681152,0,1,0.9882410168647766,0.14804400503635406,-0.038231998682022095,0,-0.12703800201416016,0.934145987033844,0.3335169851779938,0,0.08508999645709991,-0.3247379958629608,0.9419689774513245,0,1.0223289728164673,9.384204864501953,0,1,0.9626970291137695,-0.26687300205230713,0.0446459986269474,0,0.1885409951210022,0.7799599766731262,0.5967530012130737,0,-0.19407999515533447,-0.5660750269889832,0.801181972026825,0,0,12.017215728759766,0.170973002910614,1,0.9708759784698486,-0.22553600370883942,-0.08082599937915802,0,0.16209200024604797,0.3699190020561218,0.9148150086402893,0,-0.17642399668693542,-0.9012730121612549,0.395702987909317,0,-0.2789439857006073,14.738595008850098,0,1,0.958217978477478,-0.2672489881515503,-0.10196299850940704,0,0.21924400329589844,0.45726698637008667,0.8618810176849365,0,-0.18371300399303436,-0.8482249975204468,0.496753990650177,0,0.3595370054244995,11.803382873535156,0,1,-0.6372010111808777,0.004813999868929386,0.7706829905509949,0,0.5995519757270813,-0.6252380013465881,0.49961501359939575,0,0.484264999628067,0.7804189920425415,0.3955160081386566,0,16.968603134155273,-10.665969848632812,0.6005799770355225,1,0.9337530136108398,-0.2418999969959259,-0.26379698514938354,0,-0.046209998428821564,0.6493890285491943,-0.7590519785881042,0,0.35492199659347534,0.7209569811820984,0.5951899886131287,0,0,64.08012390136719,0,1,0.9573040008544922,-0.13526000082492828,0.25548601150512695,0,-0.13016100227832794,0.5874519944190979,0.7987229824066162,0,-0.2581210136413574,-0.7978749871253967,0.5447649955749512,0,0,55.26921844482422,0,1,0.9763739705085754,-0.07455399632453918,-0.20281800627708435,0,0.18881100416183472,0.7508140206336975,0.6329529881477356,0,0.10508900135755539,-0.6562929749488831,0.7471519708633423,0,0,36.5555305480957,0,1,-0.8923429846763611,0.3774079978466034,-0.24756300449371338,0,-0.4511309862136841,-0.76316899061203,0.462660014629364,0,-0.014321000315248966,0.5245350003242493,0.851269006729126,0,-16.968603134155273,-10.665969848632812,0.47241300344467163,1,0.9969390034675598,0.00824000034481287,0.0777439996600151,0,0.0621969997882843,0.5189120173454285,-0.8525620102882385,0,-0.047366999089717865,0.8547880053520203,0.5168110132217407,0,0,64.0646743774414,0,1,0.8937439918518066,0.44786301255226135,-0.025306999683380127,0,-0.02555299922823906,0.1071539968252182,0.993914008140564,0,0.44784900546073914,-0.8876579999923706,0.10721299797296524,0,0,55.258724212646484,0,1,0.9880110025405884,0.05643700063228607,0.14369699358940125,0,-0.1330450028181076,0.7834219932556152,0.6070820093154907,0,-0.07831399887800217,-0.6189219951629639,0.7815390229225159,0,0,36.844871520996094,0,1
K0.033,0.621059775352478,0.043781034648418427,0.7825391888618469,0,-0.1255759596824646,0.9910979866981506,0.04421386867761612,0,-0.7736372351646423,-0.12572689354419708,0.6210297346115112,0,0.22222933173179626,130.31936645507812,-0.20016194880008698,1,0.9982020258903503,-0.02518400177359581,-0.054390959441661835,0,0.03468999266624451,0.982761025428772,0.18159599602222443,0,0.0488799586892128,-0.18315599858760834,0.9818680286407471,0,0,19.2117919921875,-0.1207680031657219,1,0.9926819801330566,-0.06275499612092972,-0.10316792130470276,0,0.07286198437213898,0.9925829768180847,0.09731201827526093,0,0.09629591554403305,-0.1041170060634613,0.9898920059204102,0,0,22.4141845703125,0,1,0.9926819801330566,-0.06271399557590485,-0.10319291800260544,0,0.0514959990978241,0.9928169846534729,-0.10799498856067657,0,0.10922391712665558,0.10188999027013779,0.9887809753417969,0,0,25.616214752197266,0,1,0.9848649501800537,0.0001440460473531857,-0.17332321405410767,0,0.008884988725185394,0.9986429810523987,0.05131612345576286,0,0.1730952113866806,-0.05207911506295204,0.9835269451141357,0,0,28.8182430267334,0,1,0.9167659878730774,-0.09600920975208282,-0.38771501183509827,0,0.06176216900348663,0.9930809736251831,-0.09987613558769226,0,0.3946210443973541,0.06761705130338669,0.9163529872894287,0,0,24.812225341796875,-0.20795400440692902,1,0.23279665410518646,-0.03045298531651497,-0.9720480442047119,0,0.8997719883918762,-0.3725701868534088,0.22715967893600464,0,-0.3690741956233978,-0.9275039434432983,-0.05933191999793053,0,10.665525436401367,25.014419555664062,-0.09603600203990936,1,0.9833340048789978,0.01108988095074892,0.18146789073944092,0,-0.08992880582809448,0.8971481323242188,0.43247878551483154,0,-0.15800797939300537,-0.4415897727012634,0.8831941485404968,0,0,22.733402252197266,0,1,0.8336869478225708,0.44717028737068176,0.3240446150302887,0,-0.49887222051620483,0.861491858959198,0.09464695304632187,0,-0.23683863878250122,-0.24056284129619598,0.9412951469421387,0,0,53.26781463623047,0,1,0.961417019367218,0.020158130675554276,-0.2743549942970276,0,-0.062498193234205246,0.9872389435768127,-0.14647223055362701,0,0.2679009437561035,0.15796726942062378,0.9504079222679138,0,0,48.9465217590332,0,1,0.6568229794502258,0.6228070259094238,-0.4250819981098175,0,-0.5378710031509399,0.7820690274238586,0.3147439956665039,0,0.5284680128097534,0.021908000111579895,0.848671019077301,0,-7.220077991485596,5.920783996582031,-0.000007000000096013537,1,0.9811009764671326,-0.08909803628921509,0.17176300287246704,0,0.06336502730846405,0.9866719841957092,0.14987802505493164,0,-0.18282799422740936,-0.13616201281547546,0.9736700057983398,0,-0.19343799352645874,7.4673380851745605,0,1,0.9936820268630981,-0.11186203360557556,-0.009114997461438179,0,0.11221703886985779,0.9888870120048523,0.0975160151720047,0,-0.001895008608698845,-0.09792301803827286,0.9951919913291931,0,-0.07535800337791443,10.211470603942871,0,1,0.9926429986953735,0.11850407719612122,0.024845005944371223,0,-0.11862307786941528,0.992933988571167,0.003387263510376215,0,-0.024267971515655518,-0.006309263873845339,0.9996860027313232,0,0,11.06796646118164,0.1714390069246292,1,0.9998490214347839,-0.01719592697918415,-0.002536999061703682,0,0.017350926995277405,0.9960370063781738,0.08723226189613342,0,0.0010270026978105307,-0.08726326376199722,0.9961850047111511,0,0.2676999866962433,15.237060546875,0,1,0.9980030059814453,0.0631580725312233,-0.0009029882494360209,0,-0.06244407221674919,0.9886729121208191,0.13648027181625366,0,0.009512016549706459,-0.1361512690782547,0.9906419515609741,0,-0.2732299864292145,11.75461483001709,0,1,0.38780057430267334,0.0853140652179718,0.917786180973053,0,-0.863330066204071,-0.3152022063732147,0.3940916061401367,0,0.32291024923324585,-0.9451819658279419,-0.048580873757600784,0,-10.665525436401367,25.013511657714844,0.048207998275756836,1,0.8022409677505493,0.596419095993042,-0.026346493512392044,0,-0.4508644938468933,0.6342030167579651,0.6280986070632935,0,0.39131948351860046,-0.49200788140296936,0.7776873111724854,0,0,22.733402252197266,0,1,0.5953476428985596,-0.7648272514343262,-0.24617211520671844,0,0.7997782230377197,0.5934445858001709,0.09043910354375839,0,0.07691886276006699,-0.2507252097129822,0.9649979472160339,0,0,53.26276779174805,0,1,0.8554574251174927,-0.45422595739364624,0.24874021112918854,0,0.46215805411338806,0.8863204121589661,0.029078546911478043,0,-0.233672097325325,0.09008122980594635,0.9681339263916016,0,0,48.94882583618164,0,1,0.18412700295448303,-0.5274389982223511,0.8294000029563904,0,0.4928950071334839,0.7796069979667664,0.386352002620697,0,-0.850383996963501,0.3376699984073639,0.4035179913043976,0,8.01883316040039,6.1007280349731445,0.000007000000096013537,1,0.9767990112304688,0.13286499679088593,-0.16795699298381805,0,-0.10328800231218338,0.9793130159378052,0.174003005027771,0,0.1876019984483719,-0.15261800587177277,0.9703159928321838,0,1.13714599609375,7.979971885681152,0,1,0.9882410168647766,0.14804500341415405,-0.038231998682022095,0,-0.12703800201416016,0.934145987033844,0.333516001701355,0,0.08508999645709991,-0.3247379958629608,0.9419689774513245,0,1.0223289728164673,9.384204864501953,0,1,0.9626970291137695,-0.26687300205230713,0.0446459986269474,0,0.1885409951210022,0.7799609899520874,0.5967530012130737,0,-0.19407899677753448,-0.566074013710022,0.801181972026825,0,0,12.017215728759766,0.170973002910614,1,0.9708759784698486,-0.22553600370883942,-0.08082699775695801,0,0.16209200024604797,0.36991798877716064,0.9148150086402893,0,-0.17642399668693542,-0.9012740254402161,0.3957020044326782,0,-0.2789439857006073,14.738595008850098,0,1,0.958217978477478,-0.2672500014305115,-0.10196200013160706,0,0.21924400329589844,0.4572660028934479,0.8618810176849365,0,-0.18371400237083435,-0.8482249975204468,0.496753990650177,0,0.3595370054244995,11.803382873535156,0,1,-0.63422691822052,-0.00616819504648447,0.7731230854988098,0,0.5990350246429443,-0.6361061930656433,0.4863387644290924,0,0.48878809809684753,0.7715768218040466,0.407131165266037,0,16.968603134155273,-10.665969848632812,0.6005799770355225,1,0.9399510622024536,-0.2253827601671219,-0.2563098967075348,0,-0.049373041838407516,0.6532720923423767,-0.7555119395256042,0,0.33771976828575134,0.7227990031242371,0.6029161214828491,0,0,64.08012390136719,0,1,0.9562399983406067,-0.14759418368339539,0.252627968788147,0,-0.12108685821294785,0.5863919854164124,0.8009260296821594,0,-0.2663511335849762,-0.7964669466018677,0.5428599715232849,0,0,55.26921844482422,0,1,0.9771109819412231,-0.07334497570991516,-0.19968795776367188,0,0.18536993861198425,0.7540820837020874,0.6300779581069946,0,0.10436799377202988,-0.6526719331741333,0.7504180669784546,0,0,36.5555305480957,0,1,-0.891202986240387,0.3801949918270111,-0.247406005859375,0,-0.45350900292396545,-0.7580739259719849,0.4686720669269562,0,-0.00936595443636179,0.529883086681366,0.8480189442634583,0,-16.968603134155273,-10.665969848632812,0.47241300344467163,1,0.9962279796600342,0.0178841520100832,0.08491510897874832,0,0.0634080171585083,0.5180249810218811,-0.8530120253562927,0,-0.05924319103360176,0.8551790118217468,0.5149369835853577,0,0,64.0646743774414,0,1,0.8989680409431458,0.43745481967926025,-0.02211395464837551,0,-0.029450058937072754,0.11073707789182663,0.993412971496582,0,0.43702182173728943,-0.8923960328102112,0.112432099878788,0,0,55.258724212646484,0,1,0.9880110025405884,0.05643700063228607,0.14369800686836243,0,-0.1330450028181076,0.7834219932556152,0.6070820093154907,0,-0.07831399887800217,-0.6189219951629639,0.7815380096435547,0,0,36.844871520996094,0,1
K0.067,0.5946502089500427,0.04712996631860733,0.8026018142700195,0,-0.1207970455288887,0.9921860098838806,0.031236128881573677,0,-0.7948577404022217,-0.11552610248327255,0.595696210861206,0,0.15564265847206116,130.58985900878906,-0.4955390393733978,1,0.9984210133552551,-0.025278998538851738,-0.05016903951764107,0,0.03403700888156891,0.9826679825782776,0.18222400546073914,0,0.04469304159283638,-0.18364399671554565,0.9819759726524353,0,0,19.2117919921875,-0.1207680031657219,1,0.9935809969902039,-0.06187000870704651,-0.09470608085393906,0,0.0712200179696083,0.9925600290298462,0.09875798225402832,0,0.08789107948541641,-0.10486899316310883,0.9905949831008911,0,0,22.4141845703125,0,1,0.9935809969902039,-0.061833009123802185,-0.09473007917404175,0,0.051617998629808426,0.9929479956626892,-0.10672401636838913,0,0.10066108405590057,0.10114900767803192,0.989766001701355,0,0,25.616214752197266,0,1,0.9808740615844727,0.004744954407215118,-0.19458578526973724,0,0.0077560110948979855,0.9979559779167175,0.0634278804063797,0,0.1944887936115265,-0.06372387707233429,0.9788330793380737,0,0,28.8182430267334,0,1,0.9141219854354858,-0.1168207898736,-0.38824400305747986,0,0.07852383702993393,0.9904710054397583,-0.11314186453819275,0,0.3977619707584381,0.0729389488697052,0.9145849943161011,0,0,24.812225341796875,-0.20795400440692902,1,0.1983143389225006,-0.02889801561832428,-0.979712963104248,0,0.899832010269165,-0.3908878266811371,0.19367432594299316,0,-0.38855382800102234,-0.9199850559234619,-0.05151508003473282,0,10.665525436401367,25.014419555664062,-0.09603600203990936,1,0.9852439761161804,-0.0007998818182386458,0.17115411162376404,0,-0.07062419503927231,0.9089878797531128,0.410796195268631,0,-0.15590602159500122,-0.416822224855423,0.895517885684967,0,0,22.733402252197266,0,1,0.8303190469741821,0.477845698595047,0.28676337003707886,0,-0.5199557542800903,0.8494301438331604,0.090083047747612,0,-0.20053935050964355,-0.22390216588974,0.9537568688392639,0,0,53.26781463623047,0,1,0.9613739848136902,0.03318686783313751,-0.27323800325393677,0,-0.08186980336904526,0.9822520613670349,-0.1687527745962143,0,0.2627880573272705,0.1846047341823578,0.9470290541648865,0,0,48.9465217590332,0,1,0.6568229794502258,0.6228070259094238,-0.4250819981098175,0,-0.5378710031509399,0.7820680141448975,0.3147439956665039,0,0.5284680128097534,0.021908000111579895,0.848671019077301,0,-7.220077991485596,5.920783996582031,-0.000007000000096013537,1,0.980754017829895,-0.0928429663181305,0.1717589944601059,0,0.06665696948766708,0.9860690236091614,0.1523989737033844,0,-0.18351499736309052,-0.1380169838666916,0.9732800126075745,0,-0.19343799352645874,7.4673380851745605,0,1,0.9932559728622437,-0.11560696363449097,-0.008838002569973469,0,0.11591196060180664,0.9882760047912598,0.09937098622322083,0,-0.0027529913932085037,-0.09972498565912247,0.9950109720230103,0,-0.07535800337791443,10.211470603942871,0,1,0.9917590022087097,0.1255839318037033,0.025339994579553604,0,-0.12631691992282867,0.9915440082550049,0.029738737270236015,0,-0.02139102853834629,-0.0326947383582592,0.999235987663269,0,0,11.06796646118164,0.1714390069246292,1,0.9999480247497559,-0.009945071302354336,-0.0024430009070783854,0,0.010158071294426918,0.9934710264205933,0.11363273859024048,0,0.0012969973031431437,-0.11365173757076263,0.9935200214385986,0,0.2676999866962433,15.237060546875,0,1,0.997518002986908,0.07040992379188538,0.0002709883265197277,0,-0.06951593607664108,0.9842290878295898,0.16267074644565582,0,0.011186983436346054,-0.16228574514389038,0.9866800308227539,0,-0.2732299864292145,11.75461483001709,0,1,0.3452124297618866,0.09221993386745453,0.9339828491210938,0,-0.8717979192733765,-0.3370227813720703,0.3555043935775757,0,0.34755775332450867,-0.9369690418243408,-0.035947125405073166,0,-10.665525436401367,25.013511657714844,0.048207998275756836,1,0.7949760556221008,0.6061568856239319,0.024234497919678688,0,-0.5012405514717102,0.6338269710540771,0.5890854001045227,0,0.34171751141548157,-0.4804561138153076,0.8077077269554138,0,0,22.733402252197266,0,1,0.5593383312225342,-0.7875827550888062,-0.2585598826408386,0,0.8264947533607483,0.553801417350769,0.10104489326477051,0,0.06360913068056107,-0.27021679282188416,0.9606960415840149,0,0,53.26276779174805,0,1,0.8973755836486816,-0.3498280346393585,0.26895779371261597,0,0.3673539459705353,0.9299415946006775,-0.0161165501922369,0,-0.24447689950466156,0.11326576769351959,0.9630170464515686,0,0,48.94882583618164,0,1,0.18412600457668304,-0.5274389982223511,0.8294010162353516,0,0.4928959906101227,0.7796059846878052,0.386352002620697,0,-0.8503829836845398,0.3376710116863251,0.40351900458335876,0,8.01883316040039,6.1007280349731445,0.000007000000096013537,1,0.9767990112304688,0.13286499679088593,-0.16795699298381805,0,-0.10328800231218338,0.9793130159378052,0.174003005027771,0,0.1876019984483719,-0.15261900424957275,0.9703159928321838,0,1.13714599609375,7.979971885681152,0,1,0.9882410168647766,0.14804400503635406,-0.038231998682022095,0,-0.12703800201416016,0.934145987033844,0.333516001701355,0,0.08508899807929993,-0.3247379958629608,0.9419689774513245,0,1.0223289728164673,9.384204864501953,0,1,0.9626970291137695,-0.26687300205230713,0.0446459986269474,0,0.1885409951210022,0.7799599766731262,0.5967530012130737,0,-0.19407999515533447,-0.5660750269889832,0.801181972026825,0,0,12.017215728759766,0.170973002910614,1,0.9708759784698486,-0.22553600370883942,-0.08082699775695801,0,0.16209200024604797,0.36991798877716064,0.9148150086402893,0,-0.1764249950647354,-0.9012740254402161,0.3957020044326782,0,-0.2789439857006073,14.738595008850098,0,1,0.958217978477478,-0.2672500014305115,-0.10196200013160706,0,0.21924400329589844,0.4572660028934479,0.8618810176849365,0,-0.18371400237083435,-0.8482249975204468,0.496753990650177,0,0.3595370054244995,11.803382873535156,0,1,-0.6266060471534729,-0.025650806725025177,0.7789139151573181,0,0.6001949906349182,-0.6534178256988525,0.46131524443626404,0,0.4971229135990143,0.7565631866455078,0.424830824136734,0,16.968603134155273,-10.665969848632812,0.6005799770355225,1,0.9480969309806824,-0.20128823816776276,-0.2461601048707962,0,-0.05334195867180824,0.6624858975410461,-0.7471730709075928,0,0.31347423791885376,0.7215229868888855,0.6173638701438904,0,0,64.08012390136719,0,1,0.9541509747505188,-0.16612082719802856,0.24899902939796448,0,-0.10729113221168518,0.5867779850959778,0.8026080131530762,0,-0.2794368863105774,-0.792525053024292,0.5420510172843933,0,0,55.26921844482422,0,1,0.9782770276069641,-0.07111102342605591,-0.19472505152225494,0,0.1797470599412918,0.7589249610900879,0.6258790493011475,0,0.10327401012182236,-0.6472840309143066,0.7552209496498108,0,0,36.5555305480957,0,1,-0.8909680247306824,0.38097500801086426,-0.2470490038394928,0,-0.454039990901947,-0.7532380819320679,0.47589895129203796,0,-0.004781045485287905,0.5361809134483337,0.8440890312194824,0,-16.968603134155273,-10.665969848632812,0.47241300344467163,1,0.9948210120201111,0.03311484679579735,0.09610088914632797,0,0.06497598439455032,0.5198839902877808,-0.8517619967460632,0,-0.07816681265830994,0.8535950183868408,0.5150399804115295,0,0,64.0646743774414,0,1,0.9076509475708008,0.41935718059539795,-0.017595045268535614,0,-0.03538193926215172,0.11821692436933517,0.9923570156097412,0,0.41823217272758484,-0.9000909328460693,0.1221369057893753,0,0,55.258724212646484,0,1,0.9880110025405884,0.05643700063228607,0.14369699358940125,0,-0.1330450028181076,0.7834219932556152,0.6070820093154907,0,-0.07831399887800217,-0.6189219951629639,0.7815390229225159,0,0,36.844871520996094,0,1
K0.100,0.5584949851036072,0.045740000903606415,0.828245997428894,0,-0.11300799995660782,0.9933649897575378,0.02134300023317337,0,-0.8217740058898926,-0.10551899671554565,0.5599579811096191,0,-0.022332992404699326,130.99679565429688,-0.9183580279350281,1,0.9987969994544983,-0.025516999885439873,-0.041871000081300735,0,0.03278899937868118,0.9824900031089783,0.1834080070257187,0,0.03645800054073334,-0.18456099927425385,0.9821450114250183,0,0,19.2117919921875,-0.1207680031657219,1,0.9951300024986267,-0.06006399914622307,-0.07815700024366379,0,0.06787800043821335,0.9925180077552795,0.10149600356817245,0,0.07147599756717682,-0.1063069999217987,0.9917610287666321,0,0,22.4141845703125,0,1,0.9951300024986267,-0.06003300100564957,-0.07818099856376648,0,0.05172400176525116,0.9932019710540771,-0.10428400337696075,0,0.0839100033044815,0.09973199665546417,0.9914699792861938,0,0,25.616214752197266,0,1,0.974111020565033,0.015881000086665154,-0.22551199793815613,0,0.0008510003099218011,0.9972649812698364,0.07390700280666351,0,0.22606900334358215,-0.07218500226736069,0.9714329838752747,0,0,28.8182430267334,0,1,0.9080389738082886,-0.14851799607276917,-0.3916729986667633,0,0.10635499656200409,0.9861379861831665,-0.12736299633979797,0,0.40515899658203125,0.07399400323629379,0.9112470149993896,0,0,24.812225341796875,-0.20795400440692902,1,0.1639779955148697,-0.02570199966430664,-0.9861289858818054,0,0.8981999754905701,-0.4094240069389343,0.16002799570560455,0,-0.4078580141067505,-0.911981999874115,-0.044050998985767365,0,10.665525436401367,25.014419555664062,-0.09603600203990936,1,0.9860299825668335,-0.015396999195218086,0.16585500538349152,0,-0.050498999655246735,0.9212239980697632,0.3857400119304657,0,-0.15872900187969208,-0.38872700929641724,0.9075769782066345,0,0,22.733402252197266,0,1,0.8214830160140991,0.5160930156707764,0.24251599609851837,0,-0.5476800203323364,0.8325070142745972,0.08353500068187714,0,-0.15878400206565857,-0.20144400000572205,0.966543972492218,0,0,53.26781463623047,0,1,0.9604939818382263,0.04992099851369858,-0.2737880051136017,0,-0.10659600049257278,0.9747480154037476,-0.19622500240802765,0,0.25707900524139404,0.21765699982643127,0.9415599703788757,0,0,48.9465217590332,0,1,0.6568229794502258,0.6228079795837402,-0.4250819981098175,0,-0.5378710031509399,0.7820680141448975,0.3147439956665039,0,0.5284680128097534,0.021908000111579895,0.848671019077301,0,-7.220077991485596,5.920783996582031,-0.000007000000096013537,1,0.9802160263061523,-0.09840299934148788,0.1717360019683838,0,0.07154200226068497,0.9851409792900085,0.15613800287246704,0,-0.1845490038394928,-0.14076200127601624,0.972690999507904,0,-0.19343799352645874,7.4673380851745605,0,1,0.9925959706306458,-0.12116599828004837,-0.008441000245511532,0,0.12139300256967545,0.9873369932174683,0.102122001349926,0,-0.004040000028908253,-0.10239099711179733,0.9947360157966614,0,-0.07535800337791443,10.211470603942871,0,1,0.9903389811515808,0.1361449956893921,0.026329999789595604,0,-0.13766400516033173,0.9880880117416382,0.0687830001115799,0,-0.016651999205350876,-0.07174299657344818,0.9972839951515198,0,0,11.06796646118164,0.1714390069246292,1,0.9999979734420776,0.0008069995092228055,-0.001955999992787838,0,-0.000498999550472945,0.988277018070221,0.1526689976453781,0,0.0020570000633597374,-0.15266799926757812,0.9882749915122986,0,0.2676999866962433,15.237060546875,0,1,0.996703028678894,0.08110500127077103,0.0023219999857246876,0,-0.0799110010266304,0.9762600064277649,0.20132000744342804,0,0.01406100019812584,-0.2008419930934906,0.9795230031013489,0,-0.2732299864292145,11.75461483001709,0,1,0.2768549919128418,0.10116499662399292,0.9555709958076477,0,-0.8793709874153137,-0.3742170035839081,0.2943960130214691,0,0.38737401366233826,-0.9218059778213501,-0.014642001129686832,0,-10.665525436401367,25.013511657714844,0.048207998275756836,1,0.8107990026473999,0.5836229920387268,0.04459799826145172,0,-0.5257920026779175,0.6927379965782166,0.4936150014400482,0,0.2571899890899658,-0.42367300391197205,0.8685359954833984,0,0,22.733402252197266,0,1,0.5620399713516235,-0.7700530290603638,-0.3018760085105896,0,0.8244860172271729,0.550661027431488,0.13036799430847168,0,0.06584099680185318,-0.32216399908065796,0.9443910121917725,0,0,53.26276779174805,0,1,0.9195560216903687,-0.2683750092983246,0.28703999519348145,0,0.28978800773620605,0.9564840197563171,-0.03407000005245209,0,-0.2654060125350952,0.11450999975204468,0.9573130011558533,0,0,48.94882583618164,0,1,0.18412700295448303,-0.5274400115013123,0.8294000029563904,0,0.4928959906101227,0.7796069979667664,0.386352002620697,0,-0.8503829836845398,0.3376699984073639,0.40351900458335876,0,8.01883316040039,6.1007280349731445,0.000007000000096013537,1,0.9767990112304688,0.13286499679088593,-0.16795699298381805,0,-0.10328800231218338,0.9793130159378052,0.174003005027771,0,0.1876019984483719,-0.15261800587177277,0.9703159928321838,0,1.13714599609375,7.979971885681152,0,1,0.9882410168647766,0.14804500341415405,-0.038231998682022095,0,-0.12703800201416016,0.934145987033844,0.333516001701355,0,0.08508999645709991,-0.3247379958629608,0.9419689774513245,0,1.0223289728164673,9.384204864501953,0,1,0.9626970291137695,-0.2668739855289459,0.04464700073003769,0,0.1885409951210022,0.7799599766731262,0.5967530012130737,0,-0.19407999515533447,-0.566074013710022,0.801181972026825,0,0,12.017215728759766,0.170973002910614,1,0.9708759784698486,-0.22553600370883942,-0.08082800358533859,0,0.16209299862384796,0.3699190020561218,0.9148150086402893,0,-0.17642399668693542,-0.9012730121612549,0.395702987909317,0,-0.2789439857006073,14.738595008850098,0,1,0.958217978477478,-0.2672500014305115,-0.10196200013160706,0,0.21924400329589844,0.4572660028934479,0.8618810176849365,0,-0.18371400237083435,-0.8482249975204468,0.496753990650177,0,0.3595370054244995,11.803382873535156,0,1,-0.6189699769020081,-0.0529399998486042,0.783627986907959,0,0.6032530069351196,-0.6709550023078918,0.43116798996925354,0,0.5029529929161072,0.7396060228347778,0.4472370147705078,0,16.968603134155273,-10.665969848632812,0.6005799770355225,1,0.9594449996948242,-0.16172200441360474,-0.23089100420475006,0,-0.06299400329589844,0.6753519773483276,-0.7347999811172485,0,0.2747659981250763,0.7195450067520142,0.6377760171890259,0,0,64.08012390136719,0,1,0.9499899744987488,-0.19527900218963623,0.24369099736213684,0,-0.0853239968419075,0.5883529782295227,0.8040900230407715,0,-0.30039799213409424,-0.7846699953079224,0.5422679781913757,0,0,55.26921844482422,0,1,0.9798370003700256,-0.067051000893116,-0.1882140040397644,0,0.1717199981212616,0.7641729712486267,0.6217330098152161,0,0.10214000195264816,-0.6415169835090637,0.7602789998054504,0,0,36.5555305480957,0,1,-0.8942829966545105,0.3737500011920929,-0.24610799551010132,0,-0.4474950134754181,-0.7499399781227112,0.4871729910373688,0,-0.0024850000627338886,0.5458030104637146,0.837909996509552,0,-16.968603134155273,-10.665969848632812,0.47241300344467163,1,0.9925140142440796,0.05230899900197983,0.11036600172519684,0,0.06666500121355057,0.5251309871673584,-0.8484060168266296,0,-0.10233499854803085,0.8494120240211487,0.5177130103111267,0,0,64.0646743774414,0,1,0.9189559817314148,0.3941650092601776,-0.012376000173389912,0,-0.04250900074839592,0.13020700216293335,0.9905750155448914,0,0.3920620083808899,-0.9097689986228943,0.1364089995622635,0,0,55.258724212646484,0,1,0.9880110025405884,0.056435998529195786,0.14369699358940125,0,-0.13304400444030762,0.7834219932556152,0.6070820093154907,0,-0.07831399887800217,-0.6189219951629639,0.7815390229225159,0,0,36.844871520996094,0,1
