4.600,30,137,41
B0,mixamorig_Hips,-1,0.9975345134735107,-0.04629234969615936,-0.05273681879043579,0,0.0409759022295475,0.9943556189537048,-0.09763412922620773,0,0.05696234107017517,0.09523173421621323,0.9938002824783325,0,-21.81169891357422,121.11665344238281,-39.92263412475586,1
B1,mixamorig_Spine,0,0.9983279705047607,0.05402354151010513,-0.020535729825496674,0,-0.048496585339307785,0.9763230085372925,0.21080607175827026,0,0.031439222395420074,-0.20945800840854645,0.9773114919662476,0,0,19.21179962158203,-0.12080000340938568,1
B2,mixamorig_Spine1,1,0.99042147397995,0.13789725303649902,-0.00700452970340848,0,-0.11193257570266724,0.831576943397522,0.544008731842041,0,0.08084368705749512,-0.5380135178565979,0.8390477895736694,0,0,22.414199829101562,0,1
B3,mixamorig_Spine2,2,0.9892931580543518,0.14568108320236206,-0.008697379380464554,0,-0.11771261692047119,0.8317607045173645,0.5425061583518982,0,0.08626844733953476,-0.5356737971305847,0.8400042057037354,0,0,25.616199493408203,0,1
B4,mixamorig_Neck,3,0.9992834329605103,0.0342458076775074,0.01611650176346302,0,-0.03108975663781166,0.9855474829673767,-0.1665182113647461,0,-0.02158505655825138,0.1658983677625656,0.9859063625335693,0,0,28.818199157714844,0,1
B5,mixamorig_Head,4,0.9867503046989441,-0.08881379663944244,0.135732501745224,0,0.1060054749250412,0.9864499568939209,-0.12520518898963928,0,-0.12277398258447647,0.1379392445087433,0.9827953577041626,0,0,24.81220054626465,-0.20800000429153442,1
B6,mixamorig_HeadTop_End,5,1,0,0,0,0,1,0,0,0,0,1,0,0,103.31420135498047,-0.8658999800682068,1
B7,mixamorig_LeftShoulder,3,0.3586527705192566,0.05227191373705864,-0.9320027232170105,0,0.9235906600952148,-0.16469265520572662,0.34618261456489563,0,-0.1353994756937027,-0.9849537014961243,-0.10733842104673386,0,10.665499687194824,25.014400482177734,-0.09600000083446503,1
B8,mixamorig_LeftArm,7,0.11917044967412949,0.6390405297279358,0.759857177734375,0,-0.7275187373161316,0.5769921541213989,-0.3711366355419159,0,-0.6756354570388794,-0.5085743069648743,0.5337069630622864,0,0,22.733400344848633,0,1
B9,mixamorig_LeftForeArm,8,0.002204930642619729,0.9998872876167297,0.014760734513401985,0,-0.999897301197052,0.0019967921543866396,0.014108999632298946,0,0.014078150503337383,-0.014790860936045647,0.9997918605804443,0,0,53.267799377441406,0,1
B10,mixamorig_LeftHand,9,0.9457889795303345,-0.12494982033967972,-0.2997773289680481,0,0.12018327414989471,0.9921485185623169,-0.03436603024601936,0,0.3017125427722931,-0.003525116480886936,0.9533869028091431,0,0,48.94649887084961,0,1
B11,mixamorig_LeftHandThumb1,10,0.5160989761352539,0.8531216979026794,0.07586996257305145,0,-0.8317313194274902,0.4780611991882324,0.28213581442832947,0,0.20441384613513947,-0.20874738693237305,0.9563596844673157,0,-7.220099925994873,5.92080020904541,0,1
B12,mixamorig_LeftHandThumb2,11,0.8137260675430298,-0.5803805589675903,-0.02993515320122242,0,0.5766887068748474,0.8000382781028748,0.1650799810886383,0,-0.07188566029071808,-0.15158988535404205,0.9858225584030151,0,-0.19339999556541443,7.467299938201904,0,1
B13,mixamorig_LeftHandThumb3,12,0.996276319026947,-0.08614341914653778,0.002509970450773835,0,0.08614538609981537,0.9962786436080933,-0.000529574288520962,0,-0.002457805909216404,0.0007436923333443701,0.9999963045120239,0,-0.07540000230073929,10.21150016784668,0,1
B14,mixamorig_LeftHandThumb4,13,1,0,0,0,0,1,0,0,0,0,1,0,0.2687999904155731,8.708700180053711,0,1
B15,mixamorig_LeftHandIndex1,10,0.9252317547798157,0.3195593059062958,0.20450298488140106,0,-0.37928667664527893,0.766296923160553,0.5185776948928833,0,0.00900720339268446,-0.5573732852935791,0.8302129507064819,0,0,11.067999839782715,0.17139999568462372,1
B16,mixamorig_LeftHandIndex2,15,0.9991671442985535,-0.04078967496752739,0.0009401681600138545,0,0.040789537131786346,0.9991680979728699,0.00005996698382659815,0,-0.0009415546082891524,-0.000021105626728967763,1,0,0.2676999866962433,15.237099647521973,0,1
B17,mixamorig_LeftHandIndex3,16,0.9998220205307007,0.018753692507743835,-0.0020979999098926783,0,-0.018833693116903305,0.9986274242401123,-0.048866622149944305,0,0.001178277307190001,0.048897624015808105,0.9988033175468445,0,-0.27320000529289246,11.754599571228027,0,1
B18,mixamorig_LeftHandIndex4,17,1,0,0,0,0,1,0,0,0,0,1,0,0.005499999970197678,9.809100151062012,0,1
B19,mixamorig_RightShoulder,3,0.033385008573532104,-0.010393298231065273,0.9993829131126404,0,-0.980713963508606,-0.19296282529830933,0.030749987810850143,0,0.19252143800258636,-0.9811443090438843,-0.016644610092043877,0,-10.665499687194824,25.013500213623047,0.04820000007748604,1
B20,mixamorig_RightArm,19,0.02247844822704792,-0.9986290335655212,0.04463738575577736,0,0.9930415749549866,0.017091970890760422,-0.11634466797113419,0,0.11549635231494904,0.046924889087677,0.99208003282547,0,0,22.733400344848633,0,1
B21,mixamorig_RightForeArm,20,0.8893162608146667,-0.45721080899238586,-0.0018060322618111968,0,0.4572148323059082,0.8893080949783325,0.0038210938218981028,0,-0.00014155729149933904,-0.0042245895601809025,0.9999908804893494,0,0,53.26279830932617,0,1
B22,mixamorig_RightHand,21,0.9264971017837524,0.07004230469465256,0.368308424949646,0,-0.0906812772154808,0.9945882558822632,0.03651905804872513,0,-0.3633542060852051,-0.06764917075634003,0.9282150864601135,0,0,48.94879913330078,0,1
B23,mixamorig_RightHandThumb1,22,0.922431230545044,-0.3569240868091583,0.14632897078990936,0,0.2776796817779541,0.87763911485672,0.390097439289093,0,-0.2679365873336792,-0.31919142603874207,0.9089345335960388,0,8.018799781799316,6.1006999015808105,0,1
B24,mixamorig_RightHandThumb2,23,0.9993281960487366,-0.03448306396603584,-0.0002847747236955911,0,0.03446813300251961,0.9984872937202454,0.04085961729288101,0,-0.0010829304810613394,-0.04084094613790512,0.9991590976715088,0,1.1370999813079834,7.980000019073486,0,1
B25,mixamorig_RightHandThumb3,24,0.8872823715209961,-0.46071657538414,0.017732784152030945,0,0.45959582924842834,0.8806994557380676,-0.11372063308954239,0,0.0368809700012207,0.10905446112155914,0.9933170080184937,0,1.0223000049591064,9.384200096130371,0,1
B26,mixamorig_RightHandThumb4,25,1,0,0,0,0,1,0,0,0,0,1,0,-2.1594998836517334,7.527200222015381,0,1
B27,mixamorig_RightHandIndex1,22,0.969618558883667,-0.23441992700099945,-0.06933297961950302,0,0.2446107119321823,0.9288844466209412,0.27535852789878845,0,-0.00022975329193286598,-0.28395092487335205,0.9580102562904358,0,0,12.017200469970703,0.17100000381469727,1
B28,mixamorig_RightHandIndex2,27,0.9988373517990112,0.04819510132074356,-0.0012894392712041736,0,-0.04817220941185951,0.9987429976463318,0.013755877502262592,0,0.0019506316166371107,-0.013678600080311298,0.9999036192893982,0,-0.27889999747276306,14.73859977722168,0,1
B29,mixamorig_RightHandIndex3,28,0.9993903636932373,-0.034782834351062775,0.003003979567438364,0,0.03489045053720474,0.9981085062026978,-0.050567641854286194,0,-0.0012390143238008022,0.050641197711229324,0.9987141489982605,0,0.359499990940094,11.803400039672852,0,1
B30,mixamorig_RightHandIndex4,29,1,0,0,0,0,1,0,0,0,0,1,0,-0.08060000091791153,9.22070026397705,0,1
B31,mixamorig_LeftUpLeg,0,-0.9702664613723755,-0.24124617874622345,0.019529929384589195,0,0.15816068649291992,-0.5708933472633362,0.805643618106842,0,-0.18321144580841064,0.7847777605056763,0.5920758843421936,0,16.968599319458008,-10.666000366210938,0.600600004196167,1
B32,mixamorig_LeftLeg,31,0.9878560900688171,0.06598394364118576,0.14065982401371002,0,0.12334901094436646,0.21744506061077118,-0.9682130217552185,0,-0.09447314590215683,0.9738050103187561,0.20666536688804626,0,0,64.0801010131836,0,1
B33,mixamorig_LeftFoot,32,0.9655606150627136,-0.09239093959331512,0.24320201575756073,0,-0.18143345415592194,0.4308340847492218,0.8840011358261108,0,-0.18645435571670532,-0.8976890444755554,0.3992327153682709,0,0,55.26919937133789,0,1
B34,mixamorig_LeftToeBase,33,0.9934471249580383,-0.0011324570514261723,-0.11428944766521454,0,0.08024603873491287,0.7189605832099915,0.6904019117355347,0,0.08138841390609741,-0.6950487494468689,0.7143397331237793,0,0,36.55550003051758,0,1
B35,mixamorig_LeftToe_End,34,1,0,0,0,0,1,0,0,0,0,1,0,0,13.579999923706055,0,1
B36,mixamorig_RightUpLeg,0,-0.993325412273407,0.010340766049921513,-0.11488354951143265,0,-0.09353706240653992,-0.6550211310386658,0.749797523021698,0,-0.0674976259469986,0.7555382251739502,0.6516163349151611,0,-16.968599319458008,-10.666000366210938,0.4724000096321106,1
B37,mixamorig_RightLeg,36,0.996155858039856,-0.08335765451192856,0.026904743164777756,0,0.0433550626039505,0.20247969031333923,-0.9782761931419373,0,0.0760970413684845,0.97568279504776,0.2053145319223404,0,0,64.064697265625,0,1
B38,mixamorig_RightFoot,37,0.965164065361023,0.15134379267692566,-0.21343088150024414,0,0.1619798094034195,0.2949836552143097,0.9416712522506714,0,0.2054746299982071,-0.9434384703636169,0.2601930499076843,0,0,55.25870132446289,0,1
B39,mixamorig_RightToeBase,38,0.993369460105896,0.000814890896435827,0.11496030539274216,0,-0.07847104966640472,0.735602617263794,0.6728531122207642,0,-0.08401725441217422,-0.6774128079414368,0.730789065361023,0,0,36.84489822387695,0,1
B40,mixamorig_RightToe_End,39,1,0,0,0,0,1,0,0,0,0,1,0,0,13.57919979095459,0,1
@34,0,1,2,3,4,5,7,8,9,10,11,12,13,15,16,17,19,20,21,22,23,24,25,27,28,29,31,32,33,34,36,37,38,39
K0.000,0.9981560111045837,-0.026458000764250755,0.05462300032377243,0,0.02536500059068203,0.9994660019874573,0.020611999556422234,0,-0.055139001458883286,-0.019189000129699707,0.9982939958572388,0,-20.15261459350586,148.95523071289062,-0.2785069942474365,1,0.9999560117721558,0.007826000452041626,0.005154000129550695,0,-0.007615999784320593,0.999189019203186,-0.03954999893903732,0,-0.00546000013127923,0.03950899839401245,0.9992039799690247,0,0,19.21179962158203,-0.12080000340938568,1,0.9997519850730896,0.019933000206947327,0.009890999644994736,0,-0.01918499916791916,0.9973160028457642,-0.07066299766302109,0,-0.011272000148892403,0.07045599818229675,0.9974510073661804,0,0,22.414199829101562,0,1,0.9997490048408508,0.019998999312520027,0.010068000294268131,0,-0.019238999113440514,0.9973180294036865,-0.07062199711799622,0,-0.011452999897301197,0.07041099667549133,0.9974520206451416,0,0,25.616199493408203,0,1,0.9997109770774841,0.023982999846339226,-0.0017109999898821115,0,-0.02370000071823597,0.9948840141296387,0.09820900112390518,0,0.004058000165969133,-0.09814000129699707,0.9951639771461487,0,0,28.818199157714844,0,1,0.999455988407135,-0.0070420000702142715,-0.032214000821113586,0,0.008249999955296516,0.9992619752883911,0.037516999989748,0,0.031925998628139496,-0.037762999534606934,0.9987769722938538,0,0,24.81220054626465,-0.20800000429153442,1,-0.12593400478363037,0.009189999662339687,-0.9919959902763367,0,0.874875009059906,-0.4703949987888336,-0.11542300134897232,0,-0.46768999099731445,-0.8824080228805542,0.05119900032877922,0,10.665499687194824,25.014400482177734,-0.09600000083446503,1,0.7067220211029053,0.6191319823265076,-0.34237200021743774,0,-0.12591299414634705,0.5862669944763184,0.8002730011940002,0,0.696196973323822,-0.5224609971046448,0.49228501319885254,0,0,22.733400344848633,0,1,0.9998869895935059,0.015030000358819962,0.0006830000202171504,0,-0.015030000358819962,0.9998869895935059,0.0002119999990100041,0,-0.0006799999973736703,-0.00022200000239536166,1,0,0,53.267799377441406,0,1,0.9764479994773865,-0.15160700678825378,0.15351000428199768,0,0.12744799256324768,0.9794059991836548,0.15658999979496002,0,-0.1740880012512207,-0.13333700597286224,0.9756609797477722,0,0,48.94649887084961,0,1,0.8420289754867554,0.534974992275238,-0.06920500099658966,0,-0.4950760006904602,0.8173499703407288,0.2946830093860626,0,0.21421299874782562,-0.21387000381946564,0.9530860185623169,0,-7.220099925994873,5.92080020904541,0,1,0.9996619820594788,0.0246140006929636,-0.008407000452280045,0,-0.024390999227762222,0.9993699789047241,0.025766000151634216,0,0.00903599988669157,-0.02555200085043907,0.9996330142021179,0,-0.19339999556541443,7.467299938201904,0,1,0.9994620084762573,0.0327179990708828,-0.0021230001002550125,0,-0.03278699889779091,0.9976149797439575,-0.060738999396562576,0,0.00013099999341648072,0.0607759989798069,0.9981510043144226,0,-0.07540000230073929,10.21150016784668,0,1,0.9690819978713989,0.22527000308036804,0.1006689965724945,0,-0.2467000037431717,0.8772310018539429,0.41183000802993774,0,0.004463000223040581,-0.4239319860935211,0.9056829810142517,0,0,11.067999839782715,0.17139999568462372,1,0.9991670250892639,-0.040793001651763916,0.0009399999980814755,0,0.040793001651763916,0.9991679787635803,0.00003099999958067201,0,-0.0009410000056959689,0.000007000000096013537,1,0,0.2676999866962433,15.237099647521973,0,1,0.9998369812965393,0.01793600060045719,-0.002059000078588724,0,-0.01802399940788746,0.9982230067253113,-0.05679300054907799,0,0.0010369999799877405,0.05682099983096123,0.9983839988708496,0,-0.27320000529289246,11.754599571228027,0,1,0.03197700157761574,-0.02029700018465519,0.9992820024490356,0,-0.9004390239715576,-0.43452200293540955,0.01998800039291382,0,0.433804988861084,-0.9004319906234741,-0.03217099979519844,0,-10.665499687194824,25.013500213623047,0.04820000007748604,1,0.8745480179786682,-0.3919689953327179,0.2855280041694641,0,0.08052700012922287,0.6979990005493164,0.7115560173988342,0,-0.47820600867271423,-0.5992980003356934,0.6419979929924011,0,0,22.733400344848633,0,1,0.999983012676239,-0.005681000184267759,-0.000881000014487654,0,0.005681999959051609,0.9999840259552002,0.0000470000013592653,0,0.000881000014487654,-0.00005199999941396527,1,0,0,53.26279830932617,0,1,0.992887020111084,0.06321399658918381,-0.10089100152254105,0,-0.04530400037765503,0.9842560291290283,0.17084400355815887,0,0.11010199785232544,-0.16505800187587738,0.980118989944458,0,0,48.94879913330078,0,1,0.9543970227241516,-0.23706300556659698,0.18146100640296936,0,0.15834200382232666,0.9172459840774536,0.36549699306488037,0,-0.2530899941921234,-0.3200959861278534,0.9129530191421509,0,8.018799781799316,6.1006999015808105,0,1,0.999131977558136,-0.04164599999785423,-0.000455000001238659,0,0.04163200035691261,0.9983659982681274,0.03914700075984001,0,-0.0011759999906644225,-0.039131999015808105,0.9992330074310303,0,1.1370999813079834,7.980000019073486,0,1,0.8800320029258728,-0.4743480086326599,0.023209000006318092,0,0.47334998846054077,0.8721200227737427,-0.12387599796056747,0,0.0385189987719059,0.12000100314617157,0.9920259714126587,0,1.0223000049591064,9.384200096130371,0,1,0.9999279975891113,-0.011795000173151493,0.0023640000727027655,0,0.009460999630391598,0.8924180269241333,0.45111000537872314,0,-0.007430000230669975,-0.45105499029159546,0.8924649953842163,0,0,12.017200469970703,0.17100000381469727,1,0.9987800121307373,0.04934899881482124,-0.0016980000073090196,0,-0.04934899881482124,0.9987819790840149,0.00005199999941396527,0,0.001699000014923513,0.00003099999958067201,0.9999989867210388,0,-0.27889999747276306,14.73859977722168,0,1,0.9994369745254517,-0.033410001546144485,0.0030610000248998404,0,0.03353999927639961,0.9972350001335144,-0.06631200015544891,0,-0.0008370000286959112,0.06637699902057648,0.997793972492218,0,0.359499990940094,11.803400039672852,0,1,-0.9784290194511414,-0.166936993598938,0.12168800085783005,0,0.18960300087928772,-0.9595410227775574,0.2081640064716339,0,0.08201400190591812,0.22674700617790222,0.9704949855804443,0,16.968599319458008,-10.666000366210938,0.600600004196167,1,0.9897099733352661,0.0046640001237392426,0.14301399886608124,0,0.06860899925231934,0.8616170287132263,-0.502901017665863,0,-0.12556900084018707,0.5075380206108093,0.852429986000061,0,0,64.0801010131836,0,1,0.9617099761962891,-0.15760500729084015,0.22422100603580475,0,-0.1482129991054535,0.3890939950942993,0.9091969728469849,0,-0.23053699731826782,-0.9076160192489624,0.35083600878715515,0,0,55.26919937133789,0,1,0.9911059737205505,0,-0.13307499885559082,0,0.08389099687337875,0.7762690186500549,0.6247950196266174,0,0.103302001953125,-0.6304020285606384,0.7693650126457214,0,0,36.55550003051758,0,1,-0.9910839796066284,0.08889199793338776,-0.09925200045108795,0,-0.10493399947881699,-0.9797890186309814,0.17030200362205505,0,-0.08210700005292892,0.1791979968547821,0.9803810119628906,0,-16.968599319458008,-10.666000366210938,0.4724000096321106,1,0.998769998550415,0.04872100055217743,0.009166000410914421,0,-0.03929100185632706,0.8906729817390442,-0.45294299721717834,0,-0.03023199923336506,0.45202600955963135,0.8914920091629028,0,0,64.064697265625,0,1,0.9666650295257568,0.11361899971961975,-0.22945499420166016,0,0.1724179983139038,0.37366199493408203,0.9113990068435669,0,0.18929100036621094,-0.9205800294876099,0.3416149914264679,0,0,55.25870132446289,0,1,0.9915400147438049,0,0.1298000067472458,0,-0.08115699887275696,0.7804250121116638,0.6199600100517273,0,-0.10129900276660919,-0.6252490282058716,0.7738230228424072,0,0,36.84489822387695,0,1
K0.033,0.9981560111045837,-0.026819003745913506,0.054451990872621536,0,0.025720003992319107,0.9994530081748962,0.02078300341963768,0,-0.05497899278998375,-0.01934400387108326,0.9983000159263611,0,-20.142744064331055,148.94911193847656,-0.25233975052833557,1,0.9999549984931946,0.007939000613987446,0.005260002799332142,0,-0.0077240015380084515,0.9991850256919861,-0.03962200507521629,0,-0.00557000283151865,0.039580002427101135,0.9992009997367859,0,0,19.21179962158203,-0.12080000340938568,1,0.9997479915618896,0.020028002560138702,0.010133005678653717,0,-0.01926100067794323,0.9973049759864807,-0.07078801095485687,0,-0.011523005552589893,0.07057500630617142,0.997439980506897,0,0,22.414199829101562,0,1,0.9997450113296509,0.020096002146601677,0.010291005484759808,0,-0.019317999482154846,0.9973070025444031,-0.07074800878763199,0,-0.011685005389153957,0.07053101062774658,0.9974409937858582,0,0,25.616199493408203,0,1,0.9997169971466064,0.023695997893810272,-0.0020340036135166883,0,-0.023380998522043228,0.994858980178833,0.09853699803352356,0,0.004359003622084856,-0.09846100211143494,0.9951310157775879,0,0,28.818199157714844,0,1,0.9994059801101685,-0.0076630073599517345,-0.033613018691539764,0,0.008915008045732975,0.9992660284042358,0.037254996597766876,0,0.033303018659353256,-0.0375329963862896,0.998740017414093,0,0,24.81220054626465,-0.20800000429153442,1,-0.1260630041360855,0.009270001202821732,-0.9919790029525757,0,0.8744009733200073,-0.4712510108947754,-0.11552499979734421,0,-0.4685420095920563,-0.8819509744644165,0.05130099877715111,0,10.665499687194824,25.014400482177734,-0.09600000083446503,1,0.7067980170249939,0.6188539862632751,-0.34272000193595886,0,-0.12650400400161743,0.5872290134429932,0.7994740009307861,0,0.6960129737854004,-0.521710991859436,0.49333998560905457,0,0,22.733400344848633,0,1,0.9998859763145447,0.015088001266121864,0.0006830000202171504,0,-0.015088001266121864,0.9998859763145447,0.0002130000211764127,0,-0.0006799999973736703,-0.00022300001000985503,1,0,0,53.267799377441406,0,1,0.9772760272026062,-0.15052999556064606,0.14924198389053345,0,0.12694600224494934,0.9794629812240601,0.15664298832416534,0,-0.16975697875022888,-0.13413798809051514,0.9763140082359314,0,0,48.94649887084961,0,1,0.8426110148429871,0.5340110063552856,-0.06956300884485245,0,-0.494549959897995,0.8184490203857422,0.292508989572525,0,0.21313700079917908,-0.21206901967525482,0.953728973865509,0,-7.220099925994873,5.92080020904541,0,1,0.9996619820594788,0.024609999731183052,-0.008406000211834908,0,-0.024385999888181686,0.9993699789047241,0.02576800063252449,0,0.009034999646246433,-0.025553999468684196,0.9996330142021179,0,-0.19339999556541443,7.467299938201904,0,1,0.9994120001792908,0.03419699892401695,-0.0022919997572898865,0,-0.03427400067448616,0.9974949955940247,-0.061872001737356186,0,0.00017099994875025004,0.061914000660181046,0.9980810284614563,0,-0.07540000230073929,10.21150016784668,0,1,0.9690899848937988,0.22538399696350098,0.10033000260591507,0,-0.24666699767112732,0.8779640197753906,0.410286009311676,0,0.004386000335216522,-0.42235198616981506,0.9064210057258606,0,0,11.067999839782715,0.17139999568462372,1,0.9991670250892639,-0.040793001651763916,0.0009399999980814755,0,0.040793001651763916,0.9991679787635803,0.000027999949452350847,0,-0.0009410000056959689,0.000011000040103681386,1,0,0.2676999866962433,15.237099647521973,0,1,0.9998369812965393,0.017923999577760696,-0.0020580000709742308,0,-0.018012000247836113,0.998216986656189,-0.056905005127191544,0,0.001034999848343432,0.05693300440907478,0.9983770251274109,0,-0.27320000529289246,11.754599571228027,0,1,0.031877998262643814,-0.020246999338269234,0.9992870092391968,0,-0.9006350040435791,-0.43411898612976074,0.0199350006878376,0,0.4334059953689575,-0.9006279706954956,-0.03207400068640709,0,-10.665499687194824,25.013500213623047,0.04820000007748604,1,0.8742989897727966,-0.39203500747680664,0.2861979901790619,0,0.07981299608945847,0.6977149844169617,0.7119160294532776,0,-0.47878000140190125,-0.5995849967002869,0.6413009762763977,0,0,22.733400344848633,0,1,0.999983012676239,-0.005798999220132828,-0.000881000014487654,0,0.005798999220132828,0.999983012676239,0.00004899998748442158,0,0.000881000014487654,-0.00005399998917710036,1,0,0,53.26279830932617,0,1,0.9931920170783997,0.0586259663105011,-0.10065799951553345,0,-0.04109996557235718,0.9849110245704651,0.1681099832057953,0,0.1089949980378151,-0.1628289818763733,0.9806159734725952,0,0,48.94879913330078,0,1,0.9546549916267395,-0.2357349842786789,0.1818300038576126,0,0.15703898668289185,0.9176089763641357,0.3651460111141205,0,-0.2529270052909851,-0.320033997297287,0.9130200147628784,0,8.018799781799316,6.1006999015808105,0,1,0.999131977558136,-0.04164599999785423,-0.000455000001238659,0,0.04163200035691261,0.9983659982681274,0.03914700075984001,0,-0.0011759999906644225,-0.039131999015808105,0.9992330074310303,0,1.1370999813079834,7.980000019073486,0,1,0.8799440264701843,-0.47450798749923706,0.023264998570084572,0,0.4735099971294403,0.8720110058784485,-0.1240369975566864,0,0.038568999618291855,0.12016099691390991,0.9920049905776978,0,1.0223000049591064,9.384200096130371,0,1,0.9999570250511169,-0.008311972953379154,0.004188014660030603,0,0.0055129691027104855,0.8914409875869751,0.4531030058860779,0,-0.007499000523239374,-0.4530610144138336,0.8914480209350586,0,0,12.017200469970703,0.17100000381469727,1,0.9987800121307373,0.04934899881482124,-0.0016980000073090196,0,-0.04934899881482124,0.9987819790840149,0.00005199999941396527,0,0.001699000014923513,0.00003199999991920777,0.9999989867210388,0,-0.27889999747276306,14.73859977722168,0,1,0.9994369745254517,-0.03339700028300285,0.0030620000325143337,0,0.03352700173854828,0.9972259998321533,-0.06646200269460678,0,-0.000834000064060092,0.06652799993753433,0.9977840185165405,0,0.359499990940094,11.803400039672852,0,1,-0.9784049987792969,-0.167385995388031,0.12126798927783966,0,0.18997099995613098,-0.9594089984893799,0.2084369957447052,0,0.08145599067211151,0.22697299718856812,0.9704890251159668,0,16.968599319458008,-10.666000366210938,0.600600004196167,1,0.989674985408783,0.004685993772000074,0.14325200021266937,0,0.06877600401639938,0.8613579869270325,-0.5033209919929504,0,-0.12575000524520874,0.5079770088195801,0.8521419763565063,0,0,64.0801010131836,0,1,0.9617059826850891,-0.1577019989490509,0.22416900098323822,0,-0.1481650024652481,0.3889490067958832,0.909267008304596,0,-0.23058399558067322,-0.9076610207557678,0.35068899393081665,0,0,55.26919937133789,0,1,0.9911059737205505,0,-0.13307499885559082,0,0.08388999849557877,0.7762690186500549,0.6247950196266174,0,0.103302001953125,-0.6304020285606384,0.7693650126457214,0,0,36.55550003051758,0,1,-0.991087019443512,0.0886629968881607,-0.09942799806594849,0,-0.10472600162029266,-0.9798399806022644,0.1701350063085556,0,-0.08233900368213654,0.17903099954128265,0.9803919792175293,0,-16.968599319458008,-10.666000366210938,0.4724000096321106,1,0.9987580180168152,0.04891400411725044,0.009458998218178749,0,-0.03933700546622276,0.8907610177993774,-0.4527660012245178,0,-0.03057199902832508,0.45183101296424866,0.8915789723396301,0,0,64.064697265625,0,1,0.9666669964790344,0.11364299803972244,-0.229434996843338,0,0.1724119931459427,0.3735570013523102,0.9114429950714111,0,0.1892859935760498,-0.9206200242042542,0.341511994600296,0,0,55.25870132446289,0,1,0.9915400147438049,0,0.1298000067472458,0,-0.08115699887275696,0.780426025390625,0.6199589967727661,0,-0.10129900276660919,-0.6252490282058716,0.7738230228424072,0,0,36.84489822387695,0,1
K0.067,0.9981819987297058,-0.027248995378613472,0.053762007504701614,0,0.026142995804548264,0.9994339942932129,0.02116599678993225,0,-0.05430800840258598,-0.019721996039152145,0.9983289837837219,0,-20.134763717651367,148.9452362060547,-0.22720925509929657,1,0.9999520182609558,0.008076999336481094,0.005521997343748808,0,-0.007850999012589455,0.9991750121116638,-0.03983699530363083,0,-0.005839997436851263,0.03979199752211571,0.9991909861564636,0,0,19.21179962158203,-0.12080000340938568,1,0.9997400045394897,0.020139997825026512,0.01069999486207962,0,-0.019328000023961067,0.9972749948501587,-0.07120098918676376,0,-0.012104994617402554,0.07097499072551727,0.9974049925804138,0,0,22.414199829101562,0,1,0.999737024307251,0.020215997472405434,0.010860994458198547,0,-0.01939300075173378,0.9972760081291199,-0.07116099447011948,0,-0.012269994243979454,0.07093199342489243,0.997406005859375,0,0,25.616199493408203,0,1,0.9997199773788452,0.023521002382040024,-0.002415996277704835,0,-0.023167001083493233,0.9948269724845886,0.09890799969434738,0,0.004729996435344219,-0.09882500022649765,0.9950940012931824,0,0,28.818199157714844,0,1,0.9993320107460022,-0.008423992432653904,-0.03556597977876663,0,0.00973399169743061,0.9992750287055969,0.03681900352239609,0,0.03522998094558716,-0.03714100271463394,0.9986889958381653,0,0,24.81220054626465,-0.20800000429153442,1,-0.12631799280643463,0.009338999167084694,-0.9919459819793701,0,0.8739920258522034,-0.4719560146331787,-0.11574099957942963,0,-0.46923598647117615,-0.8815720081329346,0.051454998552799225,0,10.665499687194824,25.014400482177734,-0.09600000083446503,1,0.7071340084075928,0.6183890104293823,-0.342864990234375,0,-0.12717300653457642,0.5882260203361511,0.7986350059509277,0,0.6955490112304688,-0.5211390256881714,0.4945969879627228,0,0,22.733400344848633,0,1,0.9998840093612671,0.015183999203145504,0.0006830000202171504,0,-0.015183999203145504,0.9998850226402283,0.0002139999851351604,0,-0.0006799999973736703,-0.0002249999815830961,1,0,0,53.267799377441406,0,1,0.9774420261383057,-0.15020699799060822,0.1484750211238861,0,0.12693099677562714,0.9796519875526428,0.15546701848506927,0,-0.1688060164451599,-0.1331140100955963,0.9766190052032471,0,0,48.94649887084961,0,1,0.8436899781227112,0.5322480201721191,-0.06999298930168152,0,-0.49245601892471313,0.8192499876022339,0.29379698634147644,0,0.21371500194072723,-0.21340498328208923,0.9533020257949829,0,-7.220099925994873,5.92080020904541,0,1,0.9996619820594788,0.024596000090241432,-0.008406000211834908,0,-0.024372000247240067,0.9993709921836853,0.02577199973165989,0,0.00903400033712387,-0.02555900067090988,0.9996320009231567,0,-0.19339999556541443,7.467299938201904,0,1,0.9994159936904907,0.03409000113606453,-0.0022760003339499235,0,-0.034164998680353165,0.9975050091743469,-0.06177400052547455,0,0.00016500006313435733,0.06181599944829941,0.998088002204895,0,-0.07540000230073929,10.21150016784668,0,1,0.9691529870033264,0.2251249998807907,0.10030899941921234,0,-0.24642199277877808,0.8778259754180908,0.41072800755500793,0,0.004410999361425638,-0.4227760136127472,0.9062229990959167,0,0,11.067999839782715,0.17139999568462372,1,0.9991670250892639,-0.040793001651763916,0.0009410000056959689,0,0.040793001651763916,0.9991679787635803,0.000023000049623078667,0,-0.0009410000056959689,0.00001499995960330125,1,0,0.2676999866962433,15.237099647521973,0,1,0.9998379945755005,0.017873000353574753,-0.002056000055745244,0,-0.01796099916100502,0.9981899857521057,-0.057402994483709335,0,0.001026000129058957,0.057430997490882874,0.9983490109443665,0,-0.27320000529289246,11.754599571228027,0,1,0.03175399824976921,-0.020174000412225723,0.9992920160293579,0,-0.9009019732475281,-0.43356800079345703,0.019874000921845436,0,0.43285998702049255,-0.9008949995040894,-0.03194199874997139,0,-10.665499687194824,25.013500213623047,0.04820000007748604,1,0.8745110034942627,-0.3913410007953644,0.28650200366973877,0,0.0788000077009201,0.6975129842758179,0.7122259736061096,0,-0.47856199741363525,-0.6002730131149292,0.6408200263977051,0,0,22.733400344848633,0,1,0.999983012676239,-0.005717000924050808,-0.000881000014487654,0,0.005717000924050808,0.9999840259552002,0.000048000012611737475,0,0.000881000014487654,-0.00005300001066643745,1,0,0,53.26279830932617,0,1,0.9933590292930603,0.055180031806230545,-0.10095900297164917,0,-0.03779503330588341,0.9852910041809082,0.16665101051330566,0,0.10866899788379669,-0.16172800958156586,0.9808340072631836,0,0,48.94879913330078,0,1,0.9548400044441223,-0.23470701277256012,0.18219099938869476,0,0.155892014503479,0.9177529811859131,0.3652769923210144,0,-0.25293898582458496,-0.32037898898124695,0.9128959774971008,0,8.018799781799316,6.1006999015808105,0,1,0.999131977558136,-0.04164699837565422,-0.000455000001238659,0,0.04163200035691261,0.9983659982681274,0.03914700075984001,0,-0.0011759999906644225,-0.039131999015808105,0.9992330074310303,0,1.1370999813079834,7.980000019073486,0,1,0.8800269961357117,-0.47435900568962097,0.02317100204527378,0,0.4733540117740631,0.8721070289611816,-0.12396000325679779,0,0.03859400004148483,0.12005600333213806,0.9920169711112976,0,1.0223000049591064,9.384200096130371,0,1,0.9999690055847168,-0.005609027110040188,0.005611985921859741,0,0.002445030491799116,0.8907060027122498,0.45457398891448975,0,-0.007548999506980181,-0.4545460045337677,0.8906909823417664,0,0,12.017200469970703,0.17100000381469727,1,0.9987800121307373,0.04934899881482124,-0.0016980000073090196,0,-0.04934899881482124,0.9987819790840149,0.00005199999941396527,0,0.001699000014923513,0.00003199999991920777,0.9999989867210388,0,-0.27889999747276306,14.73859977722168,0,1,0.9994369745254517,-0.03340800106525421,0.0030610000248998404,0,0.03353799879550934,0.9972339868545532,-0.06633099913597107,0,-0.0008369999704882503,0.06639599800109863,0.9977930188179016,0,0.359499990940094,11.803400039672852,0,1,-0.978397011756897,-0.16805100440979004,0.12041200697422028,0,0.19047300517559052,-0.9591869711875916,0.20899799466133118,0,0.08037500828504562,0.22741800546646118,0.9704750180244446,0,16.968599319458008,-10.666000366210938,0.600600004196167,1,0.9896330237388611,0.004064006265252829,0.14356400072574615,0,0.06953999400138855,0.8610519766807556,-0.5037400126457214,0,-0.12566299736499786,0.5085009932518005,0.8518419861793518,0,0,64.0801010131836,0,1,0.9617609977722168,-0.15736299753189087,0.22416900098323822,0,-0.14837299287319183,0.38861900568008423,0.9093739986419678,0,-0.23021799325942993,-0.9078609943389893,0.35041001439094543,0,0,55.26919937133789,0,1,0.9911059737205505,0,-0.13307499885559082,0,0.08389099687337875,0.7762690186500549,0.6247959733009338,0,0.103302001953125,-0.6304020285606384,0.7693639993667603,0,0,36.55550003051758,0,1,-0.991100013256073,0.08847100287675858,-0.09946999698877335,0,-0.10451599955558777,-0.9799190163612366,0.1698099970817566,0,-0.08244899660348892,0.17869499325752258,0.9804440140724182,0,-16.968599319458008,-10.666000366210938,0.4724000096321106,1,0.9987490177154541,0.04913899675011635,0.009235002100467682,0,-0.03965599462389946,0.8910070061683655,-0.4522550106048584,0,-0.030452001839876175,0.451323002576828,0.8918409943580627,0,0,64.064697265625,0,1,0.9666690230369568,0.11366300284862518,-0.22941400110721588,0,0.1724029928445816,0.3734709918498993,0.9114800095558167,0,0.18928100168704987,-0.9206519722938538,0.3414269983768463,0,0,55.25870132446289,0,1,0.9915400147438049,0,0.12980100512504578,0,-0.08115699887275696,0.7804279923439026,0.6199560165405273,0,-0.10130000114440918,-0.6252449750900269,0.773826003074646,0,0,36.84489822387695,0,1
K0.100,0.9981909990310669,-0.027723999693989754,0.05334699898958206,0,0.02660300023853779,0.999413013458252,0.02159399911761284,0,-0.05391399934887886,-0.020136000588536263,0.9983429908752441,0,-20.133108139038086,148.94786071777344,-0.20301100611686707,1,0.9999499917030334,0.008213000372052193,0.005741999950259924,0,-0.007977999746799469,0.9991719722747803,-0.039896998554468155,0,-0.006064999848604202,0.03984899818897247,0.9991869926452637,0,0,19.21179962158203,-0.12080000340938568,1,0.9997329711914062,0.020238999277353287,0.011140000075101852,0,-0.019392000511288643,0.9972530007362366,-0.07149100303649902,0,-0.012555999681353569,0.07125599682331085,0.9973790049552917,0,0,22.414199829101562,0,1,0.9997299909591675,0.02031799964606762,0.011291000060737133,0,-0.019460000097751617,0.9972540140151978,-0.07145299762487411,0,-0.01271199993789196,0.07121399790048599,0.9973800182342529,0,0,25.616199493408203,0,1,0.9997169971466064,0.02363700047135353,-0.002598999999463558,0,-0.02326199971139431,0.9947800040245056,0.09935600310564041,0,0.004933999851346016,-0.09926699846982956,0.995048999786377,0,0,28.818199157714844,0,1,0.9992780089378357,-0.009291999973356724,-0.036827001720666885,0,0.01063700020313263,0.9992780089378357,0.036486998200416565,0,0.036462001502513885,-0.036851998418569565,0.9986550211906433,0,0,24.81220054626465,-0.20800000429153442,1,-0.12666000425815582,0.009421000257134438,-0.9919009804725647,0,0.8735929727554321,-0.47262001037597656,-0.11604200303554535,0,-0.46988600492477417,-0.8812159895896912,0.051631998270750046,0,10.665499687194824,25.014400482177734,-0.09600000083446503,1,0.7075780034065247,0.6176580190658569,-0.34326601028442383,0,-0.12711599469184875,0.5891100168228149,0.7979919910430908,0,0.6951079964637756,-0.5210070013999939,0.4953550100326538,0,0,22.733400344848633,0,1,0.9998829960823059,0.015262000262737274,0.0006830000202171504,0,-0.015262000262737274,0.9998840093612671,0.00021499999274965376,0,-0.0006799999973736703,-0.00022600000374950469,1,0,0,53.267799377441406,0,1,0.977183997631073,-0.15082499384880066,0.14954200387001038,0,0.12776300311088562,0.97986900806427,0.15340900421142578,0,-0.1696690022945404,-0.13080300390720367,0.9767820239067078,0,0,48.94649887084961,0,1,0.8444849848747253,0.5309489965438843,-0.07028000056743622,0,-0.4906260073184967,0.8195369839668274,0.29604798555374146,0,0.21478299796581268,-0.2155269980430603,0.9525840282440186,0,-7.220099925994873,5.92080020904541,0,1,0.9996619820594788,0.02460400015115738,-0.008406000211834908,0,-0.024380000308156013,0.9993709921836853,0.025769999250769615,0,0.009034999646246433,-0.02555599994957447,0.9996330142021179,0,-0.19339999556541443,7.467299938201904,0,1,0.9994720220565796,0.032419998198747635,-0.0020940001122653484,0,-0.03248700127005577,0.997639000415802,-0.060506999492645264,0,0.00012700000661425292,0.0605430006980896,0.998166024684906,0,-0.07540000230073929,10.21150016784668,0,1,0.9691010117530823,0.22507700324058533,0.10091499984264374,0,-0.2466229945421219,0.8766199946403503,0.4131760001182556,0,0.004532000049948692,-0.42529699206352234,0.9050430059432983,0,0,11.067999839782715,0.17139999568462372,1,0.9991670250892639,-0.040794000029563904,0.0009399999980814755,0,0.040794000029563904,0.9991679787635803,0.000022000000171829015,0,-0.0009410000056959689,0.000015999999959603883,1,0,0.2676999866962433,15.237099647521973,0,1,0.9998390078544617,0.01785299926996231,-0.0020550000481307507,0,-0.017940999940037727,0.998179018497467,-0.05759799852967262,0,0.0010229999898001552,0.05762600153684616,0.998337984085083,0,-0.27320000529289246,11.754599571228027,0,1,0.03185399994254112,-0.020184999331831932,0.9992889761924744,0,-0.9008910059928894,-0.4335860013961792,0.01995999924838543,0,0.43287500739097595,-0.9008859992027283,-0.031996000558137894,0,-10.665499687194824,25.013500213623047,0.04820000007748604,1,0.8749009966850281,-0.3903160095214844,0.2867079973220825,0,0.07795000076293945,0.6977750062942505,0.7120630145072937,0,-0.47798800468444824,-0.6006360054016113,0.6409090161323547,0,0,22.733400344848633,0,1,0.999983012676239,-0.005750999785959721,-0.000881000014487654,0,0.005750999785959721,0.999983012676239,0.000048000001697801054,0,0.000881000014487654,-0.000052999999752501026,1,0,0,53.26279830932617,0,1,0.9933769702911377,0.054409999400377274,-0.1012049987912178,0,-0.036977000534534454,0.9853029847145081,0.16676700115203857,0,0.10879199951887131,-0.16192099452018738,0.9807890057563782,0,0,48.94879913330078,0,1,0.9548889994621277,-0.23437300324440002,0.18236100673675537,0,0.15540799498558044,0.9176819920539856,0.36566200852394104,0,-0.2530510127544403,-0.32082700729370117,0.9127079844474792,0,8.018799781799316,6.1006999015808105,0,1,0.999131977558136,-0.04164599999785423,-0.000455000001238659,0,0.04163200035691261,0.9983659982681274,0.03914700075984001,0,-0.0011759999906644225,-0.03913100063800812,0.9992330074310303,0,1.1370999813079834,7.980000019073486,0,1,0.8801320195198059,-0.4741699993610382,0.023057999089360237,0,0.47315898537635803,0.8722350001335144,-0.12380199879407883,0,0.03859100118279457,0.11987199634313583,0.9920390248298645,0,1.0223000049591064,9.384200096130371,0,1,0.9999709725379944,-0.00446499977260828,0.006209999788552523,0,0.001151000033132732,0.8904899954795837,0.4550020098686218,0,-0.0075610000640153885,-0.4549809992313385,0.8904690146446228,0,0,12.017200469970703,0.17100000381469727,1,0.9987800121307373,0.04934899881482124,-0.0016980000073090196,0,-0.04934899881482124,0.9987819790840149,0.000052999999752501026,0,0.001699000014923513,0.00003099999958067201,0.9999989867210388,0,-0.27889999747276306,14.73859977722168,0,1,0.9994369745254517,-0.03342299908399582,0.0030610000248998404,0,0.033553000539541245,0.9972450137138367,-0.06615900248289108,0,-0.0008410000009462237,0.06622499972581863,0.9978039860725403,0,0.359499990940094,11.803400039672852,0,1,-0.978335976600647,-0.16866600513458252,0.12004200369119644,0,0.1910250037908554,-0.9589869976043701,0.20941199362277985,0,0.07979799807071686,0.2278060019016266,0.9704310297966003,0,16.968599319458008,-10.666000366210938,0.600600004196167,1,0.9896180033683777,0.0038169999606907368,0.14367400109767914,0,0.06983800232410431,0.8609300255775452,-0.5039070248603821,0,-0.12561699748039246,0.5087090134620667,0.8517249822616577,0,0,64.0801010131836,0,1,0.9617720246315002,-0.1573369950056076,0.22414100170135498,0,-0.14840400218963623,0.38843101263046265,0.9094489812850952,0,-0.23015399277210236,-0.907945990562439,0.3502329885959625,0,0,55.26919937133789,0,1,0.9911059737205505,0,-0.13307499885559082,0,0.08388999849557877,0.7762690186500549,0.6247950196266174,0,0.103302001953125,-0.6304020285606384,0.7693650126457214,0,0,36.55550003051758,0,1,-0.9911730289459229,0.08813600242137909,-0.09903699904680252,0,-0.10408300161361694,-0.9800140261650085,0.16952699422836304,0,-0.08211600035429001,0.17833900451660156,0.9805369973182678,0,-16.968599319458008,-10.666000366210938,0.4724000096321106,1,0.9987480044364929,0.04927799850702286,0.008558000437915325,0,-0.04011400043964386,0.8914080262184143,-0.4514229893684387,0,-0.029874000698328018,0.4505150020122528,0.8922690153121948,0,0,64.064697265625,0,1,0.9666730165481567,0.11352699995040894,-0.2294660061597824,0,0.1724579930305481,0.37366899847984314,0.9113889932632446,0,0.18921199440956116,-0.9205880165100098,0.34163698554039,0,0,55.25870132446289,0,1,0.9915410280227661,0,0.12979699671268463,0,-0.08115699887275696,0.7804160118103027,0.619970977306366,0,-0.10129500180482864,-0.6252610087394714,0.7738140225410461,0,0,36.84489822387695,0,1
