3.467,30,104,41
B0,mixamorig_Hips,-1,0.9399176836013794,0.08283032476902008,0.24746327102184296,0,-0.21514292061328888,0.547299861907959,0.4081847667694092,0,0.031152866780757904,-0.45376986265182495,0.5831128358840942,0,-40.5759391784668,86.87326049804688,99.24252319335938,1
B1,mixamorig_Spine,0,0.99825119972229,0.04754411429166794,-0.002675830153748393,0,-0.04731454700231552,0.9982889294624329,0.030338091775774956,0,0.0040641408413648605,-0.030652610585093498,0.9990151524543762,0,0,19.21179962158203,-0.12080000340938568,1
B2,mixamorig_Spine1,1,0.997667670249939,0.008012615144252777,-0.008733589202165604,0,-0.006869931239634752,0.9971303343772888,0.07470475137233734,0,0.009258902631700039,-0.07495231926441193,0.9948749542236328,0,0,22.414199829101562,0,1
B3,mixamorig_Spine2,2,0.9976770281791687,0.00803234614431858,-0.009605895727872849,0,-0.006875322666019201,0.9971205592155457,0.07489942759275436,0,0.010137377306818962,-0.07514265924692154,0.994875431060791,0,0,25.616199493408203,0,1
B4,mixamorig_Neck,3,0.9924986362457275,0.004499099217355251,-0.07386655360460281,0,0.02770289033651352,0.9619871377944946,0.21376265585422516,0,0.07468562573194504,-0.21279413998126984,0.9550109505653381,0,0,28.818199157714844,0,1
B5,mixamorig_Head,4,0.8400331735610962,-0.011944920755922794,-0.3077988028526306,0,-0.20613564550876617,0.862252414226532,-0.407269150018692,0,0.24289913475513458,0.47960197925567627,0.72125244140625,0,0,24.81220054626465,-0.20800000429153442,1
B6,mixamorig_HeadTop_End,5,1,0,0,0,0,1,0,0,0,0,1,0,0,103.31420135498047,-0.8658999800682068,1
B7,mixamorig_LeftShoulder,3,-0.09561610966920853,0.011629599146544933,-0.9952386617660522,0,0.8630169034004211,-0.49715766310691833,-0.08868059515953064,0,-0.49579912424087524,-0.8675680160522461,0.037554480135440826,0,10.665499687194824,25.014400482177734,-0.09600000083446503,1
B8,mixamorig_LeftArm,7,0.37886637449264526,0.46671193838119507,0.4734348952770233,0,-0.43297910690307617,0.6414856910705566,0.08974380046129227,0,-0.3177264928817749,-0.5967094302177429,0.43204817175865173,0,0,22.733400344848633,0,1
B9,mixamorig_LeftForeArm,8,0.7500882744789124,0.5808269381523132,0.004207572899758816,0,-0.5808328986167908,0.7500364780426025,0.008196080103516579,0,0.0030151689425110817,-0.00859165284782648,0.999947190284729,0,0,53.267799377441406,0,1
B10,mixamorig_LeftHand,9,0.7199140787124634,-0.0022127737756818533,-0.5827361345291138,0,0.09053302556276321,0.9866228699684143,0.03530949726700783,0,0.5846744775772095,-0.054950084537267685,0.7099744081497192,0,0,48.94649887084961,0,1
B11,mixamorig_LeftHandThumb1,10,0.9307836294174194,0.26219210028648376,-0.10982589423656464,0,-0.2330114245414734,0.9015410542488098,0.24824871122837067,0,0.13784247636795044,-0.2139989584684372,0.9544990062713623,0,-7.220099925994873,5.92080020904541,0,1
B12,mixamorig_LeftHandThumb2,11,0.9799519777297974,-0.19699351489543915,-0.029783999547362328,0,0.19891400635242462,0.9758384823799133,0.09040051698684692,0,0.011256000027060509,-0.09451251477003098,0.9954599738121033,0,-0.19339999556541443,7.467299938201904,0,1
B13,mixamorig_LeftHandThumb3,12,0.9991570115089417,-0.039965998381376266,-0.009405000135302544,0,0.039802998304367065,0.999064028263092,-0.016953999176621437,0,0.010073999874293804,0.016565514728426933,0.9998120069503784,0,-0.07540000230073929,10.21150016784668,0,1
B14,mixamorig_LeftHandThumb4,13,1,0,0,0,0,1,0,0,0,0,1,0,0.2687999904155731,8.708700180053711,0,1
B15,mixamorig_LeftHandIndex1,10,0.9989427924156189,0.03599401190876961,0.012088068760931492,0,-0.03764062002301216,0.9448551535606384,0.20588450133800507,0,0.002390473149716854,-0.20613224804401398,0.9458820819854736,0,0,11.067999839782715,0.17139999568462372,1
B16,mixamorig_LeftHandIndex2,15,0.9999330043792725,-0.01150448527187109,-0.0015205147210508585,0,0.011469000019133091,0.9596930146217346,0.2808174788951874,0,-0.001771485316567123,-0.280815988779068,0.9597600102424622,0,0.2676999866962433,15.237099647521973,0,1
B17,mixamorig_LeftHandIndex3,16,0.9992610216140747,0.03842199966311455,-0.0010710000060498714,0,-0.037882000207901,0.9891629815101624,0.141852006316185,0,0.006508999969810247,-0.14170600473880768,0.989886999130249,0,-0.27320000529289246,11.754599571228027,0,1
B18,mixamorig_LeftHandIndex4,17,1,0,0,0,0,1,0,0,0,0,1,0,0.005499999970197678,9.809100151062012,0,1
B19,mixamorig_RightShoulder,3,-0.06459974497556686,-0.0038867343682795763,0.9969180226325989,0,-0.8816955089569092,-0.4646504521369934,-0.057883426547050476,0,0.46319666504859924,-0.8843733072280884,0.02822919934988022,0,-10.665499687194824,25.013500213623047,0.04820000007748604,1
B20,mixamorig_RightArm,19,0.7570682168006897,0.10961692035198212,-0.44169482588768005,0,0.27017199993133545,0.72916179895401,0.626970648765564,0,0.3977296054363251,-0.5799310207366943,0.5361623764038086,0,0,22.733400344848633,0,1
B21,mixamorig_RightForeArm,20,0.10461769253015518,-0.5777432322502136,-0.008364505134522915,0,0.5777477622032166,0.10454901307821274,0.004828658886253834,0,-0.007391346152871847,-0.005337763577699661,0.9999307990074158,0,0,53.26279830932617,0,1
B22,mixamorig_RightHand,21,0.7514651417732239,-0.15241782367229462,0.27626296877861023,0,-0.05158432573080063,0.9223728775978088,0.10763533413410187,0,-0.22749243676662445,-0.23288241028785706,0.7305294275283813,0,0,48.94879913330078,0,1
B23,mixamorig_RightHandThumb1,22,0.9933663606643677,-0.04752930998802185,-0.10090477019548416,0,0.08196517080068588,0.9225192070007324,0.34489038586616516,0,0.07352427393198013,-0.3512350618839264,0.920894205570221,0,8.018799781799316,6.1006999015808105,0,1
B24,mixamorig_RightHandThumb2,23,0.9607200026512146,0.2673720121383667,-0.07436200231313705,0,-0.2653470039367676,0.9634780287742615,0.03607400134205818,0,0.08129200339317322,-0.014925000257790089,0.9965789914131165,0,1.1370999813079834,7.980000019073486,0,1
B25,mixamorig_RightHandThumb3,24,0.9520679712295532,-0.30275100469589233,-0.043682001531124115,0,0.2986139953136444,0.9508619904518127,-0.08179900050163269,0,0.06629999727010727,0.06483448296785355,0.9956910014152527,0,1.0223000049591064,9.384200096130371,0,1
B26,mixamorig_RightHandThumb4,25,1,0,0,0,0,1,0,0,0,0,1,0,-2.1594998836517334,7.527200222015381,0,1
B27,mixamorig_RightHandIndex1,22,0.9991922378540039,-0.03417372331023216,-0.008985058404505253,0,0.03534401208162308,0.9539430141448975,0.20221860706806183,0,-0.0024148381780833006,-0.20237812399864197,0.9547353386878967,0,0,12.017200469970703,0.17100000381469727,1
B28,mixamorig_RightHandIndex2,27,0.999871015548706,0.015644999220967293,0.003585000056773424,0,-0.015848513692617416,0.9269980192184448,0.37473100423812866,0,0.0025400000158697367,-0.37474000453948975,0.9271265268325806,0,-0.27889999747276306,14.73859977722168,0,1
B29,mixamorig_RightHandIndex3,28,0.9984549880027771,-0.0555570013821125,-0.0005910000181756914,0,0.05464800074696541,0.9800879955291748,0.19089800119400024,0,-0.010026000440120697,-0.19063599407672882,0.9816100001335144,0,0.359499990940094,11.803400039672852,0,1
B30,mixamorig_RightHandIndex4,29,1,0,0,0,0,1,0,0,0,0,1,0,-0.08060000091791153,9.22070026397705,0,1
B31,mixamorig_LeftUpLeg,0,-0.8165538907051086,-0.32228875160217285,0.38380730152130127,0,0.461282879114151,-0.8201837539672852,0.18423967063426971,0,0.212021604180336,0.3625291585922241,0.8604527115821838,0,16.968599319458008,-10.666000366210938,0.600600004196167,1
B32,mixamorig_LeftLeg,31,0.9754419326782227,-0.03111017867922783,0.15566986799240112,0,0.1489030122756958,0.7488130927085876,-0.6182604432106018,0,-0.0873020812869072,0.633323073387146,0.7338852286338806,0,0,64.0801010131836,0,1
B33,mixamorig_LeftFoot,32,0.9663019180297852,-0.05795544013381004,0.24329279363155365,0,-0.19687171280384064,0.44714537262916565,0.8630874752998352,0,-0.16347624361515045,-0.8819378614425659,0.4216342568397522,0,0,55.26919937133789,0,1
B34,mixamorig_LeftToeBase,33,0.9788758158683777,-0.01780901849269867,-0.1923002302646637,0,0.05156572908163071,0.8800449371337891,0.2889295816421509,0,0.1777491718530655,-0.2952253818511963,0.8603057861328125,0,0,36.55550003051758,0,1
B35,mixamorig_LeftToe_End,34,1,0,0,0,0,1,0,0,0,0,1,0,0,13.579999923706055,0,1
B36,mixamorig_RightUpLeg,0,-0.9657097458839417,0.19533295929431915,-0.16487480700016022,0,-0.21693195402622223,-0.9669650793075562,0.12625868618488312,0,-0.1353909969329834,0.15874424576759338,0.9777798056602478,0,-16.968599319458008,-10.666000366210938,0.4724000096321106,1
B37,mixamorig_RightLeg,36,0.9888870120048523,-0.02380051091313362,-0.08830269426107407,0,-0.03035852313041687,0.8561127185821533,-0.5136950612068176,0,0.08875041455030441,0.5089340209960938,0.8472561240196228,0,0,64.064697265625,0,1
B38,mixamorig_RightFoot,37,0.9660665392875671,0.059688739478588104,-0.23355774581432343,0,0.18729300796985626,0.44386228919029236,0.8738382458686829,0,0.15901094675064087,-0.8882824182510376,0.42158234119415283,0,0,55.25870132446289,0,1
B39,mixamorig_RightToeBase,38,0.9169679880142212,0.03964967280626297,0.3287312984466553,0,-0.010903124697506428,0.8711380958557129,0.20011110603809357,0,-0.3152419328689575,-0.20546561479568481,0.7891058325767517,0,0,36.84489822387695,0,1
B40,mixamorig_RightToe_End,39,1,0,0,0,0,1,0,0,0,0,1,0,0,13.57919979095459,0,1
@34,0,1,2,3,4,5,7,8,9,10,11,12,13,15,16,17,19,20,21,22,23,24,25,27,28,29,31,32,33,34,36,37,38,39
K0.000,0.9978200197219849,-0.012086999602615833,0.06486999988555908,0,0.014851000159978867,0.9989950060844421,-0.042295001447200775,0,-0.0642940029501915,0.04316600039601326,0.9969969987869263,0,-0.6928640007972717,148.33226013183594,0.3373720049858093,1,0.9988710284233093,0.033521998673677444,-0.03365999832749367,0,-0.03234399855136871,0.9988660216331482,0.0349389985203743,0,0.03479300066828728,-0.033810000866651535,0.9988219738006592,0,0,19.21179962158203,-0.12080000340938568,1,0.9972419738769531,0.005925000179558992,-0.0739860013127327,0,0.00013699999544769526,0.9966599941253662,0.08166799694299698,0,0.07422299683094025,-0.08145300298929214,0.993910014629364,0,0,22.414199829101562,0,1,0.9971960186958313,0.005886000115424395,-0.07460299879312515,0,0.0001849999971454963,0.9967060089111328,0.08110500127077103,0,0.07483500242233276,-0.08089099824428558,0.993910014629364,0,0,25.616199493408203,0,1,0.9994249939918518,-0.03113500028848648,0.013391000218689442,0,0.030355000868439674,0.9980270266532898,0.05496799945831299,0,-0.01507600024342537,-0.05452999845147133,0.9983980059623718,0,0,28.818199157714844,0,1,0.9944890141487122,0.048427000641822815,0.09298299998044968,0,-0.01220100000500679,0.9343559741973877,-0.35613301396369934,0,-0.10412599891424179,0.35303598642349243,0.9297969937324524,0,0,24.81220054626465,-0.20800000429153442,1,-0.10996100306510925,0.010222000069916248,-0.9938830137252808,0,0.8595449924468994,-0.5011299848556519,-0.10025300085544586,0,-0.4990899860858917,-0.8653110265731812,0.04631799831986427,0,10.665499687194824,25.014400482177734,-0.09600000083446503,1,0.9065510034561157,0.3962160050868988,0.14552399516105652,0,-0.3786050081253052,0.6108670234680176,0.6953409910202026,0,0.18660899996757507,-0.6854590177536011,0.7037919759750366,0,0,22.733400344848633,0,1,0.9404680132865906,0.33987799286842346,0.001521000056527555,0,-0.3398819863796234,0.940455973148346,0.004796000197529793,0,0.0001990000018849969,-0.005028000101447105,0.999987006187439,0,0,53.267799377441406,0,1,0.49970099329948425,0.08468899875879288,-0.8620479702949524,0,0.11091700196266174,0.9807599782943726,0.1606460064649582,0,0.8590670228004456,-0.1758909970521927,0.4806930124759674,0,0,48.94649887084961,0,1,0.9923689961433411,0.04765700176358223,-0.11372300237417221,0,-0.002983999904245138,0.9313039779663086,0.3642309904098511,0,0.1232680007815361,-0.36111199855804443,0.9243389964103699,0,-7.220099925994873,5.92080020904541,0,1,0.9799519777297974,-0.19699400663375854,-0.029783999547362328,0,0.19891400635242462,0.9758380055427551,0.09040100127458572,0,0.011256000027060509,-0.09451299905776978,0.9954599738121033,0,-0.19339999556541443,7.467299938201904,0,1,0.9991570115089417,-0.039965998381376266,-0.009405000135302544,0,0.039802998304367065,0.999064028263092,-0.016953999176621437,0,0.010073999874293804,0.016566000878810883,0.9998120069503784,0,-0.07540000230073929,10.21150016784668,0,1,0.9980069994926453,0.05938199907541275,0.021369000896811485,0,-0.06269200146198273,0.8939170241355896,0.4438270032405853,0,0.007253000047057867,-0.44428199529647827,0.8958569765090942,0,0,11.067999839782715,0.17139999568462372,1,0.9999330043792725,-0.011504000052809715,-0.001521000056527555,0,0.011469000019133091,0.9596930146217346,0.2808170020580292,0,-0.0017709999810904264,-0.280815988779068,0.9597600102424622,0,0.2676999866962433,15.237099647521973,0,1,0.9992610216140747,0.03842199966311455,-0.0010710000060498714,0,-0.037882000207901,0.9891629815101624,0.141852006316185,0,0.006508999969810247,-0.14170600473880768,0.989886999130249,0,-0.27320000529289246,11.754599571228027,0,1,-0.10741599649190903,-0.00019299999985378236,0.9942139983177185,0,-0.859453022480011,-0.5026929974555969,-0.09295400232076645,0,0.49980199337005615,-0.8644649982452393,0.05383099988102913,0,-10.665499687194824,25.013500213623047,0.04820000007748604,1,0.953902006149292,-0.22289100289344788,-0.2009740024805069,0,0.29963499307632446,0.7452880144119263,0.5956209897994995,0,0.017024999484419823,-0.6283829808235168,0.7777180075645447,0,0,22.733400344848633,0,1,0.8831530213356018,-0.46908000111579895,-0.0018579999450594187,0,0.4690839946269989,0.8831449747085571,0.003920999821275473,0,-0.0001990000018849969,-0.004333999939262867,0.9999909996986389,0,0,53.26279830932617,0,1,0.5956739783287048,-0.028900999575853348,0.8027060031890869,0,-0.35364198684692383,0.8878440260887146,0.2943980097770691,0,-0.7211859822273254,-0.4592359960079193,0.5186449885368347,0,0,48.94879913330078,0,1,0.9964169859886169,-0.034825000911951065,-0.07707799971103668,0,0.05040000006556511,0.9763069748878479,0.21043699979782104,0,0.06792300194501877,-0.21356700360774994,0.9745640158653259,0,8.018799781799316,6.1006999015808105,0,1,0.9607200026512146,0.2673720121383667,-0.07436200231313705,0,-0.2653470039367676,0.9634780287742615,0.03607400134205818,0,0.08129200339317322,-0.014925000257790089,0.9965789914131165,0,1.1370999813079834,7.980000019073486,0,1,0.9520679712295532,-0.30275100469589233,-0.043682001531124115,0,0.2986139953136444,0.9508619904518127,-0.08179900050163269,0,0.06629999727010727,0.06483399868011475,0.9956910014152527,0,1.0223000049591064,9.384200096130371,0,1,0.998553991317749,-0.05114499852061272,-0.01655600033700466,0,0.0534369982779026,0.9107710123062134,0.4094400107860565,0,-0.005861999932676554,-0.40973299741744995,0.9121869802474976,0,0,12.017200469970703,0.17100000381469727,1,0.999871015548706,0.015644999220967293,0.003585000056773424,0,-0.015848999843001366,0.9269980192184448,0.37473100423812866,0,0.0025400000158697367,-0.37474000453948975,0.9271270036697388,0,-0.27889999747276306,14.73859977722168,0,1,0.9984549880027771,-0.0555570013821125,-0.0005910000181756914,0,0.05464800074696541,0.9800879955291748,0.19089800119400024,0,-0.010026000440120697,-0.19063599407672882,0.9816100001335144,0,0.359499990940094,11.803400039672852,0,1,-0.9589329957962036,-0.23264800012111664,0.16224099695682526,0,0.2485170066356659,-0.9648659825325012,0.08528400212526321,0,0.13670000433921814,0.12210199981927872,0.9830589890480042,0,16.968599319458008,-10.666000366210938,0.600600004196167,1,0.9963369965553284,-0.08348499983549118,0.018526999279856682,0,0.08166199922561646,0.8645259737968445,-0.49590998888015747,0,0.025383999571204185,0.495606005191803,0.8681759834289551,0,0,64.0801010131836,0,1,0.965021014213562,-0.11649700254201889,0.23487000167369843,0,-0.18366600573062897,0.33888500928878784,0.9227259755134583,0,-0.1870879977941513,-0.9335880279541016,0.3056339919567108,0,0,55.26919937133789,0,1,0.9914029836654663,-0.000048999998398358,-0.13084299862384796,0,0.08355899900197983,0.769760012626648,0.6328409910202026,0,0.10068699717521667,-0.6383339762687683,0.7631459832191467,0,0,36.55550003051758,0,1,-0.976839005947113,0.15775200724601746,-0.14456799626350403,0,-0.1786540001630783,-0.9731259942054749,0.14528700709342957,0,-0.11776299774646759,0.16774900257587433,0.9787709712982178,0,-16.968599319458008,-10.666000366210938,0.4724000096321106,1,0.9987469911575317,0.0499969981610775,-0.002194999950006604,0,-0.04501599818468094,0.8783450126647949,-0.4759019911289215,0,-0.021865999326109886,0.4754050076007843,0.8794959783554077,0,0,64.064697265625,0,1,0.9632620215415955,0.14914700388908386,-0.22334100306034088,0,0.1467760056257248,0.4040679931640625,0.9028760194778442,0,0.22490599751472473,-0.9024879932403564,0.36733201146125793,0,0,55.25870132446289,0,1,0.9915440082550049,0,0.12977199256420135,0,-0.08115299791097641,0.7803450226783752,0.620061993598938,0,-0.10126599669456482,-0.6253499984741211,0.7737460136413574,0,0,36.84489822387695,0,1
K0.033,0.99795001745224,-0.014808070845901966,0.062266938388347626,0,0.017409062013030052,0.9989889860153198,-0.0414428673684597,0,-0.06159093603491783,0.042441871017217636,0.9971989989280701,0,-0.589091956615448,148.22059631347656,0.4506125748157501,1,0.9988070130348206,0.03566601872444153,-0.03335799649357796,0,-0.03453502058982849,0.9988279938697815,0.033901941031217575,0,0.03452899679541588,-0.032709941267967224,0.9988679885864258,0,0,19.21179962158203,-0.12080000340938568,1,0.9972590208053589,0.007785034831613302,-0.07358498871326447,0,-0.0019070444395765662,0.9968240261077881,0.07961887866258621,0,0.0739709883928299,-0.07926087826490402,0.9941059947013855,0,0,22.414199829101562,0,1,0.9972119927406311,0.007745034992694855,-0.074211984872818,0,-0.0018600445473566651,0.9968699812889099,0.07903788238763809,0,0.07459098845720291,-0.07867888361215591,0.9941049814224243,0,0,25.616199493408203,0,1,0.9993699789047241,-0.03269502893090248,0.013794001191854477,0,0.03190702944993973,0.9980350136756897,0.053921930491924286,0,-0.015530000440776348,-0.05344792827963829,0.998449981212616,0,0,28.818199157714844,0,1,0.9942399859428406,0.04777092486619949,0.0959399864077568,0,-0.010484891012310982,0.934229850769043,-0.35651838779449463,0,-0.10666096210479736,0.3534593880176544,0.9293488264083862,0,0,24.81220054626465,-0.20800000429153442,1,-0.10971198976039886,0.010245000943541527,-0.9939110279083252,0,0.8596159815788269,-0.5010489821434021,-0.10005299001932144,0,-0.4990229904651642,-0.8653590083122253,0.04616399481892586,0,10.665499687194824,25.014400482177734,-0.09600000083446503,1,0.9040998816490173,0.40560829639434814,0.13448065519332886,0,-0.3784239888191223,0.6137831211090088,0.6928678750991821,0,0.19849137961864471,-0.6773127317428589,0.7084131836891174,0,0,22.733400344848633,0,1,0.9388819336891174,0.3442341983318329,0.0015440010465681553,0,-0.3442382216453552,0.9388699531555176,0.004858002997934818,0,0.00022300108685158193,-0.005092002917081118,0.999987006187439,0,0,53.267799377441406,0,1,0.5180821418762207,0.08446832746267319,-0.85114985704422,0,0.11935904622077942,0.9782348871231079,0.16973243653774261,0,0.8469619154930115,-0.18952827155590057,0.496724009513855,0,0,48.94649887084961,0,1,0.9851588010787964,0.12396786361932755,-0.11871905624866486,0,-0.07241979241371155,0.9272728562355042,0.36731404066085815,0,0.15562035143375397,-0.35326483845710754,0.9224889874458313,0,-7.220099925994873,5.92080020904541,0,1,0.9799519777297974,-0.19699400663375854,-0.029783999547362328,0,0.19891400635242462,0.9758390188217163,0.09040000289678574,0,0.011256000027060509,-0.09451200067996979,0.9954599738121033,0,-0.19339999556541443,7.467299938201904,0,1,0.9991570115089417,-0.039965998381376266,-0.009405000135302544,0,0.039802998304367065,0.999064028263092,-0.016953999176621437,0,0.010073999874293804,0.016566000878810883,0.9998120069503784,0,-0.07540000230073929,10.21150016784668,0,1,0.9982270002365112,0.05633596330881119,0.019222978502511978,0,-0.05925295874476433,0.9095731973648071,0.4112966060638428,0,0.005685983691364527,-0.4117066264152527,0.9112991690635681,0,0,11.067999839782715,0.17139999568462372,1,0.9999330043792725,-0.011505000293254852,-0.0015200000489130616,0,0.011469000019133091,0.9596930146217346,0.28081798553466797,0,-0.0017719999887049198,-0.280815988779068,0.9597600102424622,0,0.2676999866962433,15.237099647521973,0,1,0.9992610216140747,0.03842199966311455,-0.0010710000060498714,0,-0.037882000207901,0.9891629815101624,0.141852006316185,0,0.006508999969810247,-0.14170700311660767,0.989886999130249,0,-0.27320000529289246,11.754599571228027,0,1,-0.10627897083759308,-0.00042300677159801126,0.9943360090255737,0,-0.8592560291290283,-0.5031939744949341,-0.09205497801303864,0,0.5003830194473267,-0.8641729950904846,0.05311497673392296,0,-10.665499687194824,25.013500213623047,0.04820000007748604,1,0.9570130705833435,-0.21907691657543182,-0.19008173048496246,0,0.28977376222610474,0.7504751086235046,0.5939849615097046,0,0.012523895129561424,-0.6235318779945374,0.7816970944404602,0,0,22.733400344848633,0,1,0.8788689374923706,-0.47705912590026855,-0.0018930005608126521,0,0.4770631194114685,0.8788599371910095,0.003987000789493322,0,-0.0002380006480962038,-0.004407001193612814,0.9999899864196777,0,0,53.26279830932617,0,1,0.6051002740859985,-0.03597013279795647,0.7953357696533203,0,-0.3620220422744751,0.8772957921028137,0.31510740518569946,0,-0.7090796828269958,-0.47860029339790344,0.5178301334381104,0,0,48.94879913330078,0,1,0.9909558892250061,-0.09614669531583786,-0.0936041921377182,0,0.11538673937320709,0.9666458368301392,0.2286541908979416,0,0.06849797070026398,-0.23738627135753632,0.9689969420433044,0,8.018799781799316,6.1006999015808105,0,1,0.9607200026512146,0.2673720121383667,-0.07436200231313705,0,-0.2653470039367676,0.9634780287742615,0.03607400134205818,0,0.08129200339317322,-0.014925000257790089,0.9965789914131165,0,1.1370999813079834,7.980000019073486,0,1,0.9520679712295532,-0.30274999141693115,-0.043682001531124115,0,0.2986139953136444,0.9508619904518127,-0.08179900050163269,0,0.06629999727010727,0.06483499705791473,0.9956910014152527,0,1.0223000049591064,9.384200096130371,0,1,0.9987710118293762,-0.047536954283714294,-0.014009973034262657,0,0.04937795177102089,0.9304451942443848,0.363090455532074,0,-0.004224983509629965,-0.3633354604244232,0.9316492080688477,0,0,12.017200469970703,0.17100000381469727,1,0.999871015548706,0.015644999220967293,0.003585000056773424,0,-0.015848999843001366,0.9269980192184448,0.37473100423812866,0,0.0025400000158697367,-0.37474000453948975,0.9271270036697388,0,-0.27889999747276306,14.73859977722168,0,1,0.9984549880027771,-0.0555570013821125,-0.0005910000181756914,0,0.05464800074696541,0.9800879955291748,0.19089800119400024,0,-0.010026000440120697,-0.19063499569892883,0.9816100001335144,0,0.359499990940094,11.803400039672852,0,1,-0.9581119418144226,-0.23600009083747864,0.1622520387172699,0,0.25209110975265503,-0.9638089537620544,0.08672911673784256,0,0.1359120011329651,0.12399914115667343,0.9829300045967102,0,16.968599319458008,-10.666000366210938,0.600600004196167,1,0.9964050054550171,-0.08275701850652695,0.018095988780260086,0,0.08071700483560562,0.862680971622467,-0.49926602840423584,0,0.02570701763033867,0.49893203377723694,0.8662599921226501,0,0,64.0801010131836,0,1,0.964605987071991,-0.12397312372922897,0.23273597657680511,0,-0.17959892749786377,0.3373680114746094,0.9240819811820984,0,-0.19307909905910492,-0.9331740140914917,0.30316200852394104,0,0,55.26919937133789,0,1,0.9913309812545776,-0.00003499977174215019,-0.1313910186290741,0,0.08364299684762955,0.7713660597801208,0.6308719515800476,0,0.10132801532745361,-0.6363919377326965,0.7646809816360474,0,0,36.55550003051758,0,1,-0.9767190217971802,0.15715292096138,-0.14602398872375488,0,-0.1782449185848236,-0.9732760190963745,0.144786074757576,0,-0.11936798691749573,0.16744406521320343,0.9786289930343628,0,-16.968599319458008,-10.666000366210938,0.4724000096321106,1,0.9986109733581543,0.05263403430581093,-0.0024000019766390324,0,-0.04736503213644028,0.8768270015716553,-0.47846800088882446,0,-0.02307901531457901,0.47791698575019836,0.8781020045280457,0,0,64.064697265625,0,1,0.963146984577179,0.14963799715042114,-0.2235090136528015,0,0.14755401015281677,0.40082693099975586,0.9041929841041565,0,0.22488997876644135,-0.9038509726524353,0.3639759421348572,0,0,55.25870132446289,0,1,0.9915440082550049,0,0.12977099418640137,0,-0.08115299791097641,0.7803419828414917,0.6200649738311768,0,-0.10126499831676483,-0.6253529787063599,0.7737439870834351,0,0,36.84489822387695,0,1
K0.067,0.9981899857521057,-0.021910930052399635,0.05601106211543083,0,0.02351393923163414,0.9993280172348022,-0.02810613252222538,0,-0.05535806342959404,0.02937212958931923,0.9980340003967285,0,-0.5805540680885315,148.10337829589844,0.806663453578949,1,0.9987459778785706,0.03758998215198517,-0.03307400271296501,0,-0.03666797652840614,0.9989330172538757,0.028064057230949402,0,0.03409400209784508,-0.026816057041287422,0.9990590214729309,0,0,19.21179962158203,-0.12080000340938568,1,0.997331976890564,0.011274965479969978,-0.07212701439857483,0,-0.006356955971568823,0.9976609945297241,0.06805611401796341,0,0.07272601127624512,-0.06741611659526825,0.9950709939002991,0,0,22.414199829101562,0,1,0.9972929954528809,0.01123096514493227,-0.07266801595687866,0,-0.006317955907434225,0.9976999759674072,0.06748311221599579,0,0.07325901836156845,-0.06684211641550064,0.9950709939002991,0,0,25.616199493408203,0,1,0.9992650151252747,-0.03573096916079521,0.01386299915611744,0,0.03504396975040436,0.9982799887657166,0.047010067850351334,0,-0.01551899965852499,-0.04649006947875023,0.9987980127334595,0,0,28.818199157714844,0,1,0.9947109818458557,0.04017407447099686,0.09453301131725311,0,0.00035889222635887563,0.9189732074737549,-0.39432060718536377,0,-0.10271503776311874,0.3922685980796814,0.9140982031822205,0,0,24.81220054626465,-0.20800000429153442,1,-0.10900300741195679,0.010383998975157738,-0.9939870238304138,0,0.8597850203514099,-0.5008649826049805,-0.09951800853013992,0,-0.49888700246810913,-0.8654630184173584,0.04566800221800804,0,10.665499687194824,25.014400482177734,-0.09600000083446503,1,0.894766092300415,0.43530771136283875,0.09950335323810577,0,-0.379599004983902,0.6241628527641296,0.6828801035881042,0,0.23515664041042328,-0.6487892866134644,0.7237218022346497,0,0,22.733400344848633,0,1,0.9315150380134583,0.3636998236179352,0.00164799892809242,0,-0.36370381712913513,0.931501030921936,0.005131997168064117,0,0.0003319989191368222,-0.005379997193813324,0.9999849796295166,0,0,53.267799377441406,0,1,0.5284048914909363,0.11744667589664459,-0.8408291339874268,0,0.12379495799541473,0.9691411256790161,0.21316556632518768,0,0.8399180769920349,-0.21672873198986053,0.4975599944591522,0,0,48.94649887084961,0,1,0.9696831703186035,0.21034613251686096,-0.1243729367852211,0,-0.15153220295906067,0.9168881177902222,0.3692619800567627,0,0.19170863926410675,-0.3392201364040375,0.9209650158882141,0,-7.220099925994873,5.92080020904541,0,1,0.9799519777297974,-0.19699400663375854,-0.029783999547362328,0,0.19891400635242462,0.9758390188217163,0.09040000289678574,0,0.011256000027060509,-0.09451200067996979,0.9954599738121033,0,-0.19339999556541443,7.467299938201904,0,1,0.9991570115089417,-0.039965998381376266,-0.009405000135302544,0,0.039802998304367065,0.999064028263092,-0.016953999176621437,0,0.010073999874293804,0.016566000878810883,0.9998120069503784,0,-0.07540000230073929,10.21150016784668,0,1,0.9984650015830994,0.052750036120414734,0.01690102182328701,0,-0.05524403974413872,0.9260468482971191,0.37334439158439636,0,0.004043016117066145,-0.37370437383651733,0.9275388121604919,0,0,11.067999839782715,0.17139999568462372,1,0.9999330043792725,-0.011505000293254852,-0.0015200000489130616,0,0.011469000019133091,0.9596930146217346,0.28081798553466797,0,-0.0017719999887049198,-0.280815988779068,0.9597600102424622,0,0.2676999866962433,15.237099647521973,0,1,0.9992610216140747,0.03842199966311455,-0.0010710000060498714,0,-0.037882000207901,0.9891629815101624,0.141852006316185,0,0.006508999969810247,-0.14170600473880768,0.989886999130249,0,-0.27320000529289246,11.754599571228027,0,1,-0.10326503217220306,-0.0010999932419508696,0.9946529865264893,0,-0.8592939972877502,-0.5035430192947388,-0.08976902067661285,0,0.5009490251541138,-0.8639699816703796,0.05105302110314369,0,-10.665499687194824,25.013500213623047,0.04820000007748604,1,0.9639109373092651,-0.2098940908908844,-0.16376927495002747,0,0.26621824502944946,0.764569878578186,0.5869940519332886,0,0.0020061044488102198,-0.6094081401824951,0.7928538918495178,0,0,22.733400344848633,0,1,0.8717130422592163,-0.49001288414001465,-0.0019529993878677487,0,0.4900168776512146,0.8717030882835388,0.00409499928355217,0,-0.00030399931711144745,-0.00452699838206172,0.9999899864196777,0,0,53.26279830932617,0,1,0.6372576951980591,-0.049415864050388336,0.7690642476081848,0,-0.3655789792537689,0.8591261506080627,0.35812658071517944,0,-0.6784203052520752,-0.5093727111816406,0.5294188857078552,0,0,48.94879913330078,0,1,0.9797191023826599,-0.16575030982494354,-0.11259781569242477,0,0.18924427032470703,0.9500851631164551,0.24804280698299408,0,0.06586402654647827,-0.2643207311630249,0.9621830582618713,0,8.018799781799316,6.1006999015808105,0,1,0.9607200026512146,0.2673720121383667,-0.07436200231313705,0,-0.2653470039367676,0.9634780287742615,0.03607400134205818,0,0.08129200339317322,-0.014925000257790089,0.9965789914131165,0,1.1370999813079834,7.980000019073486,0,1,0.9520679712295532,-0.30274999141693115,-0.043682001531124115,0,0.2986139953136444,0.9508619904518127,-0.08179900050163269,0,0.06629999727010727,0.06483499705791473,0.9956910014152527,0,1.0223000049591064,9.384200096130371,0,1,0.9990000128746033,-0.043249040842056274,-0.011319027282297611,0,0.0446290485560894,0.9500707983970642,0.3088255226612091,0,-0.002603016095235944,-0.309021532535553,0.9510518312454224,0,0,12.017200469970703,0.17100000381469727,1,0.999871015548706,0.015644999220967293,0.003585000056773424,0,-0.015848999843001366,0.9269980192184448,0.37473100423812866,0,0.0025390000082552433,-0.37474000453948975,0.9271270036697388,0,-0.27889999747276306,14.73859977722168,0,1,0.9984549880027771,-0.0555570013821125,-0.0005910000181756914,0,0.05464800074696541,0.9800869822502136,0.19089800119400024,0,-0.010026000440120697,-0.19063599407672882,0.9816100001335144,0,0.359499990940094,11.803400039672852,0,1,-0.9551219940185547,-0.24480290710926056,0.16676995158195496,0,0.2632448673248291,-0.9596370458602905,0.09898888319730759,0,0.13580599427223206,0.1384478509426117,0.9810140132904053,0,16.968599319458008,-10.666000366210938,0.600600004196167,1,0.9963229894638062,-0.08397698402404785,0.01701001077890396,0,0.08116699010133743,0.8614280223846436,-0.5013520121574402,0,0.0274489838629961,0.500889003276825,0.8650760054588318,0,0,64.0801010131836,0,1,0.9637020230293274,-0.13687586784362793,0.22922302782535553,0,-0.17207907140254974,0.3379899859428406,0.9252849817276001,0,-0.20412389934062958,-0.9311429858207703,0.30216801166534424,0,0,55.26919937133789,0,1,0.9911929965019226,-0.000012000228707620408,-0.13242298364639282,0,0.08379600197076797,0.7743749618530273,0.6271530389785767,0,0.10253698378801346,-0.6327260732650757,0.7675570249557495,0,0,36.55550003051758,0,1,-0.9781659841537476,0.14962106943130493,-0.14423900842666626,0,-0.17138507962226868,-0.9733099937438965,0.15262892842292786,0,-0.1175520122051239,0.17401693761348724,0.9777010083198547,0,-16.968599319458008,-10.666000366210938,0.4724000096321106,1,0.998420000076294,0.05612696707248688,-0.0025869980454444885,0,-0.05053697153925896,0.8769530057907104,-0.4779120087623596,0,-0.024554984644055367,0.47728800773620605,0.8784040212631226,0,0,64.064697265625,0,1,0.9630230069160461,0.14914299547672272,-0.2243719846010208,0,0.14969298243522644,0.39622506499290466,0.9058679938316345,0,0.22400601208209991,-0.9059590101242065,0.3592490553855896,0,0,55.25870132446289,0,1,0.9915440082550049,0,0.12976999580860138,0,-0.08115299791097641,0.7803400158882141,0.6200680136680603,0,-0.10126399993896484,-0.6253560185432434,0.7737410068511963,0,0,36.84489822387695,0,1
K0.100,0.9986159801483154,-0.03076699934899807,0.04265600070357323,0,0.03171300143003464,0.9992619752883911,-0.021689999848604202,0,-0.04195699840784073,0.02301199920475483,0.9988539814949036,0,-0.8219220042228699,148.0084991455078,1.840919017791748,1,0.9986720085144043,0.04077799990773201,-0.03148699924349785,0,-0.04019299894571304,0.9990109801292419,0.019006000831723213,0,0.03223099932074547,-0.017714999616146088,0.9993230104446411,0,0,19.21179962158203,-0.12080000340938568,1,0.9974899888038635,0.017702000215649605,-0.0685570016503334,0,-0.014279999770224094,0.9986429810523987,0.05009099841117859,0,0.06935100257396698,-0.048987001180648804,0.9963889718055725,0,0,22.414199829101562,0,1,0.9974629878997803,0.017660999670624733,-0.06895799934864044,0,-0.01425699982792139,0.9986699819564819,0.04954800009727478,0,0.06974200159311295,-0.04843899980187416,0.9963880181312561,0,0,25.616199493408203,0,1,0.9990879893302917,-0.040720000863075256,0.012829000130295753,0,0.04029199853539467,0.9986739754676819,0.032058000564575195,0,-0.01411799993366003,-0.031511999666690826,0.9994040131568909,0,0,28.818199157714844,0,1,0.9962049722671509,0.02585200034081936,0.08310700207948685,0,0.01986199989914894,0.8621479868888855,-0.5062670111656189,0,-0.08473899960517883,0.5059970021247864,0.8583629727363586,0,0,24.81220054626465,-0.20800000429153442,1,-0.10814999788999557,0.010533000342547894,-0.9940789937973022,0,0.8600460290908813,-0.5005450248718262,-0.09887100011110306,0,-0.49862200021743774,-0.86564701795578,0.04507499933242798,0,10.665499687194824,25.014400482177734,-0.09600000083446503,1,0.874530017375946,0.4839330017566681,0.0317390039563179,0,-0.38078099489212036,0.6446449756622314,0.6629019975662231,0,0.300339013338089,-0.5918130278587341,0.7480329871177673,0,0,22.733400344848633,0,1,0.9147440195083618,0.4040290117263794,0.0018850000342354178,0,-0.40403300523757935,0.914726972579956,0.005700999870896339,0,0.0005799999926239252,-0.00597700010985136,0.9999819993972778,0,0,53.267799377441406,0,1,0.5221880078315735,0.19603900611400604,-0.8299930095672607,0,0.10350500047206879,0.9514589905738831,0.2898479998111725,0,0.846526026725769,-0.2372640073299408,0.47655001282691956,0,0,48.94649887084961,0,1,0.9461349844932556,0.29642701148986816,-0.13023200631141663,0,-0.2311210036277771,0.9000279903411865,0.369502991437912,0,0.22674299776554108,-0.31949999928474426,0.920058012008667,0,-7.220099925994873,5.92080020904541,0,1,0.9799519777297974,-0.19699400663375854,-0.029783999547362328,0,0.19891400635242462,0.9758390188217163,0.09040000289678574,0,0.011256000027060509,-0.09451299905776978,0.9954599738121033,0,-0.19339999556541443,7.467299938201904,0,1,0.9991570115089417,-0.03996700048446655,-0.009405000135302544,0,0.039802998304367065,0.999064028263092,-0.016953999176621437,0,0.010073999874293804,0.016566000878810883,0.9998120069503784,0,-0.07540000230073929,10.21150016784668,0,1,0.9986910223960876,0.04899999871850014,0.014688000082969666,0,-0.05109100043773651,0.9411860108375549,0.3340040147304535,0,0.0025420000310987234,-0.33431699872016907,0.9424570202827454,0,0,11.067999839782715,0.17139999568462372,1,0.9999330043792725,-0.011504000052809715,-0.0015200000489130616,0,0.011467999778687954,0.9596930146217346,0.28081798553466797,0,-0.0017719999887049198,-0.280815988779068,0.9597600102424622,0,0.2676999866962433,15.237099647521973,0,1,0.9992610216140747,0.03842199966311455,-0.0010710000060498714,0,-0.037882000207901,0.9891629815101624,0.141852006316185,0,0.0065100002102553844,-0.14170600473880768,0.989886999130249,0,-0.27320000529289246,11.754599571228027,0,1,-0.10017400234937668,-0.001803999999538064,0.9949679970741272,0,-0.8594080209732056,-0.5037580132484436,-0.08743999898433685,0,0.501380980014801,-0.8638430237770081,0.04891299828886986,0,-10.665499687194824,25.013500213623047,0.04820000007748604,1,0.9718400239944458,-0.20198099315166473,-0.1213729977607727,0,0.23483900725841522,0.7876459956169128,0.569616973400116,0,-0.019452998414635658,-0.5820800065994263,0.8128989934921265,0,0,22.733400344848633,0,1,0.8615289926528931,-0.5077040195465088,-0.0020389999262988567,0,0.5077080130577087,0.8615189790725708,0.004242999944835901,0,-0.0003980000037699938,-0.004689999856054783,0.9999889731407166,0,0,53.26279830932617,0,1,0.695235013961792,-0.060304999351501465,0.7162479758262634,0,-0.35078999400138855,0.841280996799469,0.4113300144672394,0,-0.6273710131645203,-0.5372239947319031,0.5637339949607849,0,0,48.94879913330078,0,1,0.9628679752349854,-0.2355549931526184,-0.1319040060043335,0,0.26330700516700745,0.9272710084915161,0.2661530077457428,0,0.05961700156331062,-0.29100099205970764,0.9548630118370056,0,8.018799781799316,6.1006999015808105,0,1,0.9607200026512146,0.2673720121383667,-0.07436300069093704,0,-0.2653470039367676,0.9634780287742615,0.03607400134205818,0,0.08129200339317322,-0.014925000257790089,0.9965789914131165,0,1.1370999813079834,7.980000019073486,0,1,0.9520679712295532,-0.30274999141693115,-0.043682001531124115,0,0.2986139953136444,0.9508619904518127,-0.08179900050163269,0,0.06629999727010727,0.06483399868011475,0.9956910014152527,0,1.0223000049591064,9.384200096130371,0,1,0.9992110133171082,-0.038725998252630234,-0.008834999985992908,0,0.039701998233795166,0.9667930006980896,0.25245898962020874,0,-0.0012350000906735659,-0.2526110112667084,0.9675670266151428,0,0,12.017200469970703,0.17100000381469727,1,0.999871015548706,0.015644999220967293,0.003585000056773424,0,-0.01584799960255623,0.9269980192184448,0.37473100423812866,0,0.0025390000082552433,-0.37474000453948975,0.9271270036697388,0,-0.27889999747276306,14.73859977722168,0,1,0.9984549880027771,-0.0555570013821125,-0.0005910000181756914,0,0.05464800074696541,0.9800879955291748,0.19089800119400024,0,-0.010026000440120697,-0.19063599407672882,0.9816100001335144,0,0.359499990940094,11.803400039672852,0,1,-0.949006974697113,-0.2621380090713501,0.17512699961662292,0,0.2812879979610443,-0.9549170136451721,0.09492799639701843,0,0.1423480063676834,0.13934899866580963,0.9799590110778809,0,16.968599319458008,-10.666000366210938,0.600600004196167,1,0.9958720207214355,-0.08950500190258026,0.01512600015848875,0,0.08526799827814102,0.8652380108833313,-0.4940580129623413,0,0.031132999807596207,0.49330800771713257,0.8692970275878906,0,0,64.0801010131836,0,1,0.9622079730033875,-0.15333299338817596,0.22504499554634094,0,-0.16193599998950958,0.3422339856624603,0.9255549907684326,0,-0.2189359962940216,-0.9270200133323669,0.3044700026512146,0,0,55.26919937133789,0,1,0.9911090135574341,0,-0.13304899632930756,0,0.0838870033621788,0.7761939764022827,0.624888002872467,0,0.10327199846506119,-0.6304939985275269,0.769294023513794,0,0,36.55550003051758,0,1,-0.9799370169639587,0.1402300000190735,-0.14163100719451904,0,-0.1604820042848587,-0.9765560030937195,0.14347399771213531,0,-0.11819099634885788,0.1633239984512329,0.97946697473526,0,-16.968599319458008,-10.666000366210938,0.4724000096321106,1,0.9981840252876282,0.060173001140356064,-0.0029539999086409807,0,-0.05438699945807457,0.878940999507904,-0.47381898760795593,0,-0.025915000587701797,0.47311899065971375,0.8806170225143433,0,0,64.064697265625,0,1,0.9630380272865295,0.14764000475406647,-0.22530099749565125,0,0.15382899343967438,0.3851650059223175,0.9099360108375549,0,0.22112099826335907,-0.9109609723091125,0.34821799397468567,0,0,55.25870132446289,0,1,0.9915410280227661,0,0.12979699671268463,0,-0.08115699887275696,0.7804179787635803,0.6199690103530884,0,-0.10129600018262863,-0.6252589821815491,0.7738159894943237,0,0,36.84489822387695,0,1
