1.667,30,50,41
B0,mixamorig_Hips,-1,0.6336641311645508,0.06412705034017563,0.7709422707557678,0,0.03716240078210831,0.99288409948349,-0.11312960088253021,0,-0.7727102041244507,0.10033746808767319,0.626772403717041,0,4.320974826812744,132.1519012451172,-6.689096450805664,1
B1,mixamorig_Spine,0,0.9973194003105164,-0.027956020087003708,-0.06745339930057526,0,0.03755040466785431,0.9886482357978821,0.14547404646873474,0,0.06262066960334778,-0.14761234819889069,0.9870496988296509,0,0,19.21179962158203,-0.12080000340938568,1
B2,mixamorig_Spine1,1,0.9982292056083679,-0.05359622836112976,-0.025623060762882233,0,0.05692494288086891,0.986283540725708,0.1546325385570526,0,0.016955001279711723,-0.15581753849983215,0.9875980615615845,0,0,22.414199829101562,0,1
B3,mixamorig_Spine2,2,0.9982397556304932,-0.053438834846019745,-0.025514088571071625,0,0.05675440654158592,0.9862741827964783,0.1547560840845108,0,0.016865739598870277,-0.1559315323829651,0.9875814914703369,0,0,25.616199493408203,0,1
B4,mixamorig_Neck,3,0.9912158250808716,0.03931957483291626,-0.1260211318731308,0,-0.027557428926229477,0.9951461553573608,0.09416265785694122,0,0.1290932297706604,-0.08984404802322388,0.9874992966651917,0,0,28.818199157714844,0,1
B5,mixamorig_Head,4,0.8574422001838684,-0.08154843002557755,-0.5079414248466492,0,0.09446290880441666,0.9954991340637207,-0.0002586417831480503,0,0.505711555480957,-0.047821659594774246,0.8612985014915466,0,0,24.81220054626465,-0.20800000429153442,1
B6,mixamorig_HeadTop_End,5,1,0,0,0,0,1,0,0,0,0,1,0,0,103.31420135498047,-0.8658999800682068,1
B7,mixamorig_LeftShoulder,3,0.036085646599531174,-0.020693255588412285,-0.9990943670272827,0,0.9373944997787476,-0.34567785263061523,0.04101403430104256,0,-0.3462471663951874,-0.9380980134010315,0.006977389566600323,0,10.665499687194824,25.014400482177734,-0.09600000083446503,1
B8,mixamorig_LeftArm,7,0.7655876278877258,0.12155112624168396,0.6315368413925171,0,-0.4500594139099121,0.8028479814529419,0.39093247056007385,0,-0.45946621894836426,-0.5835931897163391,0.6693586707115173,0,0,22.733400344848633,0,1
B9,mixamorig_LeftForeArm,8,-0.3338821232318878,0.9424068331718445,0.01950361765921116,0,-0.9424158334732056,-0.334160715341568,0.013298176229000092,0,0.019049469381570816,-0.013940606266260147,0.9997214078903198,0,0,53.267799377441406,0,1
B10,mixamorig_LeftHand,9,0.9851487874984741,0.09983669221401215,-0.13886302709579468,0,-0.0807950347661972,0.9873558878898621,0.13604986667633057,0,0.15073448419570923,-0.1227174773812294,0.9808134436607361,0,0,48.94649887084961,0,1
B11,mixamorig_LeftHandThumb1,10,0.6750320196151733,0.7356939911842346,0.05555000156164169,0,-0.7084749937057495,0.6253600120544434,0.3270910084247589,0,0.20590099692344666,-0.26015299558639526,0.9433590173721313,0,-7.220099925994873,5.92080020904541,0,1
B12,mixamorig_LeftHandThumb2,11,0.7473649978637695,-0.6623830199241638,0.05190899968147278,0,0.6391354203224182,0.7380790114402771,0.21620799601078033,0,-0.18152500689029694,-0.1284089982509613,0.9749664068222046,0,-0.19339999556541443,7.467299938201904,0,1
B13,mixamorig_LeftHandThumb3,12,0.9405689835548401,-0.3177120089530945,-0.11995299905538559,0,0.2627680003643036,0.9046159982681274,-0.3355939984321594,0,0.21513399481773376,0.28412899374961853,0.9343379735946655,0,-0.07540000230073929,10.21150016784668,0,1
B14,mixamorig_LeftHandThumb4,13,1,0,0,0,0,1,0,0,0,0,1,0,0.2687999904155731,8.708700180053711,0,1
B15,mixamorig_LeftHandIndex1,10,0.9906569719314575,0.11091043055057526,0.07935500144958496,0,-0.1339779943227768,0.6828740239143372,0.718146026134491,0,0.025459999218583107,-0.7220680117607117,0.6913535594940186,0,0,11.067999839782715,0.17139999568462372,1
B16,mixamorig_LeftHandIndex2,15,0.9907690286636353,0.10009299963712692,0.09142500162124634,0,-0.09562399983406067,0.03797256946563721,0.9946929812431335,0,0.09608999639749527,-0.9942529797554016,0.047192998230457306,0,0.2676999866962433,15.237099647521973,0,1
B17,mixamorig_LeftHandIndex3,16,0.9922009706497192,0.11713100224733353,0.0426269993185997,0,-0.10715000331401825,0.62677401304245,0.7717990279197693,0,0.06368499994277954,-0.770346999168396,0.6344360113143921,0,-0.27320000529289246,11.754599571228027,0,1
B18,mixamorig_LeftHandIndex4,17,1,0,0,0,0,1,0,0,0,0,1,0,0.005499999970197678,9.809100151062012,0,1
B19,mixamorig_RightShoulder,3,0.3568563759326935,-0.12658609449863434,0.9254778027534485,0,-0.8917405009269714,-0.34120139479637146,0.2971327006816864,0,0.27810898423194885,-0.9313919544219971,-0.23467858135700226,0,-10.665499687194824,25.013500213623047,0.04820000007748604,1
B20,mixamorig_RightArm,19,0.5130527019500732,-0.726101279258728,-0.45769596099853516,0,0.8580252528190613,0.44265371561050415,0.259242981672287,0,0.014466926455497742,-0.5258255004882812,0.8500902652740479,0,0,22.733400344848633,0,1
B21,mixamorig_RightForeArm,20,-0.2558005452156067,-0.9666582345962524,-0.01137680932879448,0,0.9666658043861389,-0.2558977007865906,0.008079154416918755,0,-0.010720660910010338,-0.008931014686822891,0.9999024271965027,0,0,53.26279830932617,0,1
B22,mixamorig_RightHand,21,0.9394896626472473,-0.33299487829208374,-0.07966285943984985,0,0.33998528122901917,0.9349907636642456,0.10098408907651901,0,0.0408511608839035,-0.12196855992078781,0.9916273355484009,0,0,48.94879913330078,0,1
B23,mixamorig_RightHandThumb1,22,0.7282879948616028,-0.6848719716072083,-0.023382000625133514,0,0.6525499820709229,0.6826919913291931,0.3287999927997589,0,-0.20922400057315826,-0.25471898913383484,0.9441099762916565,0,8.018799781799316,6.1006999015808105,0,1
B24,mixamorig_RightHandThumb2,23,0.7336440086364746,0.6779639720916748,-0.046167999505996704,0,-0.654187023639679,0.7230290174484253,0.2219640016555786,0,0.18386399745941162,-0.13264000415802002,0.9739609956741333,0,1.1370999813079834,7.980000019073486,0,1
B25,mixamorig_RightHandThumb3,24,0.9854789972305298,0.08029600232839584,0.14960899949073792,0,-0.033139001578092575,0.955128014087677,-0.29433301091194153,0,-0.16652999818325043,0.2851009964942932,0.9439200162887573,0,1.0223000049591064,9.384200096130371,0,1
B26,mixamorig_RightHandThumb4,25,1,0,0,0,0,1,0,0,0,0,1,0,-2.1594998836517334,7.527200222015381,0,1
B27,mixamorig_RightHandIndex1,22,0.9900410175323486,-0.11685299873352051,-0.07851800322532654,0,0.13791599869728088,0.6930474042892456,0.70757657289505,0,-0.028265999630093575,-0.7113580107688904,0.7022609710693359,0,0,12.017200469970703,0.17100000381469727,1
B28,mixamorig_RightHandIndex2,27,0.9905409812927246,-0.10366100072860718,-0.08990400284528732,0,0.09437800198793411,0.03908243030309677,0.9947689771652222,0,-0.0996050015091896,-0.9938449859619141,0.04849642887711525,0,-0.27889999747276306,14.73859977722168,0,1
B29,mixamorig_RightHandIndex3,28,0.9897249937057495,-0.1337680071592331,-0.05050500109791756,0,0.12378299981355667,0.6247869729995728,0.770920991897583,0,-0.0715700015425682,-0.7692509889602661,0.6349250078201294,0,0.359499990940094,11.803400039672852,0,1
B30,mixamorig_RightHandIndex4,29,1,0,0,0,0,1,0,0,0,0,1,0,-0.08060000091791153,9.22070026397705,0,1
B31,mixamorig_LeftUpLeg,0,-0.9250615239143372,-0.2312292456626892,0.30129823088645935,0,0.3410348892211914,-0.8548761010169983,0.3909933269023895,0,0.1671626716852188,0.46445491909980774,0.869672417640686,0,16.968599319458008,-10.666000366210938,0.600600004196167,1
B32,mixamorig_LeftLeg,31,0.996142566204071,-0.044538162648677826,-0.07557567209005356,0,-0.04181325063109398,0.516255259513855,-0.8553701043128967,0,0.07713104039430618,0.8552337884902954,0.512402355670929,0,0,64.0801010131836,0,1
B33,mixamorig_LeftFoot,32,0.9686328172683716,-0.2482023537158966,-0.011933806352317333,0,0.07746225595474243,0.25590428709983826,0.9635428786277771,0,-0.23610492050647736,-0.9342424869537354,0.2671024799346924,0,0,55.26919937133789,0,1
B34,mixamorig_LeftToeBase,33,0.9919108748435974,-0.00018999999156221747,-0.12693627178668976,0,0.08291228115558624,0.758172333240509,0.6467614769935608,0,0.09611697494983673,-0.6520540714263916,0.7520552277565002,0,0,36.55550003051758,0,1
B35,mixamorig_LeftToe_End,34,1,0,0,0,0,1,0,0,0,0,1,0,0,13.579999923706055,0,1
B36,mixamorig_RightUpLeg,0,-0.8678078055381775,0.38093623518943787,-0.31902965903282166,0,-0.47270360589027405,-0.8307589888572693,0.29386457800865173,0,-0.15310950577259064,0.4058397114276886,0.9010185599327087,0,-16.968599319458008,-10.666000366210938,0.4724000096321106,1
B37,mixamorig_RightLeg,36,0.9969742894172668,-0.0773232951760292,0.004681770224124193,0,0.037491146475076675,0.42867377400398254,-0.9026752710342407,0,0.06778789311647415,0.9001215696334839,0.4302956461906433,0,0,64.064697265625,0,1
B38,mixamorig_RightFoot,37,0.9113574028015137,0.37734872102737427,-0.16410651803016663,0,0.1075029969215393,0.16659832000732422,0.9801096320152283,0,0.3972129821777344,-0.9109330773353577,0.11131906509399414,0,0,55.25870132446289,0,1
B39,mixamorig_RightToeBase,38,0.9917810559272766,0.00004658455873141065,0.12794508039951324,0,-0.08088864386081696,0.7750211358070374,0.6267366409301758,0,-0.09913128614425659,-0.6319343447685242,0.7686548829078674,0,0,36.84489822387695,0,1
B40,mixamorig_RightToe_End,39,1,0,0,0,0,1,0,0,0,0,1,0,0,13.57919979095459,0,1
@34,0,1,2,3,4,5,7,8,9,10,11,12,13,15,16,17,19,20,21,22,23,24,25,27,28,29,31,32,33,34,36,37,38,39
K0.000,0.692205011844635,0.06362400203943253,0.7188910245895386,0,0.0029639999847859144,0.9958469867706299,-0.09098900109529495,0,-0.7216950058937073,0.06511399894952774,0.6891419887542725,0,0.612375020980835,130.29541015625,-0.8881000280380249,1,0.9918230175971985,-0.007191999815404415,-0.12742100656032562,0,0.027014000341296196,0.9876189827919006,0.1545269936323166,0,0.12473200261592865,-0.15670600533485413,0.9797369837760925,0,0,19.21179962158203,-0.12080000340938568,1,0.9997230172157288,-0.015196000225841999,-0.017967000603675842,0,0.015869000926613808,0.9991559982299805,0.03789300099015236,0,0.017376000061631203,-0.03816799819469452,0.9991199970245361,0,0,22.414199829101562,0,1,0.9997310042381287,-0.014822999946773052,-0.017829999327659607,0,0.015495000407099724,0.9991509914398193,0.03816499933600426,0,0.01724899932742119,-0.03843099996447563,0.9991120100021362,0,0,25.616199493408203,0,1,0.9704440236091614,0.08089999854564667,-0.2273620069026947,0,-0.07703500241041183,0.996694028377533,0.025837000459432602,0,0.22869999706745148,-0.007557999808341265,0.973468005657196,0,0,28.818199157714844,0,1,0.9364269971847534,-0.017903000116348267,-0.3504059910774231,0,0.06762100011110306,0.9891830086708069,0.130171999335289,0,0.3442850112915039,-0.14559100568294525,0.9275079965591431,0,0,24.81220054626465,-0.20800000429153442,1,-0.07154099643230438,0.02064099907875061,-0.997223973274231,0,0.8889229893684387,-0.45218101143836975,-0.0731310024857521,0,-0.4524349868297577,-0.8916869759559631,0.014000999741256237,0,10.665499687194824,25.014400482177734,-0.09600000083446503,1,0.591152012348175,0.1652590036392212,0.7894480228424072,0,-0.5993099808692932,0.7450439929962158,0.29280900955200195,0,-0.5397840142250061,-0.64621901512146,0.5394759774208069,0,0,22.733400344848633,0,1,-0.2813720107078552,0.9594150185585022,0.018761999905109406,0,-0.9594249725341797,-0.2816390097141266,0.013538000173866749,0,0.018272999674081802,-0.014192000031471252,0.9997320175170898,0,0,53.267799377441406,0,1,0.946120023727417,0.19109000265598297,-0.2614220082759857,0,-0.11996600031852722,0.9567149877548218,0.2651509940624237,0,0.3007740080356598,-0.2195030003786087,0.9280909895896912,0,0,48.94649887084961,0,1,0.6750320196151733,0.7356939911842346,0.05555000156164169,0,-0.7084749937057495,0.6253600120544434,0.3270910084247589,0,0.20589999854564667,-0.26015299558639526,0.9433590173721313,0,-7.220099925994873,5.92080020904541,0,1,0.7473649978637695,-0.6623830199241638,0.05190899968147278,0,0.6391350030899048,0.7380790114402771,0.21620699763298035,0,-0.18152500689029694,-0.1284089982509613,0.9749670028686523,0,-0.19339999556541443,7.467299938201904,0,1,0.9405689835548401,-0.3177120089530945,-0.11995299905538559,0,0.26276901364326477,0.9046159982681274,-0.3355939984321594,0,0.21513399481773376,0.28412899374961853,0.9343379735946655,0,-0.07540000230073929,10.21150016784668,0,1,0.9906569719314575,0.11090999841690063,0.07935500144958496,0,-0.1339779943227768,0.6828740239143372,0.718146026134491,0,0.025459999218583107,-0.7220680117607117,0.691353976726532,0,0,11.067999839782715,0.17139999568462372,1,0.9907690286636353,0.10009299963712692,0.09142500162124634,0,-0.09562399983406067,0.03797300159931183,0.9946929812431335,0,0.09608999639749527,-0.9942529797554016,0.047192998230457306,0,0.2676999866962433,15.237099647521973,0,1,0.9922009706497192,0.11713100224733353,0.0426269993185997,0,-0.10715000331401825,0.62677401304245,0.7717990279197693,0,0.06368499994277954,-0.770346999168396,0.6344360113143921,0,-0.27320000529289246,11.754599571228027,0,1,0.2304610013961792,-0.05192200094461441,0.9716950058937073,0,-0.9478780031204224,-0.23777799308300018,0.21210700273513794,0,0.22003500163555145,-0.9699310064315796,-0.10401400178670883,0,-10.665499687194824,25.013500213623047,0.04820000007748604,1,0.5949900150299072,-0.6343299746513367,-0.4935699999332428,0,0.7765510082244873,0.29534900188446045,0.5565400123596191,0,-0.20725500583648682,-0.7144190073013306,0.6683200001716614,0,0,22.733400344848633,0,1,-0.2753419876098633,-0.9612770080566406,-0.011540000326931477,0,0.9612849950790405,-0.2754409909248352,0.008034000173211098,0,-0.01090100035071373,-0.008880999870598316,0.9999009966850281,0,0,53.26279830932617,0,1,0.9425770044326782,-0.3250559866428375,0.07672400027513504,0,0.31746500730514526,0.9433460235595703,0.09651599824428558,0,-0.10375099629163742,-0.06661699712276459,0.9923700094223022,0,0,48.94879913330078,0,1,0.7282879948616028,-0.6848719716072083,-0.023382000625133514,0,0.6525499820709229,0.6826919913291931,0.3287999927997589,0,-0.20922400057315826,-0.25471898913383484,0.9441099762916565,0,8.018799781799316,6.1006999015808105,0,1,0.7336440086364746,0.6779639720916748,-0.046167999505996704,0,-0.654187023639679,0.7230290174484253,0.2219640016555786,0,0.18386399745941162,-0.13264000415802002,0.9739609956741333,0,1.1370999813079834,7.980000019073486,0,1,0.9854789972305298,0.08029600232839584,0.14960899949073792,0,-0.033139001578092575,0.955128014087677,-0.29433301091194153,0,-0.16652899980545044,0.2851009964942932,0.9439200162887573,0,1.0223000049591064,9.384200096130371,0,1,0.9900410175323486,-0.11685299873352051,-0.07851800322532654,0,0.13791599869728088,0.6930469870567322,0.7075759768486023,0,-0.028265999630093575,-0.7113580107688904,0.7022609710693359,0,0,12.017200469970703,0.17100000381469727,1,0.9905409812927246,-0.10366000235080719,-0.08990400284528732,0,0.09437800198793411,0.039083000272512436,0.9947689771652222,0,-0.0996050015091896,-0.9938449859619141,0.048496000468730927,0,-0.27889999747276306,14.73859977722168,0,1,0.9897249937057495,-0.1337680071592331,-0.05050500109791756,0,0.12378299981355667,0.6247860193252563,0.770920991897583,0,-0.0715700015425682,-0.7692520022392273,0.6349250078201294,0,0.359499990940094,11.803400039672852,0,1,-0.9345049858093262,-0.21960599720478058,0.280131995677948,0,0.3277049958705902,-0.838038980960846,0.4362339973449707,0,0.1389620006084442,0.4994640052318573,0.8551170229911804,0,16.968599319458008,-10.666000366210938,0.600600004196167,1,0.9905009865760803,-0.10453499853610992,-0.08933600038290024,0,-0.034306999295949936,0.4412660002708435,-0.8967199921607971,0,0.13315999507904053,0.8912670016288757,0.43348801136016846,0,0,64.0801010131836,0,1,0.9771469831466675,-0.21210800111293793,-0.013952000066637993,0,0.050909001380205154,0.1697939932346344,0.9841639995574951,0,-0.2063799947500229,-0.9623820185661316,0.1767120063304901,0,0,55.26919937133789,0,1,0.9918820261955261,-0.00018000000272877514,-0.12716400623321533,0,0.08295200020074844,0.7588539719581604,0.6459569931030273,0,0.0963829979300499,-0.6512609720230103,0.7527080178260803,0,0,36.55550003051758,0,1,-0.8441870212554932,0.4091320037841797,-0.3463509976863861,0,-0.49913498759269714,-0.8355649709701538,0.22955599427223206,0,-0.19548000395298004,0.36666399240493774,0.9095849990844727,0,-16.968599319458008,-10.666000366210938,0.4724000096321106,1,0.9898560047149658,-0.14132599532604218,-0.014582999981939793,0,0.04755200073122978,0.426272988319397,-0.9033439755439758,0,0.13388200104236603,0.8934869766235352,0.4286690056324005,0,0,64.064697265625,0,1,0.8841300010681152,0.4569360017776489,-0.09758800268173218,0,0.04830000177025795,0.1183599978685379,0.991795003414154,0,0.4647369980812073,-0.8815900087356567,0.08257599920034409,0,0,55.25870132446289,0,1,0.9915459752082825,0,0.1297529935836792,0,-0.08115100115537643,0.7802910208702087,0.6201300024986267,0,-0.10124500095844269,-0.6254169940948486,0.7736939787864685,0,0,36.84489822387695,0,1
K0.033,0.7000341415405273,0.06364994496107101,0.71126788854599,0,0.006808959413319826,0.9953799843788147,-0.09577590227127075,0,-0.714077889919281,0.07188990712165833,0.6963661313056946,0,0.6058326363563538,130.7062225341797,-1.0354187488555908,1,0.9927740097045898,-0.010332045145332813,-0.11955291777849197,0,0.028374023735523224,0.9882450103759766,0.15022094547748566,0,0.11659491062164307,-0.15252694487571716,0.9813969731330872,0,0,19.21179962158203,-0.12080000340938568,1,0.9996820092201233,-0.01898803561925888,-0.01661398448050022,0,0.01975303515791893,0.998691976070404,0.047170065343379974,0,0.01569698192179203,-0.04748306795954704,0.9987490177154541,0,0,22.414199829101562,0,1,0.999692976474762,-0.01852303557097912,-0.016434982419013977,0,0.01928403601050377,0.9986879825592041,0.04744206741452217,0,0.01553397998213768,-0.04774506762623787,0.9987390041351318,0,0,25.616199493408203,0,1,0.973281979560852,0.07563894987106323,-0.2167958766222,0,-0.07298197597265244,0.9971280097961426,0.02024386264383793,0,0.2177048772573471,-0.003880878910422325,0.9760069847106934,0,0,28.818199157714844,0,1,0.9351850152015686,-0.015444017015397549,-0.3538220226764679,0,0.07063502818346024,0.98711097240448,0.1436070203781128,0,0.3470430076122284,-0.15929202735424042,0.9242219924926758,0,0,24.81220054626465,-0.20800000429153442,1,-0.07043709605932236,0.01590188406407833,-0.997389018535614,0,0.8976801037788391,-0.4349987208843231,-0.07033104449510574,0,-0.43498170375823975,-0.9002911448478699,0.01636512205004692,0,10.665499687194824,25.014400482177734,-0.09600000083446503,1,0.6165249347686768,0.15949803590774536,0.7710100412368774,0,-0.5888489484786987,0.7434551119804382,0.3170658349990845,0,-0.5226401686668396,-0.6494878530502319,0.552278995513916,0,0,22.733400344848633,0,1,-0.2933060824871063,0.955830991268158,0.01893000118434429,0,-0.9558410048484802,-0.29357609152793884,0.013488000258803368,0,0.018449001014232635,-0.014139000326395035,0.9997299909591675,0,0,53.267799377441406,0,1,0.9508300423622131,0.204269140958786,-0.23280158638954163,0,-0.13787023723125458,0.9522460103034973,0.27243396639823914,0,0.277334600687027,-0.2269420027732849,0.9335861206054688,0,0,48.94649887084961,0,1,0.6750320196151733,0.7356939911842346,0.05555000156164169,0,-0.7084749937057495,0.6253600120544434,0.3270910084247589,0,0.20589999854564667,-0.26015299558639526,0.9433590173721313,0,-7.220099925994873,5.92080020904541,0,1,0.7473649978637695,-0.6623830199241638,0.05190899968147278,0,0.6391350030899048,0.7380790114402771,0.21620799601078033,0,-0.18152500689029694,-0.1284099966287613,0.9749659895896912,0,-0.19339999556541443,7.467299938201904,0,1,0.9405689835548401,-0.3177120089530945,-0.11995299905538559,0,0.2627680003643036,0.9046159982681274,-0.3355939984321594,0,0.21513399481773376,0.28412899374961853,0.9343379735946655,0,-0.07540000230073929,10.21150016784668,0,1,0.9906569719314575,0.11091099679470062,0.07935500144958496,0,-0.13397899270057678,0.6828740239143372,0.718146026134491,0,0.025459999218583107,-0.7220680117607117,0.6913530230522156,0,0,11.067999839782715,0.17139999568462372,1,0.9907690286636353,0.10009299963712692,0.09142500162124634,0,-0.09562399983406067,0.03797300159931183,0.9946929812431335,0,0.09608999639749527,-0.9942529797554016,0.047192998230457306,0,0.2676999866962433,15.237099647521973,0,1,0.9922009706497192,0.11713100224733353,0.04262600094079971,0,-0.10715000331401825,0.62677401304245,0.7717990279197693,0,0.06368499994277954,-0.770346999168396,0.6344360113143921,0,-0.27320000529289246,11.754599571228027,0,1,0.23444701731204987,-0.05947407707571983,0.9703080058097839,0,-0.9415369629859924,-0.2623181939125061,0.21141697466373444,0,0.2419561892747879,-0.9631469249725342,-0.11749712377786636,0,-10.665499687194824,25.013500213623047,0.04820000007748604,1,0.5963889360427856,-0.6462581157684326,-0.4760998487472534,0,0.7789020538330078,0.32258322834968567,0.5378207564353943,0,-0.1939888745546341,-0.6915857791900635,0.695757269859314,0,0,22.733400344848633,0,1,-0.2895282208919525,-0.9570989608764648,-0.011659001931548119,0,0.9571059346199036,-0.28962719440460205,0.007998999208211899,0,-0.01103300228714943,-0.008841998875141144,0.9998999834060669,0,0,53.26279830932617,0,1,0.9458610415458679,-0.3244568705558777,0.00861258152872324,0,0.32264989614486694,0.94281405210495,0.08365689218044281,0,-0.035263560712337494,-0.07634903490543365,0.9964569807052612,0,0,48.94879913330078,0,1,0.7282879948616028,-0.6848719716072083,-0.023382000625133514,0,0.6525499820709229,0.6826919913291931,0.3287999927997589,0,-0.20922300219535828,-0.25471898913383484,0.9441099762916565,0,8.018799781799316,6.1006999015808105,0,1,0.7336440086364746,0.6779639720916748,-0.046167999505996704,0,-0.654187023639679,0.7230290174484253,0.22196300327777863,0,0.18386399745941162,-0.13264000415802002,0.9739609956741333,0,1.1370999813079834,7.980000019073486,0,1,0.9854789972305298,0.08029600232839584,0.14960899949073792,0,-0.033139001578092575,0.955128014087677,-0.29433301091194153,0,-0.16652999818325043,0.2851009964942932,0.9439200162887573,0,1.0223000049591064,9.384200096130371,0,1,0.9900410175323486,-0.11685299873352051,-0.07851800322532654,0,0.13791599869728088,0.6930469870567322,0.7075759768486023,0,-0.028264999389648438,-0.7113580107688904,0.7022609710693359,0,0,12.017200469970703,0.17100000381469727,1,0.9905409812927246,-0.10366000235080719,-0.08990400284528732,0,0.09437700361013412,0.039083000272512436,0.9947689771652222,0,-0.09960400313138962,-0.9938449859619141,0.048496998846530914,0,-0.27889999747276306,14.73859977722168,0,1,0.9897249937057495,-0.1337680071592331,-0.05050500109791756,0,0.12378299981355667,0.6247860193252563,0.770920991897583,0,-0.0715700015425682,-0.7692520022392273,0.6349250078201294,0,0.359499990940094,11.803400039672852,0,1,-0.9377920031547546,-0.21426993608474731,0.27319395542144775,0,0.3182649314403534,-0.8449869155883789,0.42977309226989746,0,0.13875795900821686,0.4899860918521881,0.8606159687042236,0,16.968599319458008,-10.666000366210938,0.600600004196167,1,0.9901360273361206,-0.09787493944168091,-0.10025814920663834,0,-0.044753119349479675,0.4571482241153717,-0.8882638812065125,0,0.1327720284461975,0.8839888572692871,0.44825825095176697,0,0,64.0801010131836,0,1,0.9761980175971985,-0.21639303863048553,-0.014566974714398384,0,0.05363503098487854,0.1757892221212387,0.9829659461975098,0,-0.21014602482318878,-0.9603499174118042,0.18321122229099274,0,0,55.26919937133789,0,1,0.9919180274009705,-0.00019199996313545853,-0.12688300013542175,0,0.08290199935436249,0.7580119967460632,0.6469500064849854,0,0.09605400264263153,-0.652239978313446,0.7519019842147827,0,0,36.55550003051758,0,1,-0.8473570942878723,0.4090368449687958,-0.3386368155479431,0,-0.49342280626296997,-0.8421801328659058,0.21740905940532684,0,-0.19626489281654358,0.35131391882896423,0.9154550433158875,0,-16.968599319458008,-10.666000366210938,0.4724000096321106,1,0.9900090098381042,-0.1397819072008133,-0.018548088148236275,0,0.044440895318984985,0.4341410994529724,-0.8997479677200317,0,0.13382095098495483,0.8899339437484741,0.4360160827636719,0,0,64.064697265625,0,1,0.8830000162124634,0.4556659162044525,-0.11260446906089783,0,0.06315847486257553,0.12237610667943954,0.9904719591140747,0,0.46510398387908936,-0.8816990256309509,0.07927887886762619,0,0,55.25870132446289,0,1,0.9918069839477539,0.00005100178168504499,0.12774695456027985,0,-0.08085699379444122,0.7744428515434265,0.6274551749229431,0,-0.09890095144510269,-0.6326431632041931,0.7681018710136414,0,0,36.84489822387695,0,1
K0.067,0.7116059064865112,0.05836905166506767,0.7001501321792603,0,0.0027390404138714075,0.996304988861084,-0.08584309369325638,0,-0.7025731205940247,0.06300409138202667,0.7088168859481812,0,0.670681357383728,131.53965759277344,-1.6080682277679443,1,0.993690013885498,-0.014758956618607044,-0.1111900806427002,0,0.030785975977778435,0.9891219735145569,0.14384005963802338,0,0.1078580915927887,-0.1463550627231598,0.983335018157959,0,0,19.21179962158203,-0.12080000340938568,1,0.9996349811553955,-0.022432966157794,-0.015057016164064407,0,0.023212965577840805,0.9982839822769165,0.05376293137669563,0,0.013825018890202045,-0.05409293249249458,0.9984400272369385,0,0,22.414199829101562,0,1,0.9996489882469177,-0.021989965811371803,-0.014803015626966953,0,0.02275996468961239,0.9982789754867554,0.05403893440961838,0,0.013589019887149334,-0.054356932640075684,0.998429000377655,0,0,25.616199493408203,0,1,0.9761800169944763,0.07069305330514908,-0.20512111485004425,0,-0.07087402045726776,0.9974640011787415,0.006473137065768242,0,0.20505912601947784,0.00821887981146574,0.9787150025367737,0,0,28.818199157714844,0,1,0.9345070123672485,-0.017137983813881874,-0.3555329740047455,0,0.0734739676117897,0.9866160154342651,0.14556698501110077,0,0.34828001260757446,-0.16215597093105316,0.9232590198516846,0,0,24.81220054626465,-0.20800000429153442,1,-0.08000490069389343,0.004307114984840155,-0.9967849850654602,0,0.9103308916091919,-0.40706226229667664,-0.07482495158910751,0,-0.4060763120651245,-0.9133898615837097,0.02864687703549862,0,10.665499687194824,25.014400482177734,-0.09600000083446503,1,0.6082950830459595,0.1618339717388153,0.7770369648933411,0,-0.5835690498352051,0.7547578811645508,0.29964718222618103,0,-0.5379818081855774,-0.635728120803833,0.5535569787025452,0,0,22.733400344848633,0,1,-0.30261990427970886,0.9529209733009338,0.019061997532844543,0,-0.9529299736022949,-0.30289191007614136,0.013446000404655933,0,0.01858699880540371,-0.014096000231802464,0.9997280240058899,0,0,53.267799377441406,0,1,0.9573679566383362,0.21695087850093842,-0.19073042273521423,0,-0.16157376766204834,0.949491024017334,0.2690010368824005,0,0.23945637047290802,-0.22671599686145782,0.9440658688545227,0,0,48.94649887084961,0,1,0.6750320196151733,0.7356939911842346,0.05555000156164169,0,-0.7084749937057495,0.6253600120544434,0.3270910084247589,0,0.20589999854564667,-0.26015299558639526,0.9433590173721313,0,-7.220099925994873,5.92080020904541,0,1,0.7473649978637695,-0.6623830199241638,0.05190899968147278,0,0.6391350030899048,0.7380790114402771,0.21620799601078033,0,-0.18152500689029694,-0.1284099966287613,0.9749670028686523,0,-0.19339999556541443,7.467299938201904,0,1,0.9405689835548401,-0.3177120089530945,-0.11995299905538559,0,0.2627680003643036,0.9046159982681274,-0.3355939984321594,0,0.21513399481773376,0.28412899374961853,0.9343379735946655,0,-0.07540000230073929,10.21150016784668,0,1,0.9906569719314575,0.11090999841690063,0.07935500144958496,0,-0.1339779943227768,0.6828740239143372,0.718146026134491,0,0.025459999218583107,-0.7220680117607117,0.691353976726532,0,0,11.067999839782715,0.17139999568462372,1,0.9907690286636353,0.10009299963712692,0.09142500162124634,0,-0.09562399983406067,0.03797199949622154,0.9946929812431335,0,0.09608999639749527,-0.9942529797554016,0.047192998230457306,0,0.2676999866962433,15.237099647521973,0,1,0.9922009706497192,0.11713100224733353,0.0426269993185997,0,-0.10715000331401825,0.6267729997634888,0.7717990279197693,0,0.06368499994277954,-0.7703480124473572,0.6344360113143921,0,-0.27320000529289246,11.754599571228027,0,1,0.23558299243450165,-0.06745991855859756,0.969510018825531,0,-0.9361360669136047,-0.2837197780609131,0.20773203670978546,0,0.2610558271408081,-0.9565310478210449,-0.12999087572097778,0,-10.665499687194824,25.013500213623047,0.04820000007748604,1,0.593285083770752,-0.6602818965911865,-0.46047815680503845,0,0.7842679619789124,0.34514275193214417,0.5155572295188904,0,-0.18148212134838104,-0.6670112609863281,0.7226067781448364,0,0,22.733400344848633,0,1,-0.30905580520629883,-0.9509700536727905,-0.011821998283267021,0,0.9509780406951904,-0.3091577887535095,0.00794800091534853,0,-0.011212998069822788,-0.008786001242697239,0.9998990297317505,0,0,53.26279830932617,0,1,0.9497959613800049,-0.3111061155796051,-0.03318558260798454,0,0.31275108456611633,0.9470069408416748,0.07323910295963287,0,0.008641563355922699,-0.07994095981121063,0.9967619776725769,0,0,48.94879913330078,0,1,0.7282879948616028,-0.6848719716072083,-0.023382000625133514,0,0.6525499820709229,0.6826919913291931,0.3287999927997589,0,-0.20922400057315826,-0.25471898913383484,0.9441099762916565,0,8.018799781799316,6.1006999015808105,0,1,0.7336440086364746,0.6779639720916748,-0.046167999505996704,0,-0.654187023639679,0.7230290174484253,0.22196300327777863,0,0.18386399745941162,-0.13264000415802002,0.9739609956741333,0,1.1370999813079834,7.980000019073486,0,1,0.9854789972305298,0.08029600232839584,0.14960899949073792,0,-0.033139001578092575,0.955128014087677,-0.29433301091194153,0,-0.16652999818325043,0.2851009964942932,0.9439200162887573,0,1.0223000049591064,9.384200096130371,0,1,0.9900410175323486,-0.11685299873352051,-0.07851800322532654,0,0.13791599869728088,0.6930469870567322,0.7075769901275635,0,-0.028265999630093575,-0.7113590240478516,0.7022609710693359,0,0,12.017200469970703,0.17100000381469727,1,0.9905409812927246,-0.10366100072860718,-0.08990400284528732,0,0.09437800198793411,0.039083000272512436,0.9947689771652222,0,-0.0996050015091896,-0.9938449859619141,0.048496998846530914,0,-0.27889999747276306,14.73859977722168,0,1,0.9897249937057495,-0.1337680071592331,-0.05050500109791756,0,0.12378299981355667,0.6247869729995728,0.770920991897583,0,-0.0715700015425682,-0.7692520022392273,0.6349250078201294,0,0.359499990940094,11.803400039672852,0,1,-0.9403849840164185,-0.20835405588150024,0.26882103085517883,0,0.31230106949806213,-0.8420079946517944,0.43987491726875305,0,0.13470004498958588,0.4976049065589905,0.8568810820579529,0,16.968599319458008,-10.666000366210938,0.600600004196167,1,0.9890980124473572,-0.09220405668020248,-0.11481785774230957,0,-0.05655388534069061,0.4820677638053894,-0.8743070960044861,0,0.13596397638320923,0.8712691068649292,0.4715977609157562,0,0,64.0801010131836,0,1,0.9753299951553345,-0.2204199582338333,-0.012055025435984135,0,0.05673396959900856,0.19751478731632233,0.978657066822052,0,-0.21333497762680054,-0.9551980495452881,0.20514777302742004,0,0,55.26919937133789,0,1,0.9919049739837646,-0.0001870000414783135,-0.12698300182819366,0,0.08291999995708466,0.7583119869232178,0.6465960144996643,0,0.09617099910974503,-0.6518909931182861,0.7521889805793762,0,0,36.55550003051758,0,1,-0.8619858622550964,0.39299115538597107,-0.3202151656150818,0,-0.4718322157859802,-0.8529298901557922,0.22334693372249603,0,-0.18534711003303528,0.34361007809638977,0.9206399321556091,0,-16.968599319458008,-10.666000366210938,0.4724000096321106,1,0.9910209774971008,-0.13087008893489838,-0.027380911633372307,0,0.03392110392451286,0.44418489933013916,-0.8952930569648743,0,0.12932904064655304,0.8863260746002197,0.44463589787483215,0,0,64.064697265625,0,1,0.8800410032272339,0.44738709926605225,-0.15928754210472107,0,0.11086252331733704,0.1326058954000473,0.9849490523338318,0,0.4617760181427002,-0.8844550251960754,0.06710012257099152,0,0,55.25870132446289,0,1,0.9923670291900635,0.00022899822215549648,0.12332004308700562,0,-0.08013300597667694,0.7613041400909424,0.6434237957000732,0,-0.09373705089092255,-0.6483948230743408,0.7555121183395386,0,0,36.84489822387695,0,1
K0.100,0.7238879799842834,0.04676499962806702,0.6883310079574585,0,-0.012008999474346638,0.998403012752533,-0.05520299822092056,0,-0.6898130178451538,0.03169399872422218,0.7232930064201355,0,1.0043879747390747,132.9000701904297,-2.8379979133605957,1,0.9944180250167847,-0.02071099914610386,-0.1034569963812828,0,0.03488999977707863,0.9899299740791321,0.13719099760055542,0,0.0995739996433258,-0.1400350034236908,0.9851269721984863,0,0,19.21179962158203,-0.12080000340938568,1,0.9995430111885071,-0.02639799937605858,-0.01471600029617548,0,0.027223000302910805,0.9978870153427124,0.05899700149893761,0,0.013127000071108341,-0.05937099829316139,0.9981499910354614,0,0,22.414199829101562,0,1,0.9995589852333069,-0.025968000292778015,-0.01439599972218275,0,0.026777999475598335,0.9978820085525513,0.059275999665260315,0,0.012826000340282917,-0.05963499844074249,0.9981380105018616,0,0,25.616199493408203,0,1,0.9793239831924438,0.06694400310516357,-0.1909009963274002,0,-0.07127899676561356,0.9973289966583252,-0.015925997868180275,0,0.1893250048160553,0.029203997924923897,0.9814800024032593,0,0,28.818199157714844,0,1,0.9327009916305542,-0.031964000314474106,-0.35923200845718384,0,0.06900200247764587,0.9934800267219543,0.09075699746608734,0,0.35398900508880615,-0.109436996281147,0.9288250207901001,0,0,24.81220054626465,-0.20800000429153442,1,-0.10016799718141556,-0.012865998782217503,-0.9948869943618774,0,0.92330002784729,-0.3738330006599426,-0.08812599629163742,0,-0.37078800797462463,-0.9274070262908936,0.04932500049471855,0,10.665499687194824,25.014400482177734,-0.09600000083446503,1,0.5657359957695007,0.1790740042924881,0.8049070239067078,0,-0.5857399702072144,0.7743290066719055,0.2394219934940338,0,-0.5803890228271484,-0.6069160103797913,0.5429570078849792,0,0,22.733400344848633,0,1,-0.30618900060653687,0.9517790079116821,0.01911200024187565,0,-0.9517880082130432,-0.30646198987960815,0.01343000028282404,0,0.018640000373125076,-0.014078999869525433,0.9997270107269287,0,0,53.267799377441406,0,1,0.9633259773254395,0.22769300639629364,-0.14198200404644012,0,-0.1872200071811676,0.9493809938430786,0.25224000215530396,0,0.19222800433635712,-0.21640799939632416,0.9571920037269592,0,0,48.94649887084961,0,1,0.6750320196151733,0.7356939911842346,0.05555000156164169,0,-0.7084749937057495,0.6253600120544434,0.3270910084247589,0,0.20589999854564667,-0.26015299558639526,0.9433590173721313,0,-7.220099925994873,5.92080020904541,0,1,0.7473649978637695,-0.6623830199241638,0.05190899968147278,0,0.6391350030899048,0.7380790114402771,0.21620799601078033,0,-0.18152500689029694,-0.1284099966287613,0.9749670028686523,0,-0.19339999556541443,7.467299938201904,0,1,0.9405689835548401,-0.3177120089530945,-0.11995299905538559,0,0.26276901364326477,0.9046159982681274,-0.3355939984321594,0,0.21513399481773376,0.28412899374961853,0.9343379735946655,0,-0.07540000230073929,10.21150016784668,0,1,0.9906569719314575,0.11091099679470062,0.07935500144958496,0,-0.1339779943227768,0.6828740239143372,0.718146026134491,0,0.025459999218583107,-0.7220680117607117,0.6913530230522156,0,0,11.067999839782715,0.17139999568462372,1,0.9907690286636353,0.10009299963712692,0.09142500162124634,0,-0.09562399983406067,0.03797199949622154,0.9946929812431335,0,0.09608999639749527,-0.9942529797554016,0.047192998230457306,0,0.2676999866962433,15.237099647521973,0,1,0.9922009706497192,0.11713100224733353,0.0426269993185997,0,-0.10715000331401825,0.62677401304245,0.7717990279197693,0,0.06368499994277954,-0.770346999168396,0.6344360113143921,0,-0.27320000529289246,11.754599571228027,0,1,0.24117900431156158,-0.07707999646663666,0.9674149751663208,0,-0.9326559901237488,-0.29399800300598145,0.20908799767494202,0,0.26830199360847473,-0.952692985534668,-0.14279599487781525,0,-10.665499687194824,25.013500213623047,0.04820000007748604,1,0.5768460035324097,-0.6763420104980469,-0.45805099606513977,0,0.8014780282974243,0.3603470027446747,0.47726601362228394,0,-0.15773700177669525,-0.6424270272254944,0.7499380111694336,0,0,22.733400344848633,0,1,-0.33520400524139404,-0.9420689940452576,-0.012040999718010426,0,0.9420760273933411,-0.3353070020675659,0.007873999886214733,0,-0.011455000378191471,-0.008704000152647495,0.9998970031738281,0,0,53.26279830932617,0,1,0.9573190212249756,-0.28550899028778076,-0.04499100148677826,0,0.28826001286506653,0.9544960260391235,0.07644300162792206,0,0.021119000390172005,-0.08614999800920486,0.9960579872131348,0,0,48.94879913330078,0,1,0.7282879948616028,-0.6848719716072083,-0.023382000625133514,0,0.6525499820709229,0.6826919913291931,0.3287999927997589,0,-0.20922300219535828,-0.25471898913383484,0.9441099762916565,0,8.018799781799316,6.1006999015808105,0,1,0.7336440086364746,0.6779639720916748,-0.046167999505996704,0,-0.654187023639679,0.7230290174484253,0.22196300327777863,0,0.18386399745941162,-0.13264000415802002,0.9739609956741333,0,1.1370999813079834,7.980000019073486,0,1,0.9854789972305298,0.08029600232839584,0.14960899949073792,0,-0.033139001578092575,0.955128014087677,-0.29433301091194153,0,-0.16652999818325043,0.2851009964942932,0.9439200162887573,0,1.0223000049591064,9.384200096130371,0,1,0.9900410175323486,-0.11685299873352051,-0.07851800322532654,0,0.13791599869728088,0.6930469870567322,0.7075759768486023,0,-0.028265999630093575,-0.7113580107688904,0.7022609710693359,0,0,12.017200469970703,0.17100000381469727,1,0.9905409812927246,-0.10366000235080719,-0.08990400284528732,0,0.09437700361013412,0.039083000272512436,0.9947689771652222,0,-0.0996050015091896,-0.9938449859619141,0.048496000468730927,0,-0.27889999747276306,14.73859977722168,0,1,0.9897249937057495,-0.1337680071592331,-0.05050500109791756,0,0.12378299981355667,0.6247869729995728,0.770920991897583,0,-0.0715700015425682,-0.7692509889602661,0.6349250078201294,0,0.359499990940094,11.803400039672852,0,1,-0.9425119757652283,-0.2024649977684021,0.265855997800827,0,0.3106279969215393,-0.8241389989852905,0.47360798716545105,0,0.1232139989733696,0.528963029384613,0.8396520018577576,0,16.968599319458008,-10.666000366210938,0.600600004196167,1,0.9880729913711548,-0.08433400094509125,-0.12883800268173218,0,-0.06727900356054306,0.5161709785461426,-0.8538389801979065,0,0.13851000368595123,0.8523240089416504,0.5043410062789917,0,0,64.0801010131836,0,1,0.9744200110435486,-0.22468799352645874,-0.0045560006983578205,0,0.06051500141620636,0.24280400574207306,0.9681860208511353,0,-0.21643400192260742,-0.9436950087547302,0.25018998980522156,0,0,55.26919937133789,0,1,0.9920179843902588,-0.00022899999748915434,-0.12609800696372986,0,0.08276200294494629,0.7556520104408264,0.6497229933738708,0,0.09513700008392334,-0.6549729704856873,0.7496399879455566,0,0,36.55550003051758,0,1,-0.8826559782028198,0.36283400654792786,-0.29877999424934387,0,-0.4405060112476349,-0.8602929711341858,0.25661399960517883,0,-0.1639299988746643,0.3581160008907318,0.9191740155220032,0,-16.968599319458008,-10.666000366210938,0.4724000096321106,1,0.9923319816589355,-0.11469600349664688,-0.04607100039720535,0,0.011723000556230545,0.45838800072669983,-0.8886749744415283,0,0.12304600328207016,0.8813199996948242,0.4562169909477234,0,0,64.064697265625,0,1,0.8758230209350586,0.42880600690841675,-0.2214909940958023,0,0.16826100647449493,0.158843994140625,0.9728599786758423,0,0.45235100388526917,-0.8893219828605652,0.06696800142526627,0,0,55.25870132446289,0,1,0.9929159879684448,0.0005039999959990382,0.11881999671459198,0,-0.07928700000047684,0.7476119995117188,0.6593859791755676,0,-0.08849900215864182,-0.6641359925270081,0.7423549890518188,0,0,36.84489822387695,0,1
