2.000,30,60,41
B0,mixamorig_Hips,-1,0.7898926734924316,-0.14532555639743805,0.5924881100654602,0,0.0579056590795517,0.9846808910369873,0.16384713351726532,0,-0.6073324084281921,-0.09595385938882828,0.7862524390220642,0,7.29257345199585,137.2148895263672,15.40340805053711,1
B1,mixamorig_Spine,0,0.9982300996780396,-0.03516489267349243,-0.0479535274207592,0,0.03887191042304039,0.9961387515068054,0.07871031761169434,0,0.04500100016593933,-0.08043501526117325,0.9957424402236938,0,0,19.2117919921875,-0.1207680031657219,1
B2,mixamorig_Spine1,1,0.9980559349060059,-0.01902451179921627,-0.05933243781328201,0,0.024945877492427826,0.9945995807647705,0.10072401165962219,0,0.05709739029407501,-0.10200941562652588,0.9931417107582092,0,0,22.4141845703125,0,1
B3,mixamorig_Spine2,2,0.9979438185691833,-0.019383227452635765,-0.06108235567808151,0,0.0254288911819458,0.9946789145469666,0.09981965273618698,0,0.05882430449128151,-0.10116823762655258,0.9931275844573975,0,0,25.616214752197266,0,1
B4,mixamorig_Neck,3,0.991066575050354,-0.046217892318964005,-0.12461850792169571,0,0.05737420916557312,0.9945140480995178,0.08741536736488342,0,0.11989328265190125,-0.09381591528654099,0.9882872104644775,0,0,28.8182430267334,0,1
B5,mixamorig_Head,4,0.9692094326019287,-0.04711342975497246,-0.23581165075302124,0,0.022960199043154716,0.9940155148506165,-0.10297591239213943,0,0.239579439163208,0.09321404248476028,0.965309739112854,0,0,24.812225341796875,-0.20795400440692902,1
B6,mixamorig_HeadTop_End,5,1,0,0,0,0,1,0,0,0,0,1,0,0,103.31423950195312,-0.8658869862556458,1
B7,mixamorig_LeftShoulder,3,-0.00442417711019516,0.009252230636775494,-0.9999337196350098,0,0.9259938597679138,-0.3774300217628479,-0.0075918217189610004,0,-0.37747445702552795,-0.9259909391403198,-0.00690324604511261,0,10.665525436401367,25.014419555664062,-0.09603600203990936,1
B8,mixamorig_LeftArm,7,0.7512761950492859,0.44317862391471863,0.48574745655059814,0,-0.6524192690849304,0.5838099122047424,0.480110228061676,0,-0.07081613689661026,-0.6769104599952698,0.7301896214485168,0,0,22.733402252197266,0,1
B9,mixamorig_LeftForeArm,8,-0.23809078335762024,0.9710085391998291,0.018151404336094856,0,-0.9710178971290588,-0.2383497953414917,0.013701553456485271,0,0.01763245090842247,-0.014362744055688381,0.9997416138648987,0,0,53.26781463623047,0,1
B10,mixamorig_LeftHand,9,0.8580987453460693,0.08315820246934891,-0.5059253573417664,0,-0.1935780644416809,0.9661291837692261,-0.17019054293632507,0,0.474625825881958,0.2438860386610031,0.8451772332191467,0,0,48.9465217590332,0,1
B11,mixamorig_LeftHandThumb1,10,0.8863160014152527,0.44260498881340027,-0.13617900013923645,0,-0.3656179904937744,0.8493090271949768,0.3807860016822815,0,0.28419598937034607,-0.2877076268196106,0.9145799875259399,0,-7.220077991485596,5.920783996582031,-0.000007000000096013537,1
B12,mixamorig_LeftHandThumb2,11,0.8434169888496399,-0.49523401260375977,0.2083040028810501,0,0.3806009888648987,0.8244010210037231,0.41893500089645386,0,-0.37919700145721436,-0.27405598759651184,0.8838000297546387,0,-0.19343799352645874,7.4673380851745605,0,1
B13,mixamorig_LeftHandThumb3,12,0.4120776057243347,-0.9111469984054565,0.001979999942705035,0,0.8701429963111877,0.39417600631713867,0.2957659959793091,0,-0.2702670097351074,-0.12015499919652939,0.9552580118179321,0,-0.07535800337791443,10.211470603942871,0,1
B14,mixamorig_LeftHandThumb4,13,1,0,0,0,0,1,0,0,0,0,1,0,0.26879701018333435,8.70872688293457,0,1
B15,mixamorig_LeftHandIndex1,10,0.9907249808311462,0.09935899823904037,0.09269700199365616,0,-0.09796000272035599,0.04945899918675423,0.993960976600647,0,0.09417399764060974,-0.9938219785690308,0.05873339623212814,0,0,11.06796646118164,0.1714390069246292,1
B16,mixamorig_LeftHandIndex2,15,0.9882150292396545,0.08168700337409973,0.12945599853992462,0,-0.07415299862623215,-0.484389990568161,0.8717039823532104,0,0.13391399383544922,-0.8710299730300903,-0.4726240038871765,0,0.2676999866962433,15.237060546875,0,1
B17,mixamorig_LeftHandIndex3,16,0.9838889837265015,0.1203019991517067,0.13224700093269348,0,-0.08881039917469025,-0.3131060004234314,0.9455565810203552,0,0.15515999495983124,-0.9420679807662964,-0.2973780035972595,0,-0.2732299864292145,11.75461483001709,9.999999974752427e-7,1
B18,mixamorig_LeftHandIndex4,17,1,0,0,0,0,1,0,0,0,0,1,0,0.005530000198632479,9.809103012084961,0,1
B19,mixamorig_RightShoulder,3,0.1662634313106537,-0.01778951659798622,0.9856050610542297,0,-0.9477500915527344,-0.2752114534378052,0.1551821380853653,0,0.2686261832714081,-0.9605191946029663,-0.0617520771920681,0,-10.665525436401367,25.013511657714844,0.048207998275756836,1
B20,mixamorig_RightArm,19,0.7940208911895752,-0.33286944031715393,-0.5035017132759094,0,0.5847874879837036,0.6294520497322083,0.5085541605949402,0,0.14857149124145508,-0.697998046875,0.698216438293457,0,0,22.733402252197266,0,1
B21,mixamorig_RightForeArm,20,-0.46469563245773315,-0.8851298689842224,-0.013122198171913624,0,0.8851368427276611,-0.464808851480484,0.007398131303489208,0,-0.0126512935385108,-0.008176988922059536,0.9998868107795715,0,0,53.26276779174805,0,1
B22,mixamorig_RightHand,21,0.993100106716156,0.01582365296781063,0.11121602356433868,0,0.009969733655452728,0.9736108183860779,-0.22434407472610474,0,-0.11275346577167511,0.22369949519634247,0.967658281326294,0,0,48.94882583618164,0,1
B23,mixamorig_RightHandThumb1,22,0.9380710124969482,-0.33267900347709656,0.09668199717998505,0,0.2601659893989563,0.8607525825500488,0.4375140070915222,0,-0.22877100110054016,-0.3852660059928894,0.8939989805221558,0,8.01883316040039,6.1007280349731445,0.000007000000096013537,1
B24,mixamorig_RightHandThumb2,23,0.8500319719314575,0.4937536120414734,0.183447003364563,0,-0.5267289876937866,0.7977499961853027,0.29351499676704407,0,-0.001420999993570149,-0.34612399339675903,0.9381880164146423,0,1.13714599609375,7.979971885681152,0,1
B25,mixamorig_RightHandThumb3,24,0.8240429759025574,0.565671980381012,-0.031116999685764313,0,-0.4989599883556366,0.75068199634552,0.43303099274635315,0,0.2683129906654358,-0.3413099944591522,0.900842010974884,0,1.0223289728164673,9.384204864501953,0,1
B26,mixamorig_RightHandThumb4,25,1,0,0,0,0,1,0,0,0,0,1,0,-2.159475088119507,7.527187824249268,0,1
B27,mixamorig_RightHandIndex1,22,0.9954789876937866,-0.08227899670600891,-0.04746200144290924,0,0.051747001707553864,0.05074499920010567,0.9973700046539307,0,-0.07965400069952011,-0.9953169822692871,0.05477299913764,0,0,12.017215728759766,0.170973002910614,1
B28,mixamorig_RightHandIndex2,27,0.9926480054855347,-0.06916899979114532,-0.09932699799537659,0,0.053619999438524246,-0.4844079911708832,0.8731970191001892,0,-0.1085129976272583,-0.8721029758453369,-0.4771380126476288,0,-0.2789439857006073,14.738595008850098,0,1
B29,mixamorig_RightHandIndex3,28,0.9868959784507751,-0.10951660573482513,-0.11849799752235413,0,0.07873900234699249,-0.3141513764858246,0.9461020231246948,0,-0.14083999395370483,-0.9430350065231323,-0.3014119863510132,0,0.3595370054244995,11.803382873535156,0,1
B30,mixamorig_RightHandIndex4,29,1,0,0,0,0,1,0,0,0,0,1,0,-0.08059299737215042,9.220705032348633,0,1
B31,mixamorig_LeftUpLeg,0,-0.904212474822998,-0.21754798293113708,0.36715447902679443,0,0.4134867489337921,-0.6582403779029846,0.6286288499832153,0,0.10515628755092621,0.720517635345459,0.6851325631141663,0,16.968603134155273,-10.665969848632812,0.6005799770355225,1
B32,mixamorig_LeftLeg,31,0.9844315648078918,-0.16428890824317932,-0.06231577694416046,0,0.028755400329828262,0.5005382299423218,-0.8652206063270569,0,0.17332683503627777,0.8499786257743835,0.49747055768966675,0,0,64.08012390136719,0,1
B33,mixamorig_LeftFoot,32,0.9927131533622742,-0.040560703724622726,0.10763970762491226,0,-0.09055271744728088,0.3040761351585388,0.9480811953544617,0,-0.07103484869003296,-0.9515331983566284,0.2977530360221863,0,0,55.26921844482422,0,1
B34,mixamorig_LeftToeBase,33,0.9919927716255188,-0.00022063366486690938,-0.1262928545475006,0,0.0827966257929802,0.7562363743782043,0.6490336656570435,0,0.0953650251030922,-0.654293417930603,0.7501996159553528,0,0,36.5555305480957,9.999999974752427e-7,1
B35,mixamorig_LeftToe_End,34,1,0,0,0,0,1,0,0,0,0,1,0,0,13.579986572265625,0,1
B36,mixamorig_RightUpLeg,0,-0.9306853413581848,0.24842500686645508,-0.26847031712532043,0,-0.2906263470649719,-0.9474259614944458,0.13036929070949554,0,-0.22184891998767853,0.19934464991092682,0.954003632068634,0,-16.968603134155273,-10.665969848632812,0.47241300344467163,1
B37,mixamorig_RightLeg,36,0.9992628693580627,-0.0083580631762743,0.030306734144687653,0,0.026140602305531502,0.7485986948013306,-0.6623865365982056,0,-0.017225073650479317,0.6628466844558716,0.7482019662857056,0,0,64.0646743774414,0,1
B38,mixamorig_RightFoot,37,0.8666865825653076,0.4699554443359375,-0.1672716587781906,0,-0.04444258287549019,0.406640887260437,0.9124467968940735,0,0.49683284759521484,-0.7833705544471741,0.37331387400627136,0,0,55.258724212646484,-9.999999974752427e-7,1
B39,mixamorig_RightToeBase,38,0.9970633387565613,0.008444075472652912,0.07555791735649109,0,-0.06516925990581512,0.5989641547203064,0.7970428466796875,0,-0.03874979168176651,-0.7996764183044434,0.5977245569229126,0,0,36.844871520996094,-9.999999974752427e-7,1
B40,mixamorig_RightToe_End,39,1,0,0,0,0,1,0,0,0,0,1,0,0,13.579154014587402,0,1
@34,0,1,2,3,4,5,7,8,9,10,11,12,13,15,16,17,19,20,21,22,23,24,25,27,28,29,31,32,33,34,36,37,38,39
K0.000,0.4491040110588074,-0.009801999665796757,0.8934260010719299,0,-0.06010099872946739,0.9973440170288086,0.04115400090813637,0,-0.8914560079574585,-0.07217799872159958,0.4473220109939575,0,0.5439590215682983,135.52122497558594,-0.7715299725532532,1,0.9991880059242249,-0.005803000181913376,-0.03987099975347519,0,0.009341999888420105,0.9959729909896851,0.08916900306940079,0,0.03919300064444542,-0.08946900069713593,0.9952179789543152,0,0,19.2117919921875,-0.1207680031657219,1,0.9984679818153381,0.031230999156832695,-0.04566799849271774,0,-0.02544499933719635,0.9921780228614807,0.12220899760723114,0,0.0491270013153553,-0.12086000293493271,0.9914529919624329,0,0,22.4141845703125,0,1,0.9981840252876282,0.031532999128103256,-0.05132399871945381,0,-0.025151999667286873,0.9923909902572632,0.12052900344133377,0,0.05473500117659569,-0.1190200001001358,0.9913820028305054,0,0,25.616214752197266,0,1,0.9801160097122192,-0.059206001460552216,-0.1893869936466217,0,0.07228399813175201,0.995398998260498,0.06290300190448761,0,0.18479099869728088,-0.07534199953079224,0.979885995388031,0,0,28.8182430267334,0,1,0.8125280141830444,-0.28863200545310974,-0.5064470171928406,0,0.24274100363254547,0.957431972026825,-0.1562100052833557,0,0.5299760103225708,0.0039889998733997345,0.8480029702186584,0,0,24.812225341796875,-0.20795400440692902,1,0.07736799865961075,0.014503000304102898,-0.9968969821929932,0,0.753180980682373,-0.6559919714927673,0.048909999430179596,0,-0.6532480120658875,-0.7546280026435852,-0.06167599931359291,0,10.665525436401367,25.014419555664062,-0.09603600203990936,1,0.8371660113334656,0.022677000612020493,0.5464789867401123,0,-0.2261209934949875,0.9241060018539429,0.30805298686027527,0,-0.4980190098285675,-0.3814620077610016,0.7787579894065857,0,0,22.733402252197266,0,1,-0.20833399891853333,0.9778969883918762,0.01773099973797798,0,-0.9779070019721985,-0.20858600735664368,0.013798999600112438,0,0.017192000523209572,-0.014464999549090862,0.9997479915618896,0,0,53.26781463623047,0,1,0.8848729729652405,-0.029656000435352325,-0.46488699316978455,0,-0.11354599893093109,0.9541400074958801,-0.27699199318885803,0,0.4517810046672821,0.29788801074028015,0.8409259915351868,0,0,48.9465217590332,0,1,0.8863160014152527,0.44260498881340027,-0.13617900013923645,0,-0.3656179904937744,0.8493090271949768,0.3807860016822815,0,0.28419598937034607,-0.28770801424980164,0.9145799875259399,0,-7.220077991485596,5.920783996582031,-0.000007000000096013537,1,0.8434169888496399,-0.49523401260375977,0.2083040028810501,0,0.3806009888648987,0.8244010210037231,0.41893500089645386,0,-0.37919700145721436,-0.27405598759651184,0.8838000297546387,0,-0.19343799352645874,7.4673380851745605,0,1,0.41207700967788696,-0.9111469984054565,0.001979999942705035,0,0.8701429963111877,0.3941749930381775,0.2957659959793091,0,-0.2702670097351074,-0.12015499919652939,0.9552580118179321,0,-0.07535800337791443,10.211470603942871,0,1,0.9907249808311462,0.09935899823904037,0.09269700199365616,0,-0.09796000272035599,0.04945899918675423,0.993960976600647,0,0.09417399764060974,-0.9938219785690308,0.058733001351356506,0,0,11.06796646118164,0.1714390069246292,1,0.9882150292396545,0.08168700337409973,0.12945599853992462,0,-0.07415299862623215,-0.484389990568161,0.8717039823532104,0,0.13391399383544922,-0.8710299730300903,-0.4726240038871765,0,0.2676999866962433,15.237060546875,0,1,0.9838889837265015,0.1203019991517067,0.13224700093269348,0,-0.0888110026717186,-0.3131060004234314,0.9455559849739075,0,0.15515999495983124,-0.9420679807662964,-0.2973780035972595,0,-0.2732299864292145,11.75461483001709,0,1,0.15711499750614166,-0.021081000566482544,0.9873549938201904,0,-0.9443039894104004,-0.29592299461364746,0.14394600689411163,0,0.2891460061073303,-0.9549790024757385,-0.06640099734067917,0,-10.665525436401367,25.013511657714844,0.048207998275756836,1,0.6525089740753174,-0.6362370252609253,-0.4116230010986328,0,0.7484250068664551,0.45599299669265747,0.48159098625183105,0,-0.11870899796485901,-0.6223120093345642,0.7737159729003906,0,0,22.733402252197266,0,1,-0.5229899883270264,-0.8522300124168396,-0.013609999790787697,0,0.8522369861602783,-0.5231069922447205,0.0071229999884963036,0,-0.01319000031799078,-0.007872999645769596,0.9998819828033447,0,0,53.26276779174805,0,1,0.9990440011024475,-0.04312499985098839,0.007098999805748463,0,0.043053001165390015,0.9990230202674866,0.009968000464141369,0,-0.007521999999880791,-0.00965300016105175,0.9999250173568726,0,0,48.94882583618164,0,1,0.9380710124969482,-0.33267900347709656,0.09668199717998505,0,0.2601659893989563,0.8607519865036011,0.4375140070915222,0,-0.22877100110054016,-0.3852660059928894,0.8939989805221558,0,8.01883316040039,6.1007280349731445,0.000007000000096013537,1,0.8500319719314575,0.49375399947166443,0.183447003364563,0,-0.5267289876937866,0.7977499961853027,0.29351499676704407,0,-0.001420999993570149,-0.34612399339675903,0.9381880164146423,0,1.13714599609375,7.979971885681152,0,1,0.8240429759025574,0.565671980381012,-0.031116999685764313,0,-0.4989599883556366,0.75068199634552,0.43303099274635315,0,0.2683129906654358,-0.3413099944591522,0.900842010974884,0,1.0223289728164673,9.384204864501953,0,1,0.9954789876937866,-0.08227799832820892,-0.04746200144290924,0,0.051747001707553864,0.05074499920010567,0.9973700046539307,0,-0.07965400069952011,-0.9953169822692871,0.05477299913764,0,0,12.017215728759766,0.170973002910614,1,0.9926480054855347,-0.06916899979114532,-0.09932699799537659,0,0.053619999438524246,-0.48440900444984436,0.8731970191001892,0,-0.1085129976272583,-0.8721029758453369,-0.4771380126476288,0,-0.2789439857006073,14.738595008850098,0,1,0.9868959784507751,-0.10951600223779678,-0.11849799752235413,0,0.07873900234699249,-0.31415098905563354,0.9461020231246948,0,-0.14083999395370483,-0.9430350065231323,-0.3014119863510132,0,0.3595370054244995,11.803382873535156,0,1,-0.8464239835739136,-0.2857210040092468,0.4493660032749176,0,0.4897100031375885,-0.7491160035133362,0.4461039900779724,0,0.2091660052537918,0.5976529717445374,0.7739899754524231,0,16.968603134155273,-10.665969848632812,0.6005799770355225,1,0.9911500215530396,-0.12300900369882584,-0.049897998571395874,0,0.0316540002822876,0.584069013595581,-0.8110859990119934,0,0.1289149969816208,0.8023290038108826,0.5827940106391907,0,0,64.08012390136719,0,1,0.9534109830856323,-0.2146030068397522,0.21201999485492706,0,-0.13177800178527832,0.3359459936618805,0.9326170086860657,0,-0.271369993686676,-0.9171069860458374,0.2920149862766266,0,0,55.26921844482422,0,1,0.9920700192451477,-0.0002500000118743628,-0.12568600475788116,0,0.08268699795007706,0.7544119954109192,0.6511719822883606,0,0.09465699642896652,-0.6564009785652161,0.748449981212616,0,0,36.5555305480957,0,1,-0.9244049787521362,0.2614150047302246,-0.2777380049228668,0,-0.35522499680519104,-0.8552410006523132,0.3773309886455536,0,-0.1388929933309555,0.4474659860134125,0.8834499716758728,0,-16.968603134155273,-10.665969848632812,0.47241300344467163,1,0.9970239996910095,0.06639400124549866,0.039181001484394073,0,-0.0057379999198019505,0.5707229971885681,-0.8211219906806946,0,-0.07687900215387344,0.8184540271759033,0.5694059729576111,0,0,64.0646743774414,0,1,0.9508259892463684,0.30232301354408264,-0.06730800122022629,0,0.032225001603364944,0.11957500129938126,0.9923020005226135,0,0.3080439865589142,-0.9456760287284851,0.10395299643278122,0,0,55.258724212646484,0,1,0.9901130199432373,0.000045000000682193786,0.14026899635791779,0,-0.08232399821281433,0.8098430037498474,0.5808420181274414,0,-0.11356999725103378,-0.5866469740867615,0.8018400073051453,0,0,36.844871520996094,0,1
K0.033,0.45053601264953613,-0.007907974533736706,0.892723023891449,0,-0.06035401299595833,0.9974030256271362,0.03929397836327553,0,-0.890716016292572,-0.07158199697732925,0.44888898730278015,0,0.6721124649047852,135.50218200683594,-0.9315640926361084,1,0.999176025390625,-0.005290993954986334,-0.040234003216028214,0,0.008862994611263275,0.995980978012085,0.08912099897861481,0,0.039601001888513565,-0.08940400183200836,0.9952080249786377,0,0,19.2117919921875,-0.1207680031657219,1,0.9984310269355774,0.0317390039563179,-0.04612400382757187,0,-0.025895005092024803,0.9921709895133972,0.12217599898576736,0,0.04964100196957588,-0.12078999727964401,0.9914360046386719,0,0,22.4141845703125,0,1,0.9981449842453003,0.03203900530934334,-0.05177200213074684,0,-0.025605006143450737,0.9923850297927856,0.12048199772834778,0,0.05523800477385521,-0.11893299967050552,0.9913650155067444,0,0,25.616214752197266,0,1,0.9805369973182678,-0.056735966354608536,-0.18795998394489288,0,0.07004696875810623,0.9954270124435425,0.06494702398777008,0,0.1834159791469574,-0.07684901356697083,0.9800270199775696,0,0,28.8182430267334,0,1,0.8148800730705261,-0.28837594389915466,-0.5028019547462463,0,0.24205495417118073,0.9574980139732361,-0.15686796605587006,0,0.5266689658164978,0.006123013328760862,0.8500490188598633,0,0,24.812225341796875,-0.20795400440692902,1,0.07704499363899231,0.014462999999523163,-0.99692302942276,0,0.758228063583374,-0.650132954120636,0.0491660013794899,0,-0.6474219560623169,-0.7596830725669861,-0.0610559917986393,0,10.665525436401367,25.014419555664062,-0.09603600203990936,1,0.840283989906311,0.024103008210659027,0.5416099429130554,0,-0.23039504885673523,0.9201889634132385,0.3164961040019989,0,-0.4907549321651459,-0.3907310962677002,0.7787740230560303,0,0,22.733402252197266,0,1,-0.20743997395038605,0.9780870079994202,0.017719000577926636,0,-0.9780970215797424,-0.2076919674873352,0.01380200032144785,0,0.01717899926006794,-0.014468000270426273,0.9997479915618896,0,0,53.26781463623047,0,1,0.8833010196685791,-0.03214604780077934,-0.46770304441452026,0,-0.11317199468612671,0.9535189867019653,-0.27927306294441223,0,0.4549410343170166,0.2996130585670471,0.8386059403419495,0,0,48.9465217590332,0,1,0.8863160014152527,0.44260498881340027,-0.13617900013923645,0,-0.3656179904937744,0.8493090271949768,0.3807860016822815,0,0.28419598937034607,-0.28770801424980164,0.9145799875259399,0,-7.220077991485596,5.920783996582031,-0.000007000000096013537,1,0.8434169888496399,-0.49523401260375977,0.2083040028810501,0,0.3806009888648987,0.8244010210037231,0.4189339876174927,0,-0.37919700145721436,-0.27405598759651184,0.8838000297546387,0,-0.19343799352645874,7.4673380851745605,0,1,0.41207700967788696,-0.9111469984054565,0.001979999942705035,0,0.8701429963111877,0.3941749930381775,0.2957659959793091,0,-0.2702670097351074,-0.12015499919652939,0.9552580118179321,0,-0.07535800337791443,10.211470603942871,0,1,0.9907249808311462,0.09935899823904037,0.09269700199365616,0,-0.09796000272035599,0.04945899918675423,0.993960976600647,0,0.09417399764060974,-0.9938219785690308,0.058733001351356506,0,0,11.06796646118164,0.1714390069246292,1,0.9882150292396545,0.08168700337409973,0.12945599853992462,0,-0.07415299862623215,-0.484389990568161,0.8717039823532104,0,0.13391399383544922,-0.8710299730300903,-0.4726240038871765,0,0.2676999866962433,15.237060546875,0,1,0.9838889837265015,0.12030299752950668,0.13224700093269348,0,-0.0888110026717186,-0.3131060004234314,0.9455569982528687,0,0.15515999495983124,-0.9420679807662964,-0.2973780035972595,0,-0.2732299864292145,11.75461483001709,0,1,0.15722200274467468,-0.021250002086162567,0.9873350262641907,0,-0.9448570013046265,-0.2940629720687866,0.14412899315357208,0,0.28727495670318604,-0.9555500149726868,-0.06631200015544891,0,-10.665525436401367,25.013511657714844,0.048207998275756836,1,0.652472972869873,-0.6363630294799805,-0.41148701310157776,0,0.7484359741210938,0.4559760093688965,0.48159000277519226,0,-0.11883901059627533,-0.6221960186958313,0.7737889885902405,0,0,22.733402252197266,0,1,-0.5213660001754761,-0.8532249927520752,-0.013596000149846077,0,0.8532310128211975,-0.5214840173721313,0.0071310000494122505,0,-0.013174000196158886,-0.00788199994713068,0.9998819828033447,0,0,53.26276779174805,0,1,0.9989629983901978,-0.04480801522731781,0.008103023283183575,0,0.04472701624035835,0.9989500045776367,0.009960977360606194,0,-0.008541022427380085,-0.009587977081537247,0.9999179840087891,0,0,48.94882583618164,0,1,0.9380710124969482,-0.33267900347709656,0.09668199717998505,0,0.2601659893989563,0.8607529997825623,0.4375140070915222,0,-0.22877100110054016,-0.3852660059928894,0.8939989805221558,0,8.01883316040039,6.1007280349731445,0.000007000000096013537,1,0.8500319719314575,0.49375298619270325,0.183447003364563,0,-0.5267289876937866,0.7977510094642639,0.29351499676704407,0,-0.001420999993570149,-0.34612399339675903,0.9381880164146423,0,1.13714599609375,7.979971885681152,0,1,0.8240429759025574,0.565671980381012,-0.031116999685764313,0,-0.4989599883556366,0.7506809830665588,0.43303099274635315,0,0.2683129906654358,-0.3413099944591522,0.900842010974884,0,1.0223289728164673,9.384204864501953,0,1,0.9954789876937866,-0.08227899670600891,-0.04746200144290924,0,0.051747001707553864,0.05074499920010567,0.9973700046539307,0,-0.07965400069952011,-0.9953169822692871,0.05477299913764,0,0,12.017215728759766,0.170973002910614,1,0.9926480054855347,-0.06916899979114532,-0.09932699799537659,0,0.053619999438524246,-0.4844079911708832,0.8731970191001892,0,-0.1085129976272583,-0.8721029758453369,-0.4771380126476288,0,-0.2789439857006073,14.738595008850098,0,1,0.9868959784507751,-0.10951600223779678,-0.11849900335073471,0,0.07873900234699249,-0.3141520023345947,0.9461020231246948,0,-0.14083999395370483,-0.9430350065231323,-0.3014119863510132,0,0.3595370054244995,11.803382873535156,0,1,-0.8470569849014282,-0.2843189835548401,0.4490630030632019,0,0.4884519577026367,-0.7495179772377014,0.44680801033973694,0,0.20954500138759613,0.5978170037269592,0.773760974407196,0,16.968603134155273,-10.665969848632812,0.6005799770355225,1,0.9909579753875732,-0.12425800412893295,-0.05060900002717972,0,0.03212501108646393,0.5859750509262085,-0.8096920251846313,0,0.13026699423789978,0.8007450103759766,0.5846690535545349,0,0,64.08012390136719,0,1,0.9533299803733826,-0.21452701091766357,0.21246199309825897,0,-0.13127899169921875,0.33916905522346497,0.9315199851989746,0,-0.27189701795578003,-0.9159380197525024,0.29517707228660583,0,0,55.26921844482422,0,1,0.9920799732208252,-0.0002540000423323363,-0.12561100721359253,0,0.08267399668693542,0.7541859745979309,0.6514359712600708,0,0.09456899762153625,-0.6566609740257263,0.7482330203056335,0,0,36.5555305480957,0,1,-0.9244800209999084,0.2620140016078949,-0.27692100405693054,0,-0.355646014213562,-0.8543570041656494,0.37893202900886536,0,-0.13730396330356598,0.44880104064941406,0.8830209970474243,0,-16.968603134155273,-10.665969848632812,0.47241300344467163,1,0.9971179962158203,0.06510598212480545,0.03893499821424484,0,-0.004973990842700005,0.5682590007781982,-0.8228350281715393,0,-0.07569698989391327,0.8202700018882751,0.5669450163841248,0,0,64.0646743774414,0,1,0.9507459998130798,0.302293986082077,-0.06855901330709457,0,0.03395501524209976,0.11827999353408813,0.9923999905586243,0,0.308106005191803,-0.9458479881286621,0.10218998789787292,0,0,55.258724212646484,0,1,0.9900910258293152,0.00004999999873689376,0.1404310017824173,0,-0.08233799785375595,0.8102819919586182,0.5802270174026489,0,-0.11376000195741653,-0.5860400199890137,0.8022570013999939,0,0,36.844871520996094,0,1
K0.067,0.4510889947414398,-0.005351025611162186,0.8924630284309387,0,-0.06149298697710037,0.997418999671936,0.03706202283501625,0,-0.8903579711914062,-0.07159899920225143,0.44959598779678345,0,0.8219274878501892,135.50823974609375,-1.1419748067855835,1,0.9991710186004639,-0.004689006134867668,-0.0404369980096817,0,0.008280005306005478,0.9959869980812073,0.08911599963903427,0,0.03985699638724327,-0.08937700092792511,0.995199978351593,0,0,19.2117919921875,-0.1207680031657219,1,0.9984019994735718,0.03227699548006058,-0.04638499766588211,0,-0.026396993547677994,0.9921519756317139,0.12221899628639221,0,0.04996499791741371,-0.1207989975810051,0.9914190173149109,0,0,22.4141845703125,0,1,0.9981150031089783,0.032577995210886,-0.05201699584722519,0,-0.02610999532043934,0.9923670291900635,0.12052100151777267,0,0.055546995252370834,-0.11893600225448608,0.9913470149040222,0,0,25.616214752197266,0,1,0.9810410141944885,-0.053264033049345016,-0.18633802235126495,0,0.06679703295230865,0.995507001876831,0.06711697578430176,0,0.18192601203918457,-0.07829198241233826,0.9801899790763855,0,0,28.8182430267334,0,1,0.818511962890625,-0.28330206871032715,-0.49977701902389526,0,0.2377280443906784,0.9590020179748535,-0.15427802503108978,0,0.5229940414428711,0.007466986309736967,0.8523030281066895,0,0,24.812225341796875,-0.20795400440692902,1,0.0764240100979805,0.01445700041949749,-0.9969710111618042,0,0.7636319398880005,-0.6437750458717346,0.049201998859643936,0,-0.6411130428314209,-0.7650789618492126,-0.06023900583386421,0,10.665525436401367,25.014419555664062,-0.09603600203990936,1,0.8429120182991028,0.02486899308860302,0.5374770760536194,0,-0.23453795909881592,0.916015088558197,0.32543691992759705,0,-0.4842430651187897,-0.4003729224205017,0.7779520153999329,0,0,22.733402252197266,0,1,-0.2042570263147354,0.9787579774856567,0.017673999071121216,0,-0.9787669777870178,-0.20450803637504578,0.013810999691486359,0,0.017131999135017395,-0.014476999640464783,0.9997479915618896,0,0,53.26781463623047,0,1,0.8817409873008728,-0.03692995011806488,-0.47028598189353943,0,-0.11224400997161865,0.9518749713897705,-0.28519493341445923,0,0.45818597078323364,0.304254949092865,0.8351620435714722,0,0,48.9465217590332,0,1,0.8863160014152527,0.44260498881340027,-0.13617900013923645,0,-0.3656179904937744,0.8493090271949768,0.3807860016822815,0,0.28419598937034607,-0.28770801424980164,0.9145799875259399,0,-7.220077991485596,5.920783996582031,-0.000007000000096013537,1,0.8434169888496399,-0.49523401260375977,0.2083040028810501,0,0.3806009888648987,0.8244010210037231,0.41893500089645386,0,-0.37919700145721436,-0.27405598759651184,0.8838000297546387,0,-0.19343799352645874,7.4673380851745605,0,1,0.41207700967788696,-0.9111469984054565,0.001979999942705035,0,0.8701429963111877,0.3941749930381775,0.2957659959793091,0,-0.2702670097351074,-0.12015599757432938,0.9552580118179321,0,-0.07535800337791443,10.211470603942871,0,1,0.9907240271568298,0.09935899823904037,0.09269700199365616,0,-0.09796000272035599,0.04945899918675423,0.993960976600647,0,0.09417399764060974,-0.9938219785690308,0.058733001351356506,0,0,11.06796646118164,0.1714390069246292,1,0.9882150292396545,0.08168700337409973,0.12945599853992462,0,-0.07415299862623215,-0.484389990568161,0.8717039823532104,0,0.13391399383544922,-0.8710299730300903,-0.4726240038871765,0,0.2676999866962433,15.237060546875,0,1,0.9838889837265015,0.1203019991517067,0.13224700093269348,0,-0.0888110026717186,-0.3131070137023926,0.9455559849739075,0,0.15515999495983124,-0.9420679807662964,-0.2973780035972595,0,-0.2732299864292145,11.75461483001709,0,1,0.15703600645065308,-0.021514998748898506,0.9873579740524292,0,-0.9458079934120178,-0.29100802540779114,0.14408700168132782,0,0.284229040145874,-0.956479012966156,-0.06604799628257751,0,-10.665525436401367,25.013511657714844,0.048207998275756836,1,0.6529060006141663,-0.6364539861679077,-0.41065800189971924,0,0.7479320168495178,0.45610201358795166,0.48225298523902893,0,-0.11962999403476715,-0.6220099925994873,0.7738159894943237,0,0,22.733402252197266,0,1,-0.5207290053367615,-0.8536139726638794,-0.013590999878942966,0,0.8536199927330017,-0.5208470225334167,0.007135000079870224,0,-0.013168999925255775,-0.007885999977588654,0.9998819828033447,0,0,53.26276779174805,0,1,0.9988700151443481,-0.046377986669540405,0.010417976416647434,0,0.04629898443818092,0.9988980293273926,0.007710022386163473,0,-0.010764977894723415,-0.007219023536890745,0.9999160170555115,0,0,48.94882583618164,0,1,0.9380710124969482,-0.33267900347709656,0.09668199717998505,0,0.2601659893989563,0.8607519865036011,0.4375140070915222,0,-0.22877100110054016,-0.3852660059928894,0.8939989805221558,0,8.01883316040039,6.1007280349731445,0.000007000000096013537,1,0.8500319719314575,0.49375399947166443,0.183447003364563,0,-0.5267289876937866,0.7977499961853027,0.29351499676704407,0,-0.001420999993570149,-0.34612399339675903,0.9381880164146423,0,1.13714599609375,7.979971885681152,0,1,0.8240429759025574,0.565671980381012,-0.031116999685764313,0,-0.4989599883556366,0.75068199634552,0.43303099274635315,0,0.2683129906654358,-0.3413099944591522,0.900842010974884,0,1.0223289728164673,9.384204864501953,0,1,0.9954789876937866,-0.08227799832820892,-0.04746200144290924,0,0.051747001707553864,0.05074499920010567,0.9973700046539307,0,-0.07965400069952011,-0.9953169822692871,0.05477299913764,0,0,12.017215728759766,0.170973002910614,1,0.9926480054855347,-0.06916899979114532,-0.09932699799537659,0,0.053619999438524246,-0.4844079911708832,0.8731970191001892,0,-0.1085129976272583,-0.8721029758453369,-0.4771380126476288,0,-0.2789439857006073,14.738595008850098,0,1,0.9868959784507751,-0.10951600223779678,-0.11849900335073471,0,0.07873900234699249,-0.3141520023345947,0.9461020231246948,0,-0.14083999395370483,-0.9430350065231323,-0.3014119863510132,0,0.3595370054244995,11.803382873535156,0,1,-0.8478209972381592,-0.282785028219223,0.4485880136489868,0,0.48683303594589233,-0.7504330277442932,0.4470379948616028,0,0.21021999418735504,0.5973960161209106,0.7739030122756958,0,16.968603134155273,-10.665969848632812,0.6005799770355225,1,0.9908639788627625,-0.12503498792648315,-0.050544001162052155,0,0.03324798867106438,0.5896809697151184,-0.8069519996643066,0,0.13070200383663177,0.7978990077972412,0.5884509682655334,0,0,64.08012390136719,0,1,0.953046977519989,-0.2153419852256775,0.21290899813175201,0,-0.1300550103187561,0.34387093782424927,0.9299669861793518,0,-0.27347397804260254,-0.9139919877052307,0.2997189462184906,0,0,55.26921844482422,0,1,0.9920840263366699,-0.0002559999702498317,-0.12557299435138702,0,0.08266700059175491,0.7540709972381592,0.6515700221061707,0,0.09452400356531143,-0.6567929983139038,0.7481229901313782,0,0,36.5555305480957,0,1,-0.9246100187301636,0.2626180052757263,-0.2759140133857727,0,-0.35619300603866577,-0.8527929782867432,0.3819299638271332,0,-0.13499602675437927,0.45141497254371643,0.8820430040359497,0,-16.968603134155273,-10.665969848632812,0.47241300344467163,1,0.99720299243927,0.06381101161241531,0.038906000554561615,0,-0.004032009281218052,0.5657550096511841,-0.8245639801025391,0,-0.07462801039218903,0.8221009969711304,0.5644299983978271,0,0,64.0646743774414,0,1,0.9507690072059631,0.301923006772995,-0.06986598670482635,0,0.03560998663306236,0.117513008415699,0.9924330115318298,0,0.3078489899635315,-0.9460620284080505,0.10097601264715195,0,0,55.258724212646484,0,1,0.9900850057601929,0.00004999999873689376,0.14047099649906158,0,-0.08234000205993652,0.8103910088539124,0.5800740122795105,0,-0.11380700021982193,-0.5858889818191528,0.8023599982261658,0,0,36.844871520996094,0,1
K0.100,0.45021700859069824,-0.0019100001081824303,0.8929169774055481,0,-0.06373900175094604,0.9973779916763306,0.03426999971270561,0,-0.8906409740447998,-0.07234200090169907,0.4489150047302246,0,0.9907230138778687,135.5606231689453,-1.4090269804000854,1,0.9991739988327026,-0.004217000212520361,-0.040421999990940094,0,0.007809999864548445,0.9959890246391296,0.08913499861955643,0,0.03988400101661682,-0.08937700092792511,0.9951990246772766,0,0,19.2117919921875,-0.1207680031657219,1,0.9983890056610107,0.03271999955177307,-0.04636299982666969,0,-0.026837000623345375,0.9921330213546753,0.12227799743413925,0,0.05000000074505806,-0.12083700299263,0.9914119839668274,0,0,22.4141845703125,0,1,0.998100996017456,0.03302399814128876,-0.051993999630212784,0,-0.026551999151706696,0.9923480153083801,0.12058199942111969,0,0.05557800084352493,-0.11897200345993042,0.9913409948348999,0,0,25.616214752197266,0,1,0.9815790057182312,-0.04924200102686882,-0.18459899723529816,0,0.06295999884605408,0.9956139922142029,0.06920100003480911,0,0.18038199841976166,-0.07954899966716766,0.9803749918937683,0,0,28.8182430267334,0,1,0.8235300183296204,-0.2733660042285919,-0.49706101417541504,0,0.22943200170993805,0.9618719816207886,-0.14887100458145142,0,0.5188050270080566,0.008558000437915325,0.8548499941825867,0,0,24.812225341796875,-0.20795400440692902,1,0.07554399967193604,0.01447299961000681,-0.9970369935035706,0,0.7693489789962769,-0.636942982673645,0.04904700070619583,0,-0.6343460083007812,-0.7707750201225281,-0.05925200134515762,0,10.665525436401367,25.014419555664062,-0.09603600203990936,1,0.8448650240898132,0.024840999394655228,0.5344030261039734,0,-0.23790299892425537,0.9121609926223755,0.33371299505233765,0,-0.4791710078716278,-0.4090780019760132,0.7765629887580872,0,0,22.733402252197266,0,1,-0.19769099354743958,0.9801070094108582,0.017581000924110413,0,-0.9801160097122192,-0.19794100522994995,0.013829999603331089,0,0.017035000026226044,-0.01449699979275465,0.999750018119812,0,0,53.26781463623047,0,1,0.8802469968795776,-0.04357999935746193,-0.4725109934806824,0,-0.11212900280952454,0.9484699964523315,-0.29636499285697937,0,0.4610779881477356,0.31385600566864014,0.8300009965896606,0,0,48.9465217590332,0,1,0.8863160014152527,0.44260498881340027,-0.13617900013923645,0,-0.3656179904937744,0.8493090271949768,0.3807860016822815,0,0.28419598937034607,-0.28770801424980164,0.9145799875259399,0,-7.220077991485596,5.920783996582031,-0.000007000000096013537,1,0.8434169888496399,-0.49523401260375977,0.2083040028810501,0,0.3806009888648987,0.8244010210037231,0.41893500089645386,0,-0.37919700145721436,-0.27405598759651184,0.8838000297546387,0,-0.19343799352645874,7.4673380851745605,0,1,0.41207700967788696,-0.9111469984054565,0.001979999942705035,0,0.8701429963111877,0.3941749930381775,0.2957659959793091,0,-0.27026599645614624,-0.12015499919652939,0.9552580118179321,0,-0.07535800337791443,10.211470603942871,0,1,0.9907249808311462,0.09935899823904037,0.09269700199365616,0,-0.09796000272035599,0.04945899918675423,0.993960976600647,0,0.09417399764060974,-0.9938219785690308,0.058733001351356506,0,0,11.06796646118164,0.1714390069246292,1,0.9882150292396545,0.08168700337409973,0.12945599853992462,0,-0.07415299862623215,-0.484389990568161,0.8717039823532104,0,0.13391399383544922,-0.8710299730300903,-0.4726240038871765,0,0.2676999866962433,15.237060546875,0,1,0.9838889837265015,0.1203019991517067,0.13224700093269348,0,-0.08880999684333801,-0.3131070137023926,0.9455559849739075,0,0.15515999495983124,-0.9420679807662964,-0.2973780035972595,0,-0.2732299864292145,11.75461483001709,0,1,0.15686100721359253,-0.021831000223755836,0.9873790144920349,0,-0.946940004825592,-0.28730401396751404,0.14408400654792786,0,0.28053298592567444,-0.9575909972190857,-0.06573999673128128,0,-10.665525436401367,25.013511657714844,0.048207998275756836,1,0.6539959907531738,-0.6359140276908875,-0.4097599983215332,0,0.7469050288200378,0.45678800344467163,0.4831959903240204,0,-0.12009800225496292,-0.6220600008964539,0.7737039923667908,0,0,22.733402252197266,0,1,-0.5210999846458435,-0.8533869981765747,-0.013593999668955803,0,0.8533939719200134,-0.5212180018424988,0.007133000064641237,0,-0.013171999715268612,-0.007884000428020954,0.9998819828033447,0,0,53.26276779174805,0,1,0.9987890124320984,-0.047401998192071915,0.013206999748945236,0,0.047338999807834625,0.9988660216331482,0.0050200000405311584,0,-0.01343000028282404,-0.004389000125229359,0.9998999834060669,0,0,48.94882583618164,0,1,0.9380710124969482,-0.33267900347709656,0.09668199717998505,0,0.2601659893989563,0.8607519865036011,0.437514990568161,0,-0.22877100110054016,-0.3852660059928894,0.8939989805221558,0,8.01883316040039,6.1007280349731445,0.000007000000096013537,1,0.8500319719314575,0.49375399947166443,0.183447003364563,0,-0.5267289876937866,0.7977499961853027,0.29351499676704407,0,-0.001420999993570149,-0.34612399339675903,0.9381880164146423,0,1.13714599609375,7.979971885681152,0,1,0.8240429759025574,0.565671980381012,-0.031116999685764313,0,-0.4989599883556366,0.75068199634552,0.43303099274635315,0,0.2683129906654358,-0.3413099944591522,0.900842010974884,0,1.0223289728164673,9.384204864501953,0,1,0.9954789876937866,-0.08227899670600891,-0.04746200144290924,0,0.051747001707553864,0.05074499920010567,0.9973700046539307,0,-0.07965400069952011,-0.9953169822692871,0.05477299913764,0,0,12.017215728759766,0.170973002910614,1,0.9926480054855347,-0.06916899979114532,-0.09932699799537659,0,0.053619999438524246,-0.4844079911708832,0.8731970191001892,0,-0.1085129976272583,-0.8721029758453369,-0.4771380126476288,0,-0.2789439857006073,14.738595008850098,0,1,0.9868959784507751,-0.10951600223779678,-0.11849799752235413,0,0.07873900234699249,-0.3141520023345947,0.9461020231246948,0,-0.14083999395370483,-0.9430350065231323,-0.3014119863510132,0,0.3595370054244995,11.803382873535156,0,1,-0.8486160039901733,-0.28132200241088867,0.44800499081611633,0,0.48487600684165955,-0.7522739768028259,0.44607099890708923,0,0.21153299510478973,0.5957689881324768,0.7747979760169983,0,16.968603134155273,-10.665969848632812,0.6005799770355225,1,0.9908909797668457,-0.12535099685192108,-0.04921400174498558,0,0.03557499870657921,0.5961250066757202,-0.8021029829978943,0,0.12988199293613434,0.7930459976196289,0.5951539874076843,0,0,64.08012390136719,0,1,0.9525049924850464,-0.21719400584697723,0.21345199644565582,0,-0.12795700132846832,0.3506009876728058,0.9277420043945312,0,-0.27633699774742126,-0.9109920263290405,0.30615800619125366,0,0,55.26921844482422,0,1,0.9920650124549866,-0.0002479999966453761,-0.12572899460792542,0,0.08269499987363815,0.7545400261878967,0.6510229706764221,0,0.09470599889755249,-0.6562539935112,0.7485730051994324,0,0,36.5555305480957,0,1,-0.9248129725456238,0.26322099566459656,-0.2746559977531433,0,-0.3568519949913025,-0.8504289984703064,0.386557012796402,0,-0.1318259984254837,0.45550501346588135,0.8804190158843994,0,-16.968603134155273,-10.665969848632812,0.47241300344467163,1,0.9972720146179199,0.062474001199007034,0.039322998374700546,0,-0.0027310000732541084,0.5635570287704468,-0.8260729908943176,0,-0.0737679973244667,0.8237119913101196,0.5621899962425232,0,0,64.0646743774414,0,1,0.9509000182151794,0.30118700861930847,-0.07124499976634979,0,0.037101998925209045,0.11760400235652924,0.9923670291900635,0,0.3072670102119446,-0.9462850093841553,0.10065499693155289,0,0,55.258724212646484,0,1,0.9900749921798706,0.000052999999752501026,0.1405390053987503,0,-0.08234599977731705,0.8105769753456116,0.5798140168190002,0,-0.1138869971036911,-0.5856329798698425,0.8025360107421875,0,0,36.844871520996094,0,1
