1.467,30,44,41
B0,mixamorig_Hips,-1,0.8781859874725342,0.0676821693778038,0.4735058844089508,0,0.05016873776912689,0.9714428782463074,-0.23190169036388397,0,-0.4756816327571869,0.2274077981710434,0.8497119545936584,0,1.3836236000061035,135.6938018798828,-2.6244094371795654,1
B1,mixamorig_Spine,0,0.9993278384208679,-0.017317762598395348,-0.03231284022331238,0,0.022236406803131104,0.9870786666870117,0.1586841493844986,0,0.029147326946258545,-0.1592961847782135,0.9868002533912659,0,0,19.21179962158203,-0.12080000340938568,1
B2,mixamorig_Spine1,1,0.9974043369293213,-0.028883924707770348,-0.06594935804605484,0,0.048809535801410675,0.94464111328125,0.3244553208351135,0,0.052927061915397644,-0.32683178782463074,0.9435989856719971,0,0,22.414199829101562,0,1
B3,mixamorig_Spine2,2,0.9974043369293213,-0.028883924707770348,-0.06594935804605484,0,0.048809535801410675,0.94464111328125,0.3244553208351135,0,0.052927061915397644,-0.32683178782463074,0.9435989856719971,0,0,25.616199493408203,0,1
B4,mixamorig_Neck,3,0.9942593574523926,0.008797148242592812,-0.1066218912601471,0,-0.043850384652614594,0.9425596594810486,-0.3311433494091034,0,0.09758375585079193,0.333919495344162,0.9375364184379578,0,0,28.818199157714844,0,1
B5,mixamorig_Head,4,0.9994914531707764,-0.02377876080572605,0.021226907148957253,0,0.02810538373887539,0.9715994596481323,-0.23495538532733917,0,-0.015037656761705875,0.23543214797973633,0.9717738628387451,0,0,24.81220054626465,-0.20800000429153442,1
B6,mixamorig_HeadTop_End,5,1,0,0,0,0,1,0,0,0,0,1,0,0,103.31420135498047,-0.8658999800682068,1
B7,mixamorig_LeftShoulder,3,0.5851666927337646,-0.6803011298179626,-0.4413281977176666,0,0.7012534737586975,0.15123102068901062,0.6966871619224548,0,-0.40721452236175537,-0.7171611189842224,0.5655584931373596,0,10.665499687194824,25.014400482177734,-0.09600000083446503,1
B8,mixamorig_LeftArm,7,0.7614991664886475,0.32025450468063354,0.5634779334068298,0,-0.6094163656234741,0.6497618556022644,0.4542846977710724,0,-0.22063994407653809,-0.6893677115440369,0.6899906992912292,0,0,22.733400344848633,0,1
B9,mixamorig_LeftForeArm,8,0.8253144025802612,0.5646071434020996,0.003003831719979644,0,-0.5646128058433533,0.8252837657928467,0.007227736059576273,0,0.0016032065032050014,-0.007661548443138599,0.9999693036079407,0,0,53.267799377441406,0,1
B10,mixamorig_LeftHand,9,0.9388529658317566,-0.13325071334838867,0.31748828291893005,0,0.30519968271255493,0.7488504648208618,-0.5882406234741211,0,-0.1593673825263977,0.6491687893867493,0.7437288165092468,0,0,48.94649887084961,0,1
B11,mixamorig_LeftHandThumb1,10,0.7155823707580566,0.6970643401145935,-0.04417598247528076,0,-0.6857962012290955,0.7131758332252502,0.14509855210781097,0,0.13266412913799286,-0.07354392856359482,0.9883807301521301,0,-7.220099925994873,5.92080020904541,0,1
B12,mixamorig_LeftHandThumb2,11,0.9904100894927979,0.054670970886945724,0.1268807053565979,0,-0.07119356840848923,0.9890103936195374,0.12957896292209625,0,-0.11840200424194336,-0.13736915588378906,0.9834179878234863,0,-0.19339999556541443,7.467299938201904,0,1
B13,mixamorig_LeftHandThumb3,12,0.9992679953575134,0.03823031112551689,0.0016430000541731715,0,-0.03822999820113182,0.9992690086364746,-0.000050999999075429514,0,-0.001643999945372343,-0.000012000000424450263,0.9999989867210388,0,-0.07540000230073929,10.21150016784668,0,1
B14,mixamorig_LeftHandThumb4,13,1,0,0,0,0,1,0,0,0,0,1,0,0.2687999904155731,8.708700180053711,0,1
B15,mixamorig_LeftHandIndex1,10,0.994307279586792,-0.08271017670631409,-0.06713224202394485,0,0.10289832949638367,0.908768892288208,0.40440744161605835,0,0.02755824662744999,-0.40901583433151245,0.9121109843254089,0,0,11.067999839782715,0.17139999568462372,1
B16,mixamorig_LeftHandIndex2,15,0.9961733222007751,0.08121568709611893,0.032288480550050735,0,-0.0840543806552887,0.7890626788139343,0.6085349917411804,0,0.023945512250065804,-0.6089204549789429,0.792870283126831,0,0.2676999866962433,15.237099647521973,0,1
B17,mixamorig_LeftHandIndex3,16,0.9997140169143677,0.023795999586582184,-0.002193999942392111,0,-0.023795999586582184,0.9997169971466064,9.999999974752427e-7,0,0.0021929999347776175,0.000050999999075429514,0.9999979734420776,0,-0.27320000529289246,11.754599571228027,0,1
B18,mixamorig_LeftHandIndex4,17,1,0,0,0,0,1,0,0,0,0,1,0,0.005499999970197678,9.809100151062012,0,1
B19,mixamorig_RightShoulder,3,0.6704102158546448,0.5382187366485596,0.5107511878013611,0,-0.6055472493171692,-0.0009145052754320204,0.7957981824874878,0,0.4287766218185425,-0.8428012728691101,0.3253028392791748,0,-10.665499687194824,25.013500213623047,0.04820000007748604,1
B20,mixamorig_RightArm,19,0.46912437677383423,-0.8774789571762085,-0.09874111413955688,0,0.8820053339004517,0.4711345434188843,0.0027448900509625673,0,0.04401910677552223,-0.08838097006082535,0.9950083494186401,0,0,22.733400344848633,0,1
B21,mixamorig_RightForeArm,20,0.9927422404289246,-0.11976906657218933,-0.000553836754988879,0,0.11977006494998932,0.9927422404289246,0.0009923558682203293,0,0.00043029861990362406,-0.0010510850697755814,0.9999989867210388,0,0,53.26279830932617,0,1
B22,mixamorig_RightHand,21,0.7860300540924072,0.05421708524227142,-0.6156455874443054,0,-0.3001379072666168,0.904197096824646,-0.30353251099586487,0,0.5402248501777649,0.423488587141037,0.7271586656570435,0,0,48.94879913330078,0,1
B23,mixamorig_RightHandThumb1,22,0.6465482115745544,-0.4996325671672821,0.5764901638031006,0,0.3500392735004425,0.8657324314117432,0.35773974657058716,0,-0.6778237819671631,-0.029501622542738914,0.7346290946006775,0,8.018799781799316,6.1006999015808105,0,1
B24,mixamorig_RightHandThumb2,23,0.9994855523109436,0.027617625892162323,-0.016269784420728683,0,-0.027770420536398888,0.9995710253715515,-0.009262031875550747,0,0.016007164493203163,0.00970881525427103,0.9998247623443604,0,1.1370999813079834,7.980000019073486,0,1
B25,mixamorig_RightHandThumb3,24,0.9253829717636108,-0.37821000814437866,-0.024961000308394432,0,0.3781520128250122,0.925715982913971,-0.007160999812185764,0,0.025815000757575035,-0.0028119999915361404,0.9996629953384399,0,1.0223000049591064,9.384200096130371,0,1
B26,mixamorig_RightHandThumb4,25,1,0,0,0,0,1,0,0,0,0,1,0,-2.1594998836517334,7.527200222015381,0,1
B27,mixamorig_RightHandIndex1,22,0.9776269793510437,-0.20994485914707184,-0.012966223992407322,0,0.20817981660366058,0.9569005966186523,0.20248551666736603,0,-0.030103541910648346,-0.2006548047065735,0.979199230670929,0,0,12.017200469970703,0.17100000381469727,1
B28,mixamorig_RightHandIndex2,27,0.9999846816062927,-0.005269140470772982,-0.0015262551605701447,0,0.0054641407914459705,0.9320350289344788,0.36232730746269226,0,-0.00048718746984377503,-0.3623296022415161,0.9320496320724487,0,-0.27889999747276306,14.73859977722168,0,1
B29,mixamorig_RightHandIndex3,28,0.9992290139198303,-0.0391790010035038,0.002672000089660287,0,0.0391790010035038,0.9992319941520691,0.00002300000051036477,0,-0.0026710000820457935,0.00008131076174322516,0.9999960064888,0,0.359499990940094,11.803400039672852,0,1
B30,mixamorig_RightHandIndex4,29,1,0,0,0,0,1,0,0,0,0,1,0,-0.08060000091791153,9.22070026397705,0,1
B31,mixamorig_LeftUpLeg,0,-0.8797674775123596,-0.25042474269866943,0.404100239276886,0,0.38665345311164856,-0.8714695572853088,0.3017227351665497,0,0.2766018807888031,0.4216926097869873,0.8635178804397583,0,16.968599319458008,-10.666000366210938,0.600600004196167,1
B32,mixamorig_LeftLeg,31,0.9953039288520813,-0.09219378978013992,0.02950381301343441,0,0.08856727182865143,0.7443228960037231,-0.6619214415550232,0,0.03906508535146713,0.6614260077476501,0.7489922642707825,0,0,64.0801010131836,0,1
B33,mixamorig_LeftFoot,32,0.8782341480255127,-0.10073745250701904,0.4675000011920929,0,-0.30509403347969055,0.6347641348838806,0.7099233865737915,0,-0.3682682514190674,-0.7661105990409851,0.5267371535301208,0,0,55.26919937133789,0,1
B34,mixamorig_LeftToeBase,33,0.9908387064933777,0.0006164826336316764,-0.13504761457443237,0,0.08469617366790771,0.7760530710220337,0.6249540448188782,0,0.10518898814916611,-0.6306671500205994,0.768891453742981,0,0,36.55550003051758,0,1
B35,mixamorig_LeftToe_End,34,1,0,0,0,0,1,0,0,0,0,1,0,0,13.579999923706055,0,1
B36,mixamorig_RightUpLeg,0,-0.8995742797851562,0.4228544533252716,-0.10934337228536606,0,-0.43137991428375244,-0.8993827700614929,0.07086582481861115,0,-0.06837590038776398,0.1109175756573677,0.9914721250534058,0,-16.968599319458008,-10.666000366210938,0.4724000096321106,1
B37,mixamorig_RightLeg,36,0.9947764277458191,0.08883314579725266,-0.05028969794511795,0,-0.09144079685211182,0.5564877390861511,-0.8258069157600403,0,-0.04537376016378403,0.8260918855667114,0.5617030262947083,0,0,64.064697265625,0,1
B38,mixamorig_RightFoot,37,0.978163480758667,0.20132486522197723,0.05159251019358635,0,-0.06237853690981865,0.04760144278407097,0.9969145059585571,0,0.19824616611003876,-0.9783668518066406,0.059120941907167435,0,0,55.25870132446289,0,1
B39,mixamorig_RightToeBase,38,0.9914131164550781,0.004810828249901533,0.1306782066822052,0,-0.08608771115541458,0.7762331962585449,0.624539852142334,0,-0.09843237698078156,-0.6304268836975098,0.7699819207191467,0,0,36.84489822387695,0,1
B40,mixamorig_RightToe_End,39,1,0,0,0,0,1,0,0,0,0,1,0,0,13.57919979095459,0,1
@34,0,1,2,3,4,5,7,8,9,10,11,12,13,15,16,17,19,20,21,22,23,24,25,27,28,29,31,32,33,34,36,37,38,39
K0.000,0.8866009712219238,0.0563029982149601,0.4590960144996643,0,0.044454000890254974,0.9775959849357605,-0.2057420015335083,0,-0.4603939950466156,0.20282000303268433,0.864234983921051,0,0.5081920027732849,136.50668334960938,-1.8300509452819824,1,0.9991840124130249,-0.01739400066435337,-0.03645699843764305,0,0.023026999086141586,0.9868019819259644,0.160289004445076,0,0.033188000321388245,-0.16099800169467926,0.9863970279693604,0,0,19.21179962158203,-0.12080000340938568,1,0.9968379735946655,-0.028372999280691147,-0.07422400265932083,0,0.05123100057244301,0.9435039758682251,0.32737600803375244,0,0.06074199825525284,-0.3301439881324768,0.9419739842414856,0,0,22.414199829101562,0,1,0.9968379735946655,-0.028372999280691147,-0.07422400265932083,0,0.05123100057244301,0.9435039758682251,0.32737600803375244,0,0.06074199825525284,-0.3301439881324768,0.9419739842414856,0,0,25.616199493408203,0,1,0.995523989200592,-0.032232001423835754,-0.08883800357580185,0,-0.000678999989759177,0.9375789761543274,-0.3477729856967926,0,0.09450200200080872,0.34627699851989746,0.9333599805831909,0,0,28.818199157714844,0,1,0.9994940161705017,-0.017044000327587128,0.026872999966144562,0,0.02247699908912182,0.9759100079536438,-0.21701399981975555,0,-0.022525999695062637,0.217508003115654,0.975799024105072,0,0,24.81220054626465,-0.20800000429153442,1,0.5845980048179626,-0.6807259917259216,-0.44142699241638184,0,0.7013829946517944,0.1505489945411682,0.6967039704322815,0,-0.40780800580978394,-0.7169010043144226,0.5654600262641907,0,10.665499687194824,25.014400482177734,-0.09600000083446503,1,0.7129529714584351,0.4189299941062927,0.5623120069503784,0,-0.6771180033683777,0.6197119951248169,0.396822988986969,0,-0.18223099410533905,-0.6636679768562317,0.7254909873008728,0,0,22.733400344848633,0,1,0.8850070238113403,0.4655739963054657,0.0020540000405162573,0,-0.46557700634002686,0.8849859833717346,0.006192999891936779,0,0.0010649999603629112,-0.006436999887228012,0.9999790191650391,0,0,53.267799377441406,0,1,0.9258819818496704,-0.08421599864959717,0.3683069944381714,0,0.280254989862442,0.8068580031394958,-0.5200350284576416,0,-0.2533760070800781,0.5847110152244568,0.770658016204834,0,0,48.94649887084961,0,1,0.7080730199813843,0.67085200548172,-0.22043099999427795,0,-0.6682130098342896,0.7374879717826843,0.0979980006814003,0,0.22830699384212494,0.07790499925613403,0.9704669713973999,0,-7.220099925994873,5.92080020904541,0,1,0.9909579753875732,0.05524900183081627,0.12227100133895874,0,-0.07138299942016602,0.9887049794197083,0.13178099691867828,0,-0.11360900104045868,-0.13931800425052643,0.9837089776992798,0,-0.19339999556541443,7.467299938201904,0,1,0.9992679953575134,0.03822999820113182,0.0016430000541731715,0,-0.03822999820113182,0.9992690086364746,-0.000050999999075429514,0,-0.001643999945372343,-0.000012000000424450263,0.9999989867210388,0,-0.07540000230073929,10.21150016784668,0,1,0.9975849986076355,-0.052101001143455505,-0.04593899846076965,0,0.06669799983501434,0.9031810164451599,0.42404600977897644,0,0.019398000091314316,-0.4260860085487366,0.9044749736785889,0,0,11.067999839782715,0.17139999568462372,1,0.9954569935798645,0.08918900042772293,0.03332500159740448,0,-0.08974599838256836,0.7620779871940613,0.6412349939346313,0,0.03179499879479408,-0.6413130164146423,0.7666209936141968,0,0.2676999866962433,15.237099647521973,0,1,0.9997140169143677,0.023795999586582184,-0.002193999942392111,0,-0.023795999586582184,0.9997169971466064,0,0,0.0021929999347776175,0.000050999999075429514,0.9999979734420776,0,-0.27320000529289246,11.754599571228027,0,1,0.6834920048713684,0.5321509838104248,0.49965399503707886,0,-0.5790820121765137,-0.021448999643325806,0.8149870038032532,0,0.4444130063056946,-0.8463780283927917,0.2934989929199219,0,-10.665499687194824,25.013500213623047,0.04820000007748604,1,0.5704770088195801,-0.8210650086402893,0.02020600065588951,0,0.8197929859161377,0.5677530169487,-0.07480300217866898,0,0.049945998936891556,0.059238001704216,0.9969940185546875,0,0,22.733400344848633,0,1,0.9553470015525818,-0.2954829931259155,-0.0009200000204145908,0,0.2954849898815155,0.9553449749946594,0.0023719999007880688,0,0.00017899999511428177,-0.00253800000064075,0.9999970197677612,0,0,53.26279830932617,0,1,0.7057629823684692,0.15654399991035461,-0.6909360289573669,0,-0.47028300166130066,0.8329269886016846,-0.29166099429130554,0,0.5298420190811157,0.5307790040969849,0.6614689826965332,0,0,48.94879913330078,0,1,0.6346499919891357,-0.48535600304603577,0.6013720035552979,0,0.3669990003108978,0.874114990234375,0.31817498803138733,0,-0.6800969839096069,0.0187740009278059,0.732882022857666,0,8.018799781799316,6.1006999015808105,0,1,0.9997720122337341,0.014101999811828136,-0.01600700058043003,0,-0.01433700043708086,0.9997900128364563,-0.014638000167906284,0,0.015797000378370285,0.01486399956047535,0.9997649788856506,0,1.1370999813079834,7.980000019073486,0,1,0.9253829717636108,-0.37821000814437866,-0.024961000308394432,0,0.3781520128250122,0.925715982913971,-0.007160999812185764,0,0.025815000757575035,-0.0028119999915361404,0.9996629953384399,0,1.0223000049591064,9.384200096130371,0,1,0.9761999845504761,-0.21634100377559662,-0.015150999650359154,0,0.21480000019073486,0.9548850059509277,0.20507299900054932,0,-0.02989800088107586,-0.20344600081443787,0.9786289930343628,0,0,12.017200469970703,0.17100000381469727,1,0.9999759793281555,-0.006657000165432692,-0.0018019999843090773,0,0.006850999779999256,0.9290030002593994,0.3700079917907715,0,-0.0007890000124461949,-0.37001198530197144,0.9290270209312439,0,-0.27889999747276306,14.73859977722168,0,1,0.9992290139198303,-0.0391790010035038,0.002672000089660287,0,0.0391790010035038,0.9992319941520691,0.00002300000051036477,0,-0.0026710000820457935,0.00008099999831756577,0.9999960064888,0,0.359499990940094,11.803400039672852,0,1,-0.884207010269165,-0.2500549852848053,0.3945240080356598,0,0.3870660066604614,-0.865028977394104,0.319225013256073,0,0.26145100593566895,0.4349679946899414,0.8616529703140259,0,16.968599319458008,-10.666000366210938,0.600600004196167,1,0.9953629970550537,-0.09206599742174149,0.027871999889612198,0,0.08824999630451202,0.7587119936943054,-0.645421028137207,0,0.03827400133013725,0.6448879837989807,0.7633180022239685,0,0,64.0801010131836,0,1,0.8784700036048889,-0.09488599747419357,0.46828100085258484,0,-0.303272008895874,0.6466109752655029,0.6999430060386658,0,-0.36921000480651855,-0.7568960189819336,0.539251983165741,0,0,55.26919937133789,0,1,0.9909570217132568,0.0003440000000409782,-0.13418300449848175,0,0.08434499800205231,0.7761470079421997,0.6248859763145447,0,0.10436099767684937,-0.6305519938468933,0.7690989971160889,0,0,36.55550003051758,0,1,-0.9024009704589844,0.408143013715744,-0.13817299902439117,0,-0.41951900720596313,-0.9053810238838196,0.0654970034956932,0,-0.09836699813604355,0.1170710027217865,0.9882400035858154,0,-16.968599319458008,-10.666000366210938,0.4724000096321106,1,0.9950760006904602,0.08429999649524689,-0.05213100090622902,0,-0.09152799844741821,0.5796980261802673,-0.8096740245819092,0,-0.03803500160574913,0.8104590177536011,0.5845590233802795,0,0,64.064697265625,0,1,0.9776099920272827,0.20341500639915466,0.05385800078511238,0,-0.06734299659729004,0.05996000021696091,0.9959269762039185,0,0.19935700297355652,-0.9772549867630005,0.07231699675321579,0,0,55.25870132446289,0,1,0.9921370148658752,0.0014049999881535769,0.1251469999551773,0,-0.07925699651241302,0.7809339761734009,0.6195650100708008,0,-0.09686099737882614,-0.6246119737625122,0.7749050259590149,0,0,36.84489822387695,0,1
K0.033,0.8867350220680237,0.05608699843287468,0.4588629901409149,0,0.0445839986205101,0.9776099920272827,-0.20565000176429749,0,-0.4601230025291443,0.2028149962425232,0.8643800020217896,0,0.5009069442749023,136.50941467285156,-1.8228329420089722,1,0.9991829991340637,-0.01740800030529499,-0.03647100180387497,0,0.023042000830173492,0.9868080019950867,0.1602489948272705,0,0.03319999948143959,-0.16095900535583496,0.9864029884338379,0,0,19.21179962158203,-0.12080000340938568,1,0.9968349933624268,-0.02840700000524521,-0.07425399869680405,0,0.05126800015568733,0.9435290098190308,0.32729899883270264,0,0.060763001441955566,-0.33006998896598816,0.9419990181922913,0,0,22.414199829101562,0,1,0.9968349933624268,-0.02840700000524521,-0.07425399869680405,0,0.05126800015568733,0.9435290098190308,0.32729899883270264,0,0.060763001441955566,-0.33006998896598816,0.9419990181922913,0,0,25.616199493408203,0,1,0.9955180287361145,-0.03267800807952881,-0.08874300122261047,0,-0.0002099917473969981,0.9376360177993774,-0.3476180136203766,0,0.09456799924373627,0.3460789918899536,0.9334269762039185,0,0,28.818199157714844,0,1,0.9994980096817017,-0.01681799627840519,0.026865998283028603,0,0.022255996242165565,0.9759020209312439,-0.21707099676132202,0,-0.022567998617887497,0.21755999326705933,0.9757859706878662,0,0,24.81220054626465,-0.20800000429153442,1,0.5846080183982849,-0.6807439923286438,-0.4413850009441376,0,0.7012699842453003,0.15040799975395203,0.69684898853302,0,-0.4079880118370056,-0.7169139981269836,0.5653150081634521,0,10.665499687194824,25.014400482177734,-0.09600000083446503,1,0.715129017829895,0.41652998328208923,0.5613319873809814,0,-0.6746799945831299,0.6212819814682007,0.39851701259613037,0,-0.18275199830532074,-0.6637099981307983,0.7253209948539734,0,0,22.733400344848633,0,1,0.8819559812545776,0.4713260233402252,0.0021080002188682556,0,-0.47133001685142517,0.8819350004196167,0.0062520005740225315,0,0.0010870001278817654,-0.006508000660687685,0.9999780058860779,0,0,53.267799377441406,0,1,0.9238070249557495,-0.09233903139829636,0.3715570271015167,0,0.28851401805877686,0.8058559894561768,-0.5170649886131287,0,-0.2516759932041168,0.584867000579834,0.7710959911346436,0,0,48.94649887084961,0,1,0.7093750238418579,0.6712660193443298,-0.21491488814353943,0,-0.668300986289978,0.7374690175056458,0.09753499180078506,0,0.22396491467952728,0.0744389221072197,0.971750020980835,0,-7.220099925994873,5.92080020904541,0,1,0.9909589886665344,0.05524900183081627,0.12226100265979767,0,-0.07138200104236603,0.9887049794197083,0.1317870020866394,0,-0.11359900236129761,-0.13932199776172638,0.983709990978241,0,-0.19339999556541443,7.467299938201904,0,1,0.9992679953575134,0.03822999820113182,0.0016430000541731715,0,-0.03822999820113182,0.9992690086364746,-0.000050999999075429514,0,-0.001643999945372343,-0.000012000000424450263,0.9999989867210388,0,-0.07540000230073929,10.21150016784668,0,1,0.9976239800453186,-0.05166099593043327,-0.04557299613952637,0,0.06612799316644669,0.9035549759864807,0.42333900928497314,0,0.019308000802993774,-0.4253470003604889,0.9048240184783936,0,0,11.067999839782715,0.17139999568462372,1,0.9954540133476257,0.08921299874782562,0.03334999829530716,0,-0.08977600187063217,0.7619850039482117,0.6413419842720032,0,0.03180399909615517,-0.6414200067520142,0.7665299773216248,0,0.2676999866962433,15.237099647521973,0,1,0.9997140169143677,0.023795999586582184,-0.002193999942392111,0,-0.023795999586582184,0.9997169971466064,0,0,0.0021929999347776175,0.000050999999075429514,0.9999979734420776,0,-0.27320000529289246,11.754599571228027,0,1,0.6834999918937683,0.5321329832077026,0.49966299533843994,0,-0.5791140198707581,-0.021394997835159302,0.8149660229682922,0,0.44435998797416687,-0.8463910222053528,0.2935419976711273,0,-10.665499687194824,25.013500213623047,0.04820000007748604,1,0.5710009932518005,-0.8208000063896179,0.015634942799806595,0,0.8193219900131226,0.5685679912567139,-0.07376998662948608,0,0.051660019904375076,0.05493294447660446,0.9971529841423035,0,0,22.733400344848633,0,1,0.9544979929924011,-0.29821503162384033,-0.0009280000813305378,0,0.2982160151004791,0.9544950127601624,0.00239200028590858,0,0.0001719999563647434,-0.0025590001605451107,0.9999970197677612,0,0,53.26279830932617,0,1,0.7075190544128418,0.16448305547237396,-0.6872859597206116,0,-0.473690003156662,0.8320990204811096,-0.2884950041770935,0,0.5244369506835938,0.5296760201454163,0.666640043258667,0,0,48.94879913330078,0,1,0.6370859742164612,-0.48361995816230774,0.600193977355957,0,0.36479395627975464,0.875124990940094,0.3179340064525604,0,-0.6790040135383606,0.016395973041653633,0.7339509725570679,0,8.018799781799316,6.1006999015808105,0,1,0.999763011932373,0.014770006760954857,-0.016022000461816788,0,-0.015001006424427032,0.999783992767334,-0.014372996985912323,0,0.01580600067973137,0.014609997160732746,0.9997680187225342,0,1.1370999813079834,7.980000019073486,0,1,0.9253829717636108,-0.37821000814437866,-0.024961000308394432,0,0.3781520128250122,0.925715982913971,-0.007160999812185764,0,0.025815000757575035,-0.0028119999915361404,0.9996629953384399,0,1.0223000049591064,9.384200096130371,0,1,0.976315975189209,-0.21584199368953705,-0.014799997210502625,0,0.21427500247955322,0.9552410244941711,0.2039639800786972,0,-0.029885999858379364,-0.20230498909950256,0.9788659811019897,0,0,12.017200469970703,0.17100000381469727,1,0.9999759793281555,-0.0066650002263486385,-0.001803999999538064,0,0.006858999840915203,0.9289849996566772,0.3700549900531769,0,-0.0007910000858828425,-0.37005800008773804,0.9290080070495605,0,-0.27889999747276306,14.73859977722168,0,1,0.9992290139198303,-0.0391790010035038,0.002672000089660287,0,0.0391790010035038,0.9992319941520691,0.00002300000051036477,0,-0.0026710000820457935,0.00008099999831756577,0.9999960064888,0,0.359499990940094,11.803400039672852,0,1,-0.8841670155525208,-0.25019899010658264,0.3945240080356598,0,0.38721999526023865,-0.8649449944496155,0.31926700472831726,0,0.2613610029220581,0.4350529909133911,0.8616380095481873,0,16.968599319458008,-10.666000366210938,0.600600004196167,1,0.9953629970550537,-0.09207099676132202,0.027859000489115715,0,0.08824799954891205,0.7587469816207886,-0.6453800201416016,0,0.03828300163149834,0.6448460221290588,0.7633529901504517,0,0,64.0801010131836,0,1,0.8785229921340942,-0.09494700282812119,0.4681690037250519,0,-0.3031400144100189,0.6466280221939087,0.6999840140342712,0,-0.3691920042037964,-0.7568730115890503,0.5392959713935852,0,0,55.26919937133789,0,1,0.9909390211105347,0.00038500019581988454,-0.13431599736213684,0,0.08439899981021881,0.7761319875717163,0.6248959898948669,0,0.10448800027370453,-0.6305699944496155,0.7690669894218445,0,0,36.55550003051758,0,1,-0.9025319814682007,0.4078710079193115,-0.1381170004606247,0,-0.41921600699424744,-0.905538022518158,0.06525599956512451,0,-0.09845399856567383,0.11679700016975403,0.9882640242576599,0,-16.968599319458008,-10.666000366210938,0.4724000096321106,1,0.9950760006904602,0.08429300040006638,-0.052129000425338745,0,-0.0915289968252182,0.5798280239105225,-0.8095809817314148,0,-0.03801700100302696,0.8103669881820679,0.5846880078315735,0,0,64.064697265625,0,1,0.9775919914245605,0.2035910040140152,0.053530000150203705,0,-0.06704500317573547,0.060072001069784164,0.9959400296211243,0,0.19954800605773926,-0.9772109985351562,0.07237599790096283,0,0,55.25870132446289,0,1,0.9921420216560364,0.0014150005299597979,0.12511299550533295,0,-0.0792429968714714,0.7809370160102844,0.6195619702339172,0,-0.09682799875736237,-0.6246079802513123,0.7749130129814148,0,0,36.84489822387695,0,1
K0.067,0.886909008026123,0.055952999740839005,0.458543986082077,0,0.04464000090956688,0.9776099920272827,-0.2056339979171753,0,-0.45978298783302307,0.20284800231456757,0.8645529747009277,0,0.49339208006858826,136.51068115234375,-1.8191709518432617,1,0.9991829991340637,-0.017416000366210938,-0.036458998918533325,0,0.02304700016975403,0.9868109822273254,0.16022799909114838,0,0.033188000321388245,-0.16093699634075165,0.9864069819450378,0,0,19.21179962158203,-0.12080000340938568,1,0.9968360066413879,-0.028428999707102776,-0.07423199713230133,0,0.05127900093793869,0.943543016910553,0.32725799083709717,0,0.06073800101876259,-0.3300290107727051,0.9420149922370911,0,0,22.414199829101562,0,1,0.9968360066413879,-0.028428999707102776,-0.07423199713230133,0,0.05127900093793869,0.943543016910553,0.32725799083709717,0,0.06073800101876259,-0.3300290107727051,0.9420149922370911,0,0,25.616199493408203,0,1,0.9954890012741089,-0.03353199362754822,-0.08875299990177155,0,0.0006149918190203607,0.9377250075340271,-0.3473779857158661,0,0.09487400203943253,0.34575700759887695,0.9335150122642517,0,0,28.818199157714844,0,1,0.9995089769363403,-0.01649400405585766,0.026635002344846725,0,0.021893003955483437,0.9758750200271606,-0.21723100543022156,0,-0.022409001365303993,0.21770699322223663,0.9757570028305054,0,0,24.81220054626465,-0.20800000429153442,1,0.5846220254898071,-0.6807699799537659,-0.4413270056247711,0,0.7011100053787231,0.15020599961280823,0.6970530152320862,0,-0.40824300050735474,-0.7169319987297058,0.5651080012321472,0,10.665499687194824,25.014400482177734,-0.09600000083446503,1,0.7165409922599792,0.4144350290298462,0.5610820055007935,0,-0.6730369925498962,0.6221070289611816,0.4000050127506256,0,-0.18327699601650238,-0.6642490029335022,0.7246950268745422,0,0,22.733400344848633,0,1,0.8800780177116394,0.4748239815235138,0.0021419997792690992,0,-0.47482696175575256,0.8800569772720337,0.006288999691605568,0,0.001100999885238707,-0.006550999358296394,0.9999780058860779,0,0,53.267799377441406,0,1,0.9221370220184326,-0.09544897079467773,0.37490397691726685,0,0.29295796155929565,0.8052080273628235,-0.5155739784240723,0,-0.2526639997959137,0.5852609872817993,0.7704740166664124,0,0,48.94649887084961,0,1,0.7121549844741821,0.6718429923057556,-0.20362311601638794,0,-0.6681569814682007,0.7376629710197449,0.09705300629138947,0,0.2154090851545334,0.06693607568740845,0.9742270112037659,0,-7.220099925994873,5.92080020904541,0,1,0.9909579753875732,0.05524799972772598,0.12227100133895874,0,-0.07138299942016602,0.9887049794197083,0.13178099691867828,0,-0.11360900104045868,-0.13931800425052643,0.9837089776992798,0,-0.19339999556541443,7.467299938201904,0,1,0.9992679953575134,0.03822999820113182,0.0016430000541731715,0,-0.03822999820113182,0.9992690086364746,-0.000050999999075429514,0,-0.001643999945372343,-0.000012000000424450263,0.9999989867210388,0,-0.07540000230073929,10.21150016784668,0,1,0.9976540207862854,-0.05134500190615654,-0.045288003981113434,0,0.06570900976657867,0.9038529992103577,0.4227660000324249,0,0.019226999953389168,-0.4247500002384186,0.9051060080528259,0,0,11.067999839782715,0.17139999568462372,1,0.9954540133476257,0.0892150029540062,0.033351000398397446,0,-0.08977700024843216,0.7619799971580505,0.6413469910621643,0,0.03180500119924545,-0.6414260268211365,0.7665249705314636,0,0.2676999866962433,15.237099647521973,0,1,0.9997140169143677,0.023795999586582184,-0.002193999942392111,0,-0.023795999586582184,0.9997169971466064,0,0,0.0021929999347776175,0.000050999999075429514,0.9999979734420776,0,-0.27320000529289246,11.754599571228027,0,1,0.683447003364563,0.5321210026741028,0.49974700808525085,0,-0.5793290138244629,-0.02116500213742256,0.8148189783096313,0,0.44415900111198425,-0.8464040160179138,0.2938080132007599,0,-10.665499687194824,25.013500213623047,0.04820000007748604,1,0.571528971195221,-0.8205209970474243,0.009927056729793549,0,0.8188269734382629,0.569474995136261,-0.07224801182746887,0,0.05362798273563385,0.049420055001974106,0.9973369836807251,0,0,22.733400344848633,0,1,0.9537420272827148,-0.3006259799003601,-0.0009349999600090086,0,0.3006279766559601,0.9537389874458313,0.002408999716863036,0,0.00016700004925951362,-0.002578999847173691,0.9999970197677612,0,0,53.26279830932617,0,1,0.7122189402580261,0.17016494274139404,-0.6810200810432434,0,-0.4746110141277313,0.8315449953079224,-0.28857800364494324,0,0.517193078994751,0.528751015663147,0.6730039119720459,0,0,48.94879913330078,0,1,0.6394670009613037,-0.482092022895813,0.5988900065422058,0,0.3625330328941345,0.8760129809379578,0.31807300448417664,0,-0.6779760122299194,0.013720027171075344,0.7349560260772705,0,8.018799781799316,6.1006999015808105,0,1,0.9997519850730896,0.015462993644177914,-0.016036000102758408,0,-0.015689993277192116,0.9997779726982117,-0.014098002575337887,0,0.015814999118447304,0.014346002601087093,0.9997720122337341,0,1.1370999813079834,7.980000019073486,0,1,0.9253829717636108,-0.37821000814437866,-0.024961000308394432,0,0.3781520128250122,0.925715982913971,-0.007160999812185764,0,0.025815000757575035,-0.0028119999915361404,0.9996629953384399,0,1.0223000049591064,9.384200096130371,0,1,0.9763709902763367,-0.21561299264431,-0.014541002921760082,0,0.214028000831604,0.9555079936981201,0.2029700130224228,0,-0.029868999496102333,-0.20128601789474487,0.9790769815444946,0,0,12.017200469970703,0.17100000381469727,1,0.9999759793281555,-0.006684999912977219,-0.0018070000223815441,0,0.0068789999932050705,0.9289399981498718,0.37016499042510986,0,-0.0007959999493323267,-0.3701690137386322,0.9289640188217163,0,-0.27889999747276306,14.73859977722168,0,1,0.9992290139198303,-0.0391790010035038,0.002672000089660287,0,0.0391790010035038,0.9992319941520691,0.00002300000051036477,0,-0.0026710000820457935,0.00008099999831756577,0.9999960064888,0,0.359499990940094,11.803400039672852,0,1,-0.8841440081596375,-0.250218003988266,0.3945620059967041,0,0.38728299736976624,-0.8648859858512878,0.319350004196167,0,0.26134398579597473,0.43515801429748535,0.8615890145301819,0,16.968599319458008,-10.666000366210938,0.600600004196167,1,0.9953619837760925,-0.09207700192928314,0.02784699946641922,0,0.08824600279331207,0.7587720155715942,-0.6453499794006348,0,0.03829199820756912,0.6448150277137756,0.7633789777755737,0,0,64.0801010131836,0,1,0.8786579966545105,-0.09478399902582169,0.4679499864578247,0,-0.3030480146408081,0.6466490030288696,0.7000049948692322,0,-0.3689489960670471,-0.7568759918212891,0.5394589900970459,0,0,55.26919937133789,0,1,0.9909300208091736,0.00040399981662631035,-0.13437700271606445,0,0.08442399650812149,0.7761250138282776,0.6249009966850281,0,0.10454700142145157,-0.6305779814720154,0.7690520286560059,0,0,36.55550003051758,0,1,-0.9025880098342896,0.407723993062973,-0.1381859928369522,0,-0.419050008058548,-0.9056349992752075,0.06498599797487259,0,-0.0986500009894371,0.11656200140714645,0.9882720112800598,0,-16.968599319458008,-10.666000366210938,0.4724000096321106,1,0.9950770139694214,0.08428899943828583,-0.052129000425338745,0,-0.0915289968252182,0.57989501953125,-0.8095329999923706,0,-0.038005001842975616,0.8103190064430237,0.584755003452301,0,0,64.064697265625,0,1,0.9775750041007996,0.20371200144290924,0.053369998931884766,0,-0.06689699739217758,0.060100000351667404,0.9959480166435242,0,0.19967900216579437,-0.9771850109100342,0.07237999886274338,0,0,55.25870132446289,0,1,0.9921659827232361,0.001473999465815723,0.12491700053215027,0,-0.07916299998760223,0.7809590101242065,0.6195459961891174,0,-0.09664099663496017,-0.624580979347229,0.774957001209259,0,0,36.84489822387695,0,1
K0.100,0.8870880007743835,0.05589200183749199,0.4582050144672394,0,0.04462999850511551,0.977607011795044,-0.20565299689769745,0,-0.4594379961490631,0.20288200676441193,0.8647279739379883,0,0.48754799365997314,136.5108642578125,-1.8210949897766113,1,0.9991850256919861,-0.017427999526262283,-0.03641099855303764,0,0.023050999268889427,0.9868109822273254,0.1602260023355484,0,0.03313799947500229,-0.16093499958515167,0.9864090085029602,0,0,19.21179962158203,-0.12080000340938568,1,0.9968420267105103,-0.02846500091254711,-0.07413999736309052,0,0.05128199979662895,0.943543016910553,0.3272559940814972,0,0.06063900142908096,-0.33002498745918274,0.942022979259491,0,0,22.414199829101562,0,1,0.9968420267105103,-0.02846500091254711,-0.07413999736309052,0,0.05128199979662895,0.943543016910553,0.3272559940814972,0,0.06063900142908096,-0.33002498745918274,0.942022979259491,0,0,25.616199493408203,0,1,0.9954389929771423,-0.03468500077724457,-0.08887500315904617,0,0.0016700000269338489,0.9377599954605103,-0.34727901220321655,0,0.0953890010714531,0.34554699063301086,0.9335409998893738,0,0,28.818199157714844,0,1,0.9995260238647461,-0.0162189994007349,0.026172000914812088,0,0.021525999531149864,0.9758509993553162,-0.21737200021743774,0,-0.02201399952173233,0.2178329974412918,0.975737988948822,0,0,24.81220054626465,-0.20800000429153442,1,0.584634006023407,-0.6808069944381714,-0.44125500321388245,0,0.7009099721908569,0.14994700253009796,0.6973090171813965,0,-0.40856799483299255,-0.7169510126113892,0.564848005771637,0,10.665499687194824,25.014400482177734,-0.09600000083446503,1,0.7171279788017273,0.41284000873565674,0.5615079998970032,0,-0.6722689867019653,0.6222360134124756,0.401095986366272,0,-0.18380199372768402,-0.6651210188865662,0.7237610220909119,0,0,22.733400344848633,0,1,0.8793429732322693,0.47618401050567627,0.0021540001034736633,0,-0.4761880040168762,0.8793209791183472,0.006304000038653612,0,0.0011080000549554825,-0.006568999961018562,0.9999780058860779,0,0,53.267799377441406,0,1,0.9207980036735535,-0.09490399807691574,0.3783169984817505,0,0.2946299910545349,0.8048290014266968,-0.5152119994163513,0,-0.2555850148200989,0.5858690142631531,0.7690470218658447,0,0,48.94649887084961,0,1,0.7167019844055176,0.6724110245704651,-0.1849379986524582,0,-0.6676419973373413,0.7381880283355713,0.09660299867391586,0,0.20147599279880524,0.054235998541116714,0.977990984916687,0,-7.220099925994873,5.92080020904541,0,1,0.9909549951553345,0.05524500086903572,0.12229900062084198,0,-0.07138200104236603,0.9887070059776306,0.13176700472831726,0,-0.1136389970779419,-0.1393059939146042,0.9837070107460022,0,-0.19339999556541443,7.467299938201904,0,1,0.9992679953575134,0.03822999820113182,0.0016430000541731715,0,-0.03822999820113182,0.9992690086364746,-0.000050999999075429514,0,-0.001643999945372343,-0.000012000000424450263,0.9999989867210388,0,-0.07540000230073929,10.21150016784668,0,1,0.9976779818534851,-0.05106800049543381,-0.045072998851537704,0,0.06535899639129639,0.9040420055389404,0.422417014837265,0,0.019176000729203224,-0.4243820011615753,0.9052799940109253,0,0,11.067999839782715,0.17139999568462372,1,0.9954599738121033,0.0891679972410202,0.03330399841070175,0,-0.08972000330686569,0.7621620297431946,0.6411389708518982,0,0.031785998493433,-0.641215980052948,0.7667019963264465,0,0.2676999866962433,15.237099647521973,0,1,0.9997140169143677,0.023795999586582184,-0.002193999942392111,0,-0.023795999586582184,0.9997169971466064,0,0,0.0021929999347776175,0.000050999999075429514,0.9999979734420776,0,-0.27320000529289246,11.754599571228027,0,1,0.6834409832954407,0.5320839881896973,0.49979498982429504,0,-0.5794640183448792,-0.02098900079727173,0.8147280216217041,0,0.4439939856529236,-0.8464310169219971,0.2939789891242981,0,-10.665499687194824,25.013500213623047,0.04820000007748604,1,0.5719339847564697,-0.8202990293502808,0.0011250003008171916,0,0.8183109760284424,0.570451021194458,-0.0703829973936081,0,0.057092998176813126,0.0411750003695488,0.9975190162658691,0,0,22.733400344848633,0,1,0.9531279802322388,-0.3025670051574707,-0.0009420000133104622,0,0.3025679886341095,0.953125,0.0024240000639110804,0,0.00016399999731220305,-0.0025949999690055847,0.9999970197677612,0,0,53.26279830932617,0,1,0.7206079959869385,0.1745299994945526,-0.6710169911384583,0,-0.4728499948978424,0.8315219879150391,-0.2915189862251282,0,0.507086992263794,0.5273609757423401,0.6817280054092407,0,0,48.94879913330078,0,1,0.6415839791297913,-0.48093000054359436,0.5975589752197266,0,0.36064600944519043,0.8766869902610779,0.3183619976043701,0,-0.6769819855690002,0.011250999756157398,0.7359139919281006,0,8.018799781799316,6.1006999015808105,0,1,0.9997419714927673,0.016078000888228416,-0.01604899950325489,0,-0.016301000490784645,0.999770998954773,-0.013852999545633793,0,0.01582299917936325,0.01411100011318922,0.9997749924659729,0,1.1370999813079834,7.980000019073486,0,1,0.9253829717636108,-0.37821000814437866,-0.024961000308394432,0,0.3781520128250122,0.925715982913971,-0.007160999812185764,0,0.025815000757575035,-0.0028119999915361404,0.9996629953384399,0,1.0223000049591064,9.384200096130371,0,1,0.9764149785041809,-0.21543100476264954,-0.01428299956023693,0,0.21385100483894348,0.9559080004692078,0.20126299560070038,0,-0.029704999178647995,-0.19957099854946136,0.979433000087738,0,0,12.017200469970703,0.17100000381469727,1,0.999983012676239,-0.0056039998307824135,-0.001601999974809587,0,0.005803000181913376,0.9312970042228699,0.3642149865627289,0,-0.0005499999970197678,-0.36421799659729004,0.9313129782676697,0,-0.27889999747276306,14.73859977722168,0,1,0.9992290139198303,-0.0391790010035038,0.002672000089660287,0,0.0391790010035038,0.9992319941520691,0.000024000000848900527,0,-0.0026710000820457935,0.00008099999831756577,0.9999960064888,0,0.359499990940094,11.803400039672852,0,1,-0.8841519951820374,-0.25011900067329407,0.3946079909801483,0,0.3872619867324829,-0.8648300170898438,0.31952598690986633,0,0.26134899258613586,0.4353260099887848,0.861503005027771,0,16.968599319458008,-10.666000366210938,0.600600004196167,1,0.9953619837760925,-0.09208499640226364,0.027834000065922737,0,0.08824499696493149,0.7587969899177551,-0.6453220248222351,0,0.03830400109291077,0.6447849869728088,0.7634029984474182,0,0,64.0801010131836,0,1,0.8788260221481323,-0.09436500072479248,0.4677180051803589,0,-0.3030470013618469,0.6467599868774414,0.6999030113220215,0,-0.3685480058193207,-0.756833016872406,0.5397930145263672,0,0,55.26919937133789,0,1,0.9909330010414124,0.0003969999961555004,-0.13435499370098114,0,0.084415003657341,0.7761279940605164,0.6248999834060669,0,0.10452499985694885,-0.6305750012397766,0.7690569758415222,0,0,36.55550003051758,0,1,-0.9025850296020508,0.40766799449920654,-0.13837400078773499,0,-0.41899698972702026,-0.905672013759613,0.06480000168085098,0,-0.09890399873256683,0.1164650022983551,0.9882580041885376,0,-16.968599319458008,-10.666000366210938,0.4724000096321106,1,0.9950770139694214,0.08428499847650528,-0.05213399976491928,0,-0.09153000265359879,0.5798779726028442,-0.8095459938049316,0,-0.03800100088119507,0.8103320002555847,0.58473801612854,0,0,64.064697265625,0,1,0.9775760173797607,0.20371800661087036,0.053321998566389084,0,-0.06684999912977219,0.06011100113391876,0.9959509968757629,0,0.19968800246715546,-0.9771819710731506,0.07238200306892395,0,0,55.25870132446289,0,1,0.9921910166740417,0.0015350000467151403,0.12471699714660645,0,-0.07908199727535248,0.7809799909591675,0.6195290088653564,0,-0.09645099937915802,-0.6245539784431458,0.7750030159950256,0,0,36.84489822387695,0,1
