1.167,30,35,41
B0,mixamorig_Hips,-1,0.8772260546684265,0.084407739341259,0.47258833050727844,0,0.042125992476940155,0.9670718312263489,-0.2509361505508423,0,-0.4782221019268036,0.2400415688753128,0.8447840213775635,0,0.2858179807662964,135.81211853027344,-0.17722287774085999,1
B1,mixamorig_Spine,0,0.9995383024215698,-0.010543281212449074,-0.028469108045101166,0,0.014681135304272175,0.9886825084686279,0.14930199086666107,0,0.02657340280711651,-0.1496516913175583,0.9883813858032227,0,0,19.21179962158203,-0.12080000340938568,1
B2,mixamorig_Spine1,1,0.9982466697692871,-0.015977244824171066,-0.05695630982518196,0,0.032728299498558044,0.9512155652046204,0.30678173899650574,0,0.049276482313871384,-0.3081105351448059,0.9500721096992493,0,0,22.414199829101562,0,1
B3,mixamorig_Spine2,2,0.9982466697692871,-0.015977244824171066,-0.05695630982518196,0,0.032728299498558044,0.9512155652046204,0.30678173899650574,0,0.049276482313871384,-0.3081105351448059,0.9500721096992493,0,0,25.616199493408203,0,1
B4,mixamorig_Neck,3,0.9898013472557068,0.060153476893901825,-0.12857864797115326,0,-0.1036859080195427,0.9249967932701111,-0.3653116822242737,0,0.09689553081989288,0.374991774559021,0.9219241738319397,0,0,28.818199157714844,0,1
B5,mixamorig_Head,4,0.9942992925643921,-0.10571072995662689,0.012234169989824295,0,0.10637681186199188,0.9865015149116516,-0.1238023117184639,0,0.0009481030283495784,0.12442564964294434,0.9921588897705078,0,0,24.81220054626465,-0.20800000429153442,1
B6,mixamorig_HeadTop_End,5,1,0,0,0,0,1,0,0,0,0,1,0,0,103.31420135498047,-0.8658999800682068,1
B7,mixamorig_LeftShoulder,3,0.5861428380012512,-0.6775822639465332,-0.44420403242111206,0,0.7093397974967957,0.1642729789018631,0.6854312419891357,0,-0.3914632201194763,-0.7168565392494202,0.5769209861755371,0,10.665499687194824,25.014400482177734,-0.09600000083446503,1
B8,mixamorig_LeftArm,7,0.8902958035469055,0.12250155210494995,0.43858203291893005,0,-0.39115554094314575,0.6987901329994202,0.5988790392875671,0,-0.23312151432037354,-0.7047414183616638,0.6700419783592224,0,0,22.733400344848633,0,1
B9,mixamorig_LeftForeArm,8,0.634796142578125,0.7726032733917236,0.005690645892173052,0,-0.7726153135299683,0.6347361207008362,0.009462888352572918,0,0.003700462868437171,-0.01040332019329071,0.99993896484375,0,0,53.267799377441406,0,1
B10,mixamorig_LeftHand,9,0.9960194826126099,-0.03318725526332855,0.07860268652439117,0,0.07960044592618942,0.6928034424781799,-0.7162772417068481,0,-0.030734572559595108,0.7202407717704773,0.6930163502693176,0,0,48.94649887084961,0,1
B11,mixamorig_LeftHandThumb1,10,0.6976255774497986,0.6915079951286316,0.18744467198848724,0,-0.7163952589035034,0.6697856783866882,0.19532634317874908,0,0.009523430839180946,-0.2705482542514801,0.9626531600952148,0,-7.220099925994873,5.92080020904541,0,1
B12,mixamorig_LeftHandThumb2,11,0.9895467162132263,0.05372678115963936,0.13382838666439056,0,-0.07076489180326462,0.9895020723342896,0.12600745260715485,0,-0.12565363943576813,-0.13416066765785217,0.9829603433609009,0,-0.19339999556541443,7.467299938201904,0,1
B13,mixamorig_LeftHandThumb3,12,0.9992679953575134,0.03823050111532211,0.0016430000541731715,0,-0.03823050111532211,0.9992690086364746,-0.000050999999075429514,0,-0.001643999945372343,-0.000012000000424450263,0.9999989867210388,0,-0.07540000230073929,10.21150016784668,0,1
B14,mixamorig_LeftHandThumb4,13,1,0,0,0,0,1,0,0,0,0,1,0,0.2687999904155731,8.708700180053711,0,1
B15,mixamorig_LeftHandIndex1,10,0.9962885975837708,-0.05830422043800354,-0.06317474693059921,0,0.0796174556016922,0.9030291438102722,0.42207783460617065,0,0.03241608664393425,-0.42555150389671326,0.904334306716919,0,0,11.067999839782715,0.17139999568462372,1
B16,mixamorig_LeftHandIndex2,15,0.9951631426811218,0.09047061204910278,0.03825186938047409,0,-0.09358084201812744,0.7549664974212646,0.6490254402160645,0,0.02984629198908806,-0.6494659781455994,0.7597828507423401,0,0.2676999866962433,15.237099647521973,0,1
B17,mixamorig_LeftHandIndex3,16,0.9997140169143677,0.023795999586582184,-0.002193999942392111,0,-0.023795999586582184,0.9997169971466064,9.999999974752427e-7,0,0.0021929999347776175,0.000050999999075429514,0.9999979734420776,0,-0.27320000529289246,11.754599571228027,0,1
B18,mixamorig_LeftHandIndex4,17,1,0,0,0,0,1,0,0,0,0,1,0,0.005499999970197678,9.809100151062012,0,1
B19,mixamorig_RightShoulder,3,0.6555691361427307,0.5490053296089172,0.5184794664382935,0,-0.6189925074577332,-0.0025783886667340994,0.7853886485099792,0,0.43251797556877136,-0.8358137607574463,0.3381390869617462,0,-10.665499687194824,25.013500213623047,0.04820000007748604,1
B20,mixamorig_RightArm,19,0.5975169539451599,-0.7235694527626038,-0.34548133611679077,0,0.8010296821594238,0.5576155781745911,0.2175859808921814,0,0.035209961235523224,-0.4067338705062866,0.9128484129905701,0,0,22.733400344848633,0,1
B21,mixamorig_RightForeArm,20,0.8958066701889038,-0.44389137625694275,-0.0013430510880425572,0,0.4438933730125427,0.8958011865615845,0.003190718125551939,0,-0.0002158662973670289,-0.0034548533149063587,0.9999939799308777,0,0,53.26279830932617,0,1
B22,mixamorig_RightHand,21,0.9122596979141235,-0.12760035693645477,-0.38880833983421326,0,-0.10940738022327423,0.8392816781997681,-0.5322237014770508,0,0.39447423815727234,0.5282725691795349,0.7518233060836792,0,0,48.94879913330078,0,1
B23,mixamorig_RightHandThumb1,22,0.5905858874320984,-0.49928420782089233,0.6337335705757141,0,0.39806386828422546,0.8632835149765015,0.3097001910209656,0,-0.7016987800598145,0.06936858594417572,0.7086138725280762,0,8.018799781799316,6.1006999015808105,0,1
B24,mixamorig_RightHandThumb2,23,0.9998129606246948,0.008582371287047863,-0.015869805589318275,0,-0.008848662488162518,0.9997910857200623,-0.01683071255683899,0,0.01574097014963627,0.016969922930002213,0.9997286796569824,0,1.1370999813079834,7.980000019073486,0,1
B25,mixamorig_RightHandThumb3,24,0.9253829717636108,-0.37820950150489807,-0.024961000308394432,0,0.3781520128250122,0.925715982913971,-0.007160999812185764,0,0.025815000757575035,-0.0028119999915361404,0.9996629953384399,0,1.0223000049591064,9.384200096130371,0,1
B26,mixamorig_RightHandThumb4,25,1,0,0,0,0,1,0,0,0,0,1,0,-2.1594998836517334,7.527200222015381,0,1
B27,mixamorig_RightHandIndex1,22,0.977749228477478,-0.20966273546218872,-0.006924636196345091,0,0.20601607859134674,0.9534708857536316,0.220076784491539,0,-0.0395391583442688,-0.21660663187503815,0.9754496216773987,0,0,12.017200469970703,0.17100000381469727,1
B28,mixamorig_RightHandIndex2,27,0.9965609312057495,-0.07607600092887878,-0.03239468112587929,0,0.07535731047391891,0.6755084991455078,0.732808530330658,0,-0.0340302549302578,-0.732733964920044,0.6789465546607971,0,-0.27889999747276306,14.73859977722168,0,1
B29,mixamorig_RightHandIndex3,28,0.9992290139198303,-0.0391790010035038,0.002672000089660287,0,0.0391790010035038,0.9992319941520691,0.000023496439098380506,0,-0.0026710000820457935,0.00008099999831756577,0.9999960064888,0,0.359499990940094,11.803400039672852,0,1
B30,mixamorig_RightHandIndex4,29,1,0,0,0,0,1,0,0,0,0,1,0,-0.08060000091791153,9.22070026397705,0,1
B31,mixamorig_LeftUpLeg,0,-0.8865635991096497,-0.24788768589496613,0.39058390259742737,0,0.3700562119483948,-0.8866727948188782,0.27724114060401917,0,0.2775949537754059,0.3903290033340454,0.8778244853019714,0,16.968599319458008,-10.666000366210938,0.600600004196167,1
B32,mixamorig_LeftLeg,31,0.995278537273407,-0.09157097339630127,0.03217804804444313,0,0.08905801922082901,0.7297447323799133,-0.6778807044029236,0,0.03859350085258484,0.6775456070899963,0.7344541549682617,0,0,64.0801010131836,0,1
B33,mixamorig_LeftFoot,32,0.8760864734649658,-0.11364634335041046,0.46855291724205017,0,-0.31051188707351685,0.610420823097229,0.7286605834960938,0,-0.3688351511955261,-0.783871591091156,0.4994875192642212,0,0,55.26919937133789,0,1
B34,mixamorig_LeftToeBase,33,0.9915469288825989,0.003167119575664401,-0.129709854722023,0,0.07907096296548843,0.7778631448745728,0.6234391927719116,0,0.10287056118249893,-0.6284257173538208,0.7710373401641846,0,0,36.55550003051758,0,1
B35,mixamorig_LeftToe_End,34,1,0,0,0,0,1,0,0,0,0,1,0,0,13.579999923706055,0,1
B36,mixamorig_RightUpLeg,0,-0.8939476013183594,0.44022276997566223,-0.08382843434810638,0,-0.4439582824707031,-0.895485520362854,0.03162040933966637,0,-0.061154674738645554,0.06547624617815018,0.9959607124328613,0,-16.968599319458008,-10.666000366210938,0.4724000096321106,1
B37,mixamorig_RightLeg,36,0.9946144819259644,0.0924665778875351,-0.046763911843299866,0,-0.09108815342187881,0.5653665661811829,-0.8197660446166992,0,-0.04936419799923897,0.8196101188659668,0.5707446336746216,0,0,64.064697265625,0,1
B38,mixamorig_RightFoot,37,0.978827953338623,0.2004663646221161,0.040842205286026,0,-0.04769298806786537,0.029493112117052078,0.9983822703361511,0,0.1989021748304367,-0.9792406558990479,0.03842386603355408,0,0,55.25870132446289,0,1
B39,mixamorig_RightToeBase,38,0.9926550388336182,-0.00006096095603425056,0.1209719106554985,0,-0.07602699846029282,0.7775216698646545,0.6242339015007019,0,-0.09409156441688538,-0.6288475394248962,0.771807849407196,0,0,36.84489822387695,0,1
B40,mixamorig_RightToe_End,39,1,0,0,0,0,1,0,0,0,0,1,0,0,13.57919979095459,0,1
@34,0,1,2,3,4,5,7,8,9,10,11,12,13,15,16,17,19,20,21,22,23,24,25,27,28,29,31,32,33,34,36,37,38,39
K0.000,0.8866009712219238,0.0563029982149601,0.4590960144996643,0,0.044454000890254974,0.9775959849357605,-0.2057420015335083,0,-0.4603939950466156,0.20282000303268433,0.864234983921051,0,0.5081920027732849,136.50668334960938,-1.8300509452819824,1,0.9991840124130249,-0.01739400066435337,-0.03645699843764305,0,0.023026999086141586,0.9868019819259644,0.160289004445076,0,0.033188000321388245,-0.16099800169467926,0.9863970279693604,0,0,19.21179962158203,-0.12080000340938568,1,0.9968379735946655,-0.028372999280691147,-0.07422400265932083,0,0.05123100057244301,0.9435039758682251,0.32737600803375244,0,0.06074199825525284,-0.3301439881324768,0.9419739842414856,0,0,22.414199829101562,0,1,0.9968379735946655,-0.028372999280691147,-0.07422400265932083,0,0.05123100057244301,0.9435039758682251,0.32737600803375244,0,0.06074199825525284,-0.3301439881324768,0.9419739842414856,0,0,25.616199493408203,0,1,0.995523989200592,-0.032232001423835754,-0.08883800357580185,0,-0.000678999989759177,0.9375789761543274,-0.3477729856967926,0,0.09450200200080872,0.34627699851989746,0.9333599805831909,0,0,28.818199157714844,0,1,0.9994940161705017,-0.017044000327587128,0.026872999966144562,0,0.02247699908912182,0.9759100079536438,-0.21701399981975555,0,-0.022525999695062637,0.217508003115654,0.975799024105072,0,0,24.81220054626465,-0.20800000429153442,1,0.5845980048179626,-0.6807259917259216,-0.44142699241638184,0,0.7013829946517944,0.1505489945411682,0.6967039704322815,0,-0.40780800580978394,-0.7169010043144226,0.5654600262641907,0,10.665499687194824,25.014400482177734,-0.09600000083446503,1,0.7129529714584351,0.4189299941062927,0.5623120069503784,0,-0.6771180033683777,0.6197119951248169,0.396822988986969,0,-0.18223099410533905,-0.6636679768562317,0.7254909873008728,0,0,22.733400344848633,0,1,0.8850070238113403,0.4655739963054657,0.0020540000405162573,0,-0.46557700634002686,0.8849859833717346,0.006192999891936779,0,0.0010649999603629112,-0.006436999887228012,0.9999790191650391,0,0,53.267799377441406,0,1,0.9258819818496704,-0.08421599864959717,0.3683069944381714,0,0.280254989862442,0.8068580031394958,-0.5200350284576416,0,-0.2533760070800781,0.5847110152244568,0.770658016204834,0,0,48.94649887084961,0,1,0.7080730199813843,0.67085200548172,-0.22043099999427795,0,-0.6682130098342896,0.7374879717826843,0.0979980006814003,0,0.22830699384212494,0.07790499925613403,0.9704669713973999,0,-7.220099925994873,5.92080020904541,0,1,0.9909579753875732,0.05524900183081627,0.12227100133895874,0,-0.07138299942016602,0.9887049794197083,0.13178099691867828,0,-0.11360900104045868,-0.13931800425052643,0.9837089776992798,0,-0.19339999556541443,7.467299938201904,0,1,0.9992679953575134,0.03822999820113182,0.0016430000541731715,0,-0.03822999820113182,0.9992690086364746,-0.000050999999075429514,0,-0.001643999945372343,-0.000012000000424450263,0.9999989867210388,0,-0.07540000230073929,10.21150016784668,0,1,0.9975849986076355,-0.052101001143455505,-0.04593899846076965,0,0.06669799983501434,0.9031810164451599,0.42404600977897644,0,0.019398000091314316,-0.4260860085487366,0.9044749736785889,0,0,11.067999839782715,0.17139999568462372,1,0.9954569935798645,0.08918900042772293,0.03332500159740448,0,-0.08974599838256836,0.7620779871940613,0.6412349939346313,0,0.03179499879479408,-0.6413130164146423,0.7666209936141968,0,0.2676999866962433,15.237099647521973,0,1,0.9997140169143677,0.023795999586582184,-0.002193999942392111,0,-0.023795999586582184,0.9997169971466064,0,0,0.0021929999347776175,0.000050999999075429514,0.9999979734420776,0,-0.27320000529289246,11.754599571228027,0,1,0.6834920048713684,0.5321509838104248,0.49965399503707886,0,-0.5790820121765137,-0.021448999643325806,0.8149870038032532,0,0.4444130063056946,-0.8463780283927917,0.2934989929199219,0,-10.665499687194824,25.013500213623047,0.04820000007748604,1,0.5704770088195801,-0.8210650086402893,0.02020600065588951,0,0.8197929859161377,0.5677530169487,-0.07480300217866898,0,0.049945998936891556,0.059238001704216,0.9969940185546875,0,0,22.733400344848633,0,1,0.9553470015525818,-0.2954829931259155,-0.0009200000204145908,0,0.2954849898815155,0.9553449749946594,0.0023719999007880688,0,0.00017899999511428177,-0.00253800000064075,0.9999970197677612,0,0,53.26279830932617,0,1,0.7057629823684692,0.15654399991035461,-0.6909360289573669,0,-0.47028300166130066,0.8329269886016846,-0.29166099429130554,0,0.5298420190811157,0.5307790040969849,0.6614689826965332,0,0,48.94879913330078,0,1,0.6346499919891357,-0.48535600304603577,0.6013720035552979,0,0.3669990003108978,0.874114990234375,0.31817498803138733,0,-0.6800969839096069,0.0187740009278059,0.732882022857666,0,8.018799781799316,6.1006999015808105,0,1,0.9997720122337341,0.014101999811828136,-0.01600700058043003,0,-0.01433700043708086,0.9997900128364563,-0.014638000167906284,0,0.015797000378370285,0.01486399956047535,0.9997649788856506,0,1.1370999813079834,7.980000019073486,0,1,0.9253829717636108,-0.37821000814437866,-0.024961000308394432,0,0.3781520128250122,0.925715982913971,-0.007160999812185764,0,0.025815000757575035,-0.0028119999915361404,0.9996629953384399,0,1.0223000049591064,9.384200096130371,0,1,0.9761999845504761,-0.21634100377559662,-0.015150999650359154,0,0.21480000019073486,0.9548850059509277,0.20507299900054932,0,-0.02989800088107586,-0.20344600081443787,0.9786289930343628,0,0,12.017200469970703,0.17100000381469727,1,0.9999759793281555,-0.006657000165432692,-0.0018019999843090773,0,0.006850999779999256,0.9290030002593994,0.3700079917907715,0,-0.0007890000124461949,-0.37001198530197144,0.9290270209312439,0,-0.27889999747276306,14.73859977722168,0,1,0.9992290139198303,-0.0391790010035038,0.002672000089660287,0,0.0391790010035038,0.9992319941520691,0.00002300000051036477,0,-0.0026710000820457935,0.00008099999831756577,0.9999960064888,0,0.359499990940094,11.803400039672852,0,1,-0.884207010269165,-0.2500549852848053,0.3945240080356598,0,0.3870660066604614,-0.865028977394104,0.319225013256073,0,0.26145100593566895,0.4349679946899414,0.8616529703140259,0,16.968599319458008,-10.666000366210938,0.600600004196167,1,0.9953629970550537,-0.09206599742174149,0.027871999889612198,0,0.08824999630451202,0.7587119936943054,-0.645421028137207,0,0.03827400133013725,0.6448879837989807,0.7633180022239685,0,0,64.0801010131836,0,1,0.8784700036048889,-0.09488599747419357,0.46828100085258484,0,-0.303272008895874,0.6466109752655029,0.6999430060386658,0,-0.36921000480651855,-0.7568960189819336,0.539251983165741,0,0,55.26919937133789,0,1,0.9909570217132568,0.0003440000000409782,-0.13418300449848175,0,0.08434499800205231,0.7761470079421997,0.6248859763145447,0,0.10436099767684937,-0.6305519938468933,0.7690989971160889,0,0,36.55550003051758,0,1,-0.9024009704589844,0.408143013715744,-0.13817299902439117,0,-0.41951900720596313,-0.9053810238838196,0.0654970034956932,0,-0.09836699813604355,0.1170710027217865,0.9882400035858154,0,-16.968599319458008,-10.666000366210938,0.4724000096321106,1,0.9950760006904602,0.08429999649524689,-0.05213100090622902,0,-0.09152799844741821,0.5796980261802673,-0.8096740245819092,0,-0.03803500160574913,0.8104590177536011,0.5845590233802795,0,0,64.064697265625,0,1,0.9776099920272827,0.20341500639915466,0.05385800078511238,0,-0.06734299659729004,0.05996000021696091,0.9959269762039185,0,0.19935700297355652,-0.9772549867630005,0.07231699675321579,0,0,55.25870132446289,0,1,0.9921370148658752,0.0014049999881535769,0.1251469999551773,0,-0.07925699651241302,0.7809339761734009,0.6195650100708008,0,-0.09686099737882614,-0.6246119737625122,0.7749050259590149,0,0,36.84489822387695,0,1
K0.033,0.8867719769477844,0.056035999208688736,0.45879799127578735,0,0.04461300000548363,0.9776120185852051,-0.20563000440597534,0,-0.46004998683929443,0.2028149962425232,0.8644189834594727,0,0.4990239143371582,136.5099334716797,-1.821390986442566,1,0.9991829991340637,-0.01741199940443039,-0.03647200018167496,0,0.023044999688863754,0.9868090152740479,0.16023999452590942,0,0.03320100158452988,-0.1609490066766739,0.9864040017127991,0,0,19.21179962158203,-0.12080000340938568,1,0.9968339800834656,-0.028415000066161156,-0.0742579996585846,0,0.05127599835395813,0.9435349702835083,0.32728099822998047,0,0.06076600030064583,-0.330051988363266,0.9420049786567688,0,0,22.414199829101562,0,1,0.9968339800834656,-0.028415000066161156,-0.0742579996585846,0,0.05127599835395813,0.9435349702835083,0.32728099822998047,0,0.06076600030064583,-0.330051988363266,0.9420049786567688,0,0,25.616199493408203,0,1,0.995514988899231,-0.032815009355545044,-0.0887250006198883,0,-0.00006998781464062631,0.9376519918441772,-0.34757399559020996,0,0.09459900856018066,0.34602200984954834,0.9334449768066406,0,0,28.818199157714844,0,1,0.9994990229606628,-0.01675499603152275,0.026851996779441833,0,0.02219199389219284,0.9758989810943604,-0.21709099411964417,0,-0.02256699651479721,0.2175779938697815,0.9757819771766663,0,0,24.81220054626465,-0.20800000429153442,1,0.5846109986305237,-0.6807489991188049,-0.4413740038871765,0,0.7012379765510559,0.15036800503730774,0.6968889832496643,0,-0.4080379903316498,-0.7169169783592224,0.5652740001678467,0,10.665499687194824,25.014400482177734,-0.09600000083446503,1,0.7156429886817932,0.41592997312545776,0.5611209869384766,0,-0.6740970015525818,0.6216430068016052,0.3989390432834625,0,-0.182886004447937,-0.663748025894165,0.7252519726753235,0,0,22.733400344848633,0,1,0.8812339901924133,0.47267502546310425,0.0021210003178566694,0,-0.4726790189743042,0.8812119960784912,0.006266000680625439,0,0.0010920001659542322,-0.006524000316858292,0.9999780058860779,0,0,53.267799377441406,0,1,0.9232860207557678,-0.09415401518344879,0.37239503860473633,0,0.290427029132843,0.8056100010871887,-0.5163769721984863,0,-0.25138601660728455,0.5849170088768005,0.7711529731750488,0,0,48.94649887084961,0,1,0.7097980380058289,0.6713809967041016,-0.21315182745456696,0,-0.6683089733123779,0.7374780178070068,0.09741399437189102,0,0.22259686887264252,0.07330688089132309,0.9721510410308838,0,-7.220099925994873,5.92080020904541,0,1,0.9909589886665344,0.055250998586416245,0.1222589984536171,0,-0.071383997797966,0.9887040257453918,0.1317870020866394,0,-0.11359699815511703,-0.13932299613952637,0.983709990978241,0,-0.19339999556541443,7.467299938201904,0,1,0.9992679953575134,0.03822999820113182,0.0016430000541731715,0,-0.03822999820113182,0.9992690086364746,-0.000050999999075429514,0,-0.001643999945372343,-0.000012000000424450263,0.9999989867210388,0,-0.07540000230073929,10.21150016784668,0,1,0.9976339936256409,-0.05155399441719055,-0.045482996851205826,0,0.06598999351263046,0.9036459922790527,0.4231649935245514,0,0.01928500086069107,-0.42516499757766724,0.9049100279808044,0,0,11.067999839782715,0.17139999568462372,1,0.9954540133476257,0.08921799808740616,0.03335399925708771,0,-0.08978100121021271,0.7619670033454895,0.6413620114326477,0,0.03180599957704544,-0.6414409875869751,0.7665129899978638,0,0.2676999866962433,15.237099647521973,0,1,0.9997140169143677,0.023795999586582184,-0.002193999942392111,0,-0.023795999586582184,0.9997169971466064,0,0,0.0021929999347776175,0.000050999999075429514,0.9999979734420776,0,-0.27320000529289246,11.754599571228027,0,1,0.6834989786148071,0.5321279764175415,0.49966898560523987,0,-0.5791299939155579,-0.021372996270656586,0.8149549961090088,0,0.44433900713920593,-0.8463940024375916,0.29356300830841064,0,-10.665499687194824,25.013500213623047,0.04820000007748604,1,0.5711349844932556,-0.8207299709320068,0.01438191719353199,0,0.8191999793052673,0.5687819719314575,-0.07347697764635086,0,0.0521240308880806,0.053746920078992844,0.9971929788589478,0,0,22.733400344848633,0,1,0.9542850255966187,-0.29889604449272156,-0.0009290000889450312,0,0.29889804124832153,0.9542819857597351,0.0023970003239810467,0,0.00017099994875025004,-0.002565000206232071,0.9999970197677612,0,0,53.26279830932617,0,1,0.7081380486488342,0.16640405356884003,-0.6861848831176758,0,-0.4744260013103485,0.8318979740142822,-0.2878640294075012,0,0.5229339003562927,0.5293920040130615,0.6680451035499573,0,0,48.94879913330078,0,1,0.6377080082893372,-0.4831859767436981,0.5998839735984802,0,0.36422598361968994,0.8753759860992432,0.31789401173591614,0,-0.6787260174751282,0.015769965946674347,0.7342230081558228,0,8.018799781799316,6.1006999015808105,0,1,0.9997599720954895,0.014942008070647717,-0.01602499932050705,0,-0.01517200842499733,0.9997829794883728,-0.014303996227681637,0,0.015807999297976494,0.014543996192514896,0.9997689723968506,0,1.1370999813079834,7.980000019073486,0,1,0.9253829717636108,-0.37821000814437866,-0.024961000308394432,0,0.3781520128250122,0.925715982913971,-0.007160999812185764,0,0.025815000757575035,-0.0028119999915361404,0.9996629953384399,0,1.0223000049591064,9.384200096130371,0,1,0.9763429760932922,-0.2157279998064041,-0.014714997261762619,0,0.21415500342845917,0.9553269743919373,0.2036849856376648,0,-0.029882999137043953,-0.20201797783374786,0.9789260029792786,0,0,12.017200469970703,0.17100000381469727,1,0.9999759793281555,-0.006668000482022762,-0.0018040001159533858,0,0.006862000562250614,0.9289780259132385,0.3700709939002991,0,-0.000792000035289675,-0.37007400393486023,0.9290019869804382,0,-0.27889999747276306,14.73859977722168,0,1,0.9992290139198303,-0.0391790010035038,0.002672000089660287,0,0.0391790010035038,0.9992319941520691,0.00002300000051036477,0,-0.0026710000820457935,0.00008099999831756577,0.9999960064888,0,0.359499990940094,11.803400039672852,0,1,-0.8841570019721985,-0.25023001432418823,0.39452600479125977,0,0.3872550129890442,-0.8649240136146545,0.3192810118198395,0,0.26134100556373596,0.4350770115852356,0.8616319894790649,0,16.968599319458008,-10.666000366210938,0.600600004196167,1,0.9953629970550537,-0.0920730009675026,0.027855999767780304,0,0.08824700117111206,0.7587540149688721,-0.6453710198402405,0,0.03828499838709831,0.6448370218276978,0.7633609771728516,0,0,64.0801010131836,0,1,0.8785409927368164,-0.09494999796152115,0.4681349992752075,0,-0.30310899019241333,0.6466330289840698,0.6999930143356323,0,-0.3691760003566742,-0.7568680047988892,0.5393139719963074,0,0,55.26919937133789,0,1,0.9909340143203735,0.0003950000973418355,-0.13434599339962006,0,0.08441100269556046,0.7761290073394775,0.6248990297317505,0,0.10451599955558777,-0.6305739879608154,0.7690590023994446,0,0,36.55550003051758,0,1,-0.9025620222091675,0.40780898928642273,-0.1381099969148636,0,-0.41914600133895874,-0.9055749773979187,0.06519299745559692,0,-0.09848300367593765,0.1167289987206459,0.9882689714431763,0,-16.968599319458008,-10.666000366210938,0.4724000096321106,1,0.9950770139694214,0.08429200202226639,-0.05212799832224846,0,-0.0915289968252182,0.5798569917678833,-0.8095600008964539,0,-0.038013000041246414,0.8103460073471069,0.5847179889678955,0,0,64.064697265625,0,1,0.9775869846343994,0.20363199710845947,0.05345499888062477,0,-0.06697700172662735,0.06009500101208687,0.995943009853363,0,0.19959400594234467,-0.977200984954834,0.07238700240850449,0,0,55.25870132446289,0,1,0.992143988609314,0.0014200009172782302,0.12509599328041077,0,-0.0792360007762909,0.780938982963562,0.6195610165596008,0,-0.09681200236082077,-0.6246050000190735,0.7749170064926147,0,0,36.84489822387695,0,1
K0.067,0.8870049715042114,0.05591500177979469,0.45836201310157776,0,0.04464099928736687,0.9776080250740051,-0.20564499497413635,0,-0.45959699153900146,0.20286999642848969,0.8646469712257385,0,0.489964097738266,136.51092529296875,-1.8193190097808838,1,0.9991840124130249,-0.017419999465346336,-0.03644099831581116,0,0.023048000410199165,0.9868119955062866,0.16022400557994843,0,0.03316999971866608,-0.1609330028295517,0.986407995223999,0,0,19.21179962158203,-0.12080000340938568,1,0.9968379735946655,-0.02844100072979927,-0.07419800013303757,0,0.05127900093793869,0.9435449838638306,0.32725200057029724,0,0.06070199981331825,-0.33002200722694397,0.9420199990272522,0,0,22.414199829101562,0,1,0.9968379735946655,-0.02844100072979927,-0.07419800013303757,0,0.05127900093793869,0.9435449838638306,0.32725098729133606,0,0.06070199981331825,-0.3300209939479828,0.9420199990272522,0,0,25.616199493408203,0,1,0.9954659938812256,-0.03410298749804497,-0.08879899978637695,0,0.0011479879030957818,0.937762975692749,-0.34727299213409424,0,0.09511499106884003,0.3455969989299774,0.9335500001907349,0,0,28.818199157714844,0,1,0.999517023563385,-0.01632300391793251,0.02642800286412239,0,0.02168300561606884,0.9758570194244385,-0.21733200550079346,0,-0.022242004051804543,0.21780000627040863,0.9757400155067444,0,0,24.81220054626465,-0.20800000429153442,1,0.5846289992332458,-0.6807870268821716,-0.4412910044193268,0,0.7010130286216736,0.15008200705051422,0.6971780061721802,0,-0.4083999991416931,-0.7169409990310669,0.564981997013092,0,10.665499687194824,25.014400482177734,-0.09600000083446503,1,0.7169690132141113,0.413504034280777,0.5612210035324097,0,-0.6725059747695923,0.6222590208053589,0.4006609618663788,0,-0.18355000019073486,-0.6646860241889954,0.7242249846458435,0,0,22.733400344848633,0,1,0.8795400261878967,0.47581997513771057,0.0021509998477995396,0,-0.4758239686489105,0.8795179724693298,0.006299999542534351,0,0.001105999923311174,-0.006563999690115452,0.9999780058860779,0,0,53.267799377441406,0,1,0.9213820099830627,-0.09557598829269409,0.37672296166419983,0,0.2941669821739197,0.8049780130386353,-0.5152440071105957,0,-0.2540089786052704,0.5855559706687927,0.769806981086731,0,0,48.94649887084961,0,1,0.7142349481582642,0.6721580028533936,-0.19512218236923218,0,-0.6679589748382568,0.7378749847412109,0.09680600464344025,0,0.20904412865638733,0.061191119253635406,0.9759899377822876,0,-7.220099925994873,5.92080020904541,0,1,0.9909560084342957,0.05524599924683571,0.12228400260210037,0,-0.07138200104236603,0.9887059926986694,0.13177500665187836,0,-0.1136230006814003,-0.1393119990825653,0.9837080240249634,0,-0.19339999556541443,7.467299938201904,0,1,0.9992679953575134,0.03822999820113182,0.0016430000541731715,0,-0.03822999820113182,0.9992690086364746,-0.000050999999075429514,0,-0.001643999945372343,-0.000012000000424450263,0.9999989867210388,0,-0.07540000230073929,10.21150016784668,0,1,0.9976660013198853,-0.05121300369501114,-0.04516800493001938,0,0.06553300470113754,0.9039739966392517,0.4225359857082367,0,0.019192000851035118,-0.42451000213623047,0.9052199721336365,0,0,11.067999839782715,0.17139999568462372,1,0.9954559803009033,0.08920100331306458,0.033337000757455826,0,-0.08975999802350998,0.7620329856872559,0.6412860155105591,0,0.03179899975657463,-0.6413639783859253,0.7665770053863525,0,0.2676999866962433,15.237099647521973,0,1,0.9997140169143677,0.023795999586582184,-0.002193999942392111,0,-0.023795999586582184,0.9997169971466064,0,0,0.0021929999347776175,0.000050999999075429514,0.9999979734420776,0,-0.27320000529289246,11.754599571228027,0,1,0.6834220290184021,0.5321099758148193,0.49979299306869507,0,-0.5794500112533569,-0.021031003445386887,0.8147370219230652,0,0.44404101371765137,-0.8464140295982361,0.29395800828933716,0,-10.665499687194824,25.013500213623047,0.04820000007748604,1,0.5717809796333313,-0.8203830122947693,0.006141081918030977,0,0.818560004234314,0.5699759721755981,-0.07132001966238022,0,0.05500996857881546,0.045806076377630234,0.9974349737167358,0,0,22.733400344848633,0,1,0.9533990025520325,-0.30171096324920654,-0.0009389998740516603,0,0.3017119765281677,0.9533960223197937,0.002416999777778983,0,0.00016500006313435733,-0.0025879996828734875,0.9999970197677612,0,0,53.26279830932617,0,1,0.715878963470459,0.17256493866443634,-0.67656409740448,0,-0.4741629958152771,0.8314279913902283,-0.28964996337890625,0,0.5125311017036438,0.5281559824943542,0.6770259141921997,0,0,48.94879913330078,0,1,0.6406289935112,-0.4814220368862152,0.5981870293617249,0,0.36144304275512695,0.8764020204544067,0.31824201345443726,0,-0.6774610280990601,0.0123350340873003,0.7354549765586853,0,8.018799781799316,6.1006999015808105,0,1,0.9997460246086121,0.015807989984750748,-0.016044000163674355,0,-0.01603299006819725,0.9997739791870117,-0.013961004093289375,0,0.015819000080227852,0.014214003458619118,0.9997739791870117,0,1.1370999813079834,7.980000019073486,0,1,0.9253829717636108,-0.37821000814437866,-0.024961000308394432,0,0.3781520128250122,0.925715982913971,-0.007160999812185764,0,0.025815000757575035,-0.0028119999915361404,0.9996629953384399,0,1.0223000049591064,9.384200096130371,0,1,0.9763810038566589,-0.21557199954986572,-0.014431002549827099,0,0.2139820009469986,0.9556229710578918,0.20247700810432434,0,-0.029858000576496124,-0.20078201591968536,0.9791809916496277,0,0,12.017200469970703,0.17100000381469727,1,0.9999759793281555,-0.006700999569147825,-0.0018099999288097024,0,0.006894999649375677,0.9289060235023499,0.37025099992752075,0,-0.0007999999215826392,-0.3702549934387207,0.9289299845695496,0,-0.27889999747276306,14.73859977722168,0,1,0.9992290139198303,-0.0391790010035038,0.002672000089660287,0,0.0391790010035038,0.9992319941520691,0.00002300000051036477,0,-0.0026710000820457935,0.00008099999831756577,0.9999960064888,0,0.359499990940094,11.803400039672852,0,1,-0.8841419816017151,-0.2501800060272217,0.3945930004119873,0,0.38728100061416626,-0.864861011505127,0.3194189965724945,0,0.261355996131897,0.43522998690605164,0.861549973487854,0,16.968599319458008,-10.666000366210938,0.600600004196167,1,0.9953619837760925,-0.09208100289106369,0.027840999886393547,0,0.08824600279331207,0.7587869763374329,-0.6453329920768738,0,0.038297999650239944,0.6447970271110535,0.7633939981460571,0,0,64.0801010131836,0,1,0.8787479996681213,-0.09460499882698059,0.46781501173973083,0,-0.3030270040035248,0.6466820240020752,0.6999840140342712,0,-0.3687489926815033,-0.7568699717521667,0.5396029949188232,0,0,55.26919937133789,0,1,0.9909300208091736,0.0004049999115522951,-0.13437899947166443,0,0.08442500233650208,0.7761250138282776,0.6249020099639893,0,0.10454799979925156,-0.6305789947509766,0.7690520286560059,0,0,36.55550003051758,0,1,-0.9025909900665283,0.40768998861312866,-0.13827000558376312,0,-0.41901299357414246,-0.9056599736213684,0.06486299633979797,0,-0.0987820029258728,0.11648199707269669,0.9882680177688599,0,-16.968599319458008,-10.666000366210938,0.4724000096321106,1,0.9950770139694214,0.08428700268268585,-0.05212999880313873,0,-0.09153000265359879,0.5799019932746887,-0.8095279932022095,0,-0.03800300136208534,0.8103150129318237,0.5847619771957397,0,0,64.064697265625,0,1,0.9775710105895996,0.20374000072479248,0.053341999650001526,0,-0.06686999648809433,0.06009799987077713,0.9959499835968018,0,0.1997089982032776,-0.9771789908409119,0.07237400114536285,0,0,55.25870132446289,0,1,0.9921820163726807,0.0015129990642890334,0.12478800117969513,0,-0.07910999655723572,0.7809730172157288,0.6195350289344788,0,-0.09651800245046616,-0.624563992023468,0.774986982345581,0,0,36.84489822387695,0,1
K0.100,0.8871970176696777,0.05586700141429901,0.4579960107803345,0,0.04458799958229065,0.9776149988174438,-0.20562399923801422,0,-0.4592309892177582,0.20284999907016754,0.8648459911346436,0,0.4852539896965027,136.5115509033203,-1.8271950483322144,1,0.9991859793663025,-0.017441000789403915,-0.03636299818754196,0,0.023056000471115112,0.9868109822273254,0.16022799909114838,0,0.03308900073170662,-0.16093599796295166,0.9864100217819214,0,0,19.21179962158203,-0.12080000340938568,1,0.9968469738960266,-0.028505999594926834,-0.0740479975938797,0,0.051291000097990036,0.9435409903526306,0.3272610008716583,0,0.06053899973630905,-0.3300270140171051,0.9420279860496521,0,0,22.414199829101562,0,1,0.9968469738960266,-0.028505999594926834,-0.0740479975938797,0,0.051291000097990036,0.9435409903526306,0.3272610008716583,0,0.060538001358509064,-0.3300270140171051,0.9420279860496521,0,0,25.616199493408203,0,1,0.9953969717025757,-0.03555700182914734,-0.08899199962615967,0,0.002435999922454357,0.9377080202102661,-0.3474160134792328,0,0.09580200165510178,0.34560099244117737,0.9334790110588074,0,0,28.818199157714844,0,1,0.999538004398346,-0.016140999272465706,0.02575100027024746,0,0.0213600005954504,0.9758350253105164,-0.2174610048532486,0,-0.021618999540805817,0.2179110050201416,0.9757289886474609,0,0,24.81220054626465,-0.20800000429153442,1,0.5846390128135681,-0.680836021900177,-0.4412029981613159,0,0.7007669806480408,0.14975500106811523,0.6974949836730957,0,-0.40880700945854187,-0.716962993144989,0.5646600127220154,0,10.665499687194824,25.014400482177734,-0.09600000083446503,1,0.7174299955368042,0.4117169976234436,0.5619450211524963,0,-0.6718299984931946,0.6222370266914368,0.40182799100875854,0,-0.1842229962348938,-0.665814995765686,0.7230160236358643,0,0,22.733400344848633,0,1,0.8787649869918823,0.47725099325180054,0.0021639999467879534,0,-0.4772540032863617,0.8787429928779602,0.006318000145256519,0,0.0011139999842271209,-0.006583999842405319,0.9999780058860779,0,0,53.267799377441406,0,1,0.919219970703125,-0.09660899639129639,0.3817090094089508,0,0.29803499579429626,0.8042430281639099,-0.5141670107841492,0,-0.257313996553421,0.5863950252532959,0.7680690288543701,0,0,48.94649887084961,0,1,0.721127986907959,0.6726580262184143,-0.16584700345993042,0,-0.6670070290565491,0.7388060092926025,0.09627000242471695,0,0.18728500604629517,0.0411980003118515,0.9814410209655762,0,-7.220099925994873,5.92080020904541,0,1,0.9909510016441345,0.05524099990725517,0.12232799828052521,0,-0.07137999683618546,0.9887089729309082,0.13175399601459503,0,-0.11366800218820572,-0.13929300010204315,0.983705997467041,0,-0.19339999556541443,7.467299938201904,0,1,0.9992679953575134,0.03822999820113182,0.0016430000541731715,0,-0.03822999820113182,0.9992690086364746,-0.000050999999075429514,0,-0.001643999945372343,-0.000012000000424450263,0.9999989867210388,0,-0.07540000230073929,10.21150016784668,0,1,0.9976990222930908,-0.05081399902701378,-0.044895000755786896,0,0.06504900008440018,0.9041749835014343,0.42218101024627686,0,0.019139999523758888,-0.42412999272346497,0.9053990244865417,0,0,11.067999839782715,0.17139999568462372,1,0.995468020439148,0.08909899741411209,0.03323499858379364,0,-0.08963599801063538,0.7624319791793823,0.6408299803733826,0,0.03175799921154976,-0.6409040093421936,0.766963005065918,0,0.2676999866962433,15.237099647521973,0,1,0.9997140169143677,0.023795999586582184,-0.002193999942392111,0,-0.023795999586582184,0.9997169971466064,0,0,0.0021929999347776175,0.000050999999075429514,0.9999979734420776,0,-0.27320000529289246,11.754599571228027,0,1,0.6835449934005737,0.5320190191268921,0.4997220039367676,0,-0.5792999863624573,-0.02108299918472767,0.8148419857025146,0,0.4440470039844513,-0.8464699983596802,0.29378700256347656,0,-10.665499687194824,25.013500213623047,0.04820000007748604,1,0.5720810294151306,-0.8201599717140198,-0.00782999861985445,0,0.817916989326477,0.5711759924888611,-0.06906399875879288,0,0.06111599877476692,0.0331059992313385,0.9975810050964355,0,0,22.733400344848633,0,1,0.9527289867401123,-0.30382001399993896,-0.0009459999855607748,0,0.30382099747657776,0.9527260065078735,0.002432999899610877,0,0.00016199999663513154,-0.002606000052765012,0.9999970197677612,0,0,53.26279830932617,0,1,0.7278910279273987,0.18007400631904602,-0.6616250276565552,0,-0.4716930091381073,0.8318210244178772,-0.29253900051116943,0,0.49767500162124634,0.5250210165977478,0.6904150247573853,0,0,48.94879913330078,0,1,0.6430400013923645,-0.48027199506759644,0.5965219736099243,0,0.35962098836898804,0.8770660161972046,0.318477988243103,0,-0.6761450171470642,0.009727999567985535,0.7367039918899536,0,8.018799781799316,6.1006999015808105,0,1,0.9997349977493286,0.01647300086915493,-0.016057999804615974,0,-0.016693999990820885,0.999767005443573,-0.01369599997997284,0,0.015828000381588936,0.013961000367999077,0.9997770190238953,0,1.1370999813079834,7.980000019073486,0,1,0.9253829717636108,-0.37821000814437866,-0.024961000308394432,0,0.3781520128250122,0.925715982913971,-0.007160999812185764,0,0.025815000757575035,-0.0028119999915361404,0.9996629953384399,0,1.0223000049591064,9.384200096130371,0,1,0.9764170050621033,-0.21543000638484955,-0.01411799993366003,0,0.21382099390029907,0.955947995185852,0.201105996966362,0,-0.02982800081372261,-0.19938300549983978,0.9794679880142212,0,0,12.017200469970703,0.17100000381469727,1,0.9999759793281555,-0.0067529999651014805,-0.0018210000125691295,0,0.006947000045329332,0.9287890195846558,0.3705439865589142,0,-0.0008110000053420663,-0.37054699659347534,0.9288129806518555,0,-0.27889999747276306,14.73859977722168,0,1,0.9992290139198303,-0.0391790010035038,0.002672000089660287,0,0.0391790010035038,0.9992319941520691,0.00002300000051036477,0,-0.0026710000820457935,0.00008099999831756577,0.9999960064888,0,0.359499990940094,11.803400039672852,0,1,-0.8841689825057983,-0.24999099969863892,0.39465200901031494,0,0.38721901178359985,-0.8647750020027161,0.31972798705101013,0,0.26135700941085815,0.4355100095272064,0.861407995223999,0,16.968599319458008,-10.666000366210938,0.600600004196167,1,0.9953619837760925,-0.09208899736404419,0.027820000424981117,0,0.08824300020933151,0.7588649988174438,-0.6452419757843018,0,0.038307998329401016,0.6447039842605591,0.7634720206260681,0,0,64.0801010131836,0,1,0.8789399862289429,-0.09391000121831894,0.46759599447250366,0,-0.30310800671577454,0.6469659805297852,0.6996859908103943,0,-0.36822599172592163,-0.7567139863967896,0.5401790142059326,0,0,55.26919937133789,0,1,0.9909409880638123,0.0003800000122282654,-0.13429999351501465,0,0.08439300209283829,0.7761340141296387,0.6248949766159058,0,0.10447300225496292,-0.6305680274963379,0.769070029258728,0,0,36.55550003051758,0,1,-0.9025710225105286,0.4076310098171234,-0.1385750025510788,0,-0.41898399591445923,-0.9056779742240906,0.0648059993982315,0,-0.09908699989318848,0.11655200272798538,0.988228976726532,0,-16.968599319458008,-10.666000366210938,0.4724000096321106,1,0.9950770139694214,0.08428200334310532,-0.0521400012075901,0,-0.09153100103139877,0.5798249840736389,-0.8095840215682983,0,-0.03800100088119507,0.8103700280189514,0.5846840143203735,0,0,64.064697265625,0,1,0.9775940179824829,0.20363900065422058,0.05330999940633774,0,-0.06684199720621109,0.06015799939632416,0.9959480166435242,0,0.1996069997549057,-0.9771959781646729,0.07242199778556824,0,0,55.25870132446289,0,1,0.9921960234642029,0.0015460000140592456,0.12467899918556213,0,-0.07906600087881088,0.7809849977493286,0.6195250153541565,0,-0.09641499817371368,-0.6245480179786682,0.7750120162963867,0,0,36.84489822387695,0,1
