1.767,30,53,41
B0,mixamorig_Hips,-1,0.8464282155036926,0.06757562607526779,0.5258442759513855,0,-0.013210191391408443,0.9941425919532776,-0.1066630631685257,0,-0.5300636887550354,0.08388407528400421,0.8423997759819031,0,16.290334701538086,144.2307891845703,27.151525497436523,1
B1,mixamorig_Spine,0,0.9858155250549316,0.08974436670541763,-0.1417294442653656,0,-0.09037980437278748,0.9959028363227844,0.0020010555163025856,0,0.14132604002952576,0.010845910757780075,0.9898914694786072,0,0,19.21179962158203,-0.12080000340938568,1
B2,mixamorig_Spine1,1,0.9440752267837524,0.1644943505525589,-0.2855301797389984,0,-0.1631445288658142,0.9861815571784973,0.028751928359270096,0,0.2863108515739441,0.01945599541068077,0.9578693509101868,0,0,22.414199829101562,0,1
B3,mixamorig_Spine2,2,0.9441307187080383,0.16438676416873932,-0.28541046380996704,0,-0.1630593091249466,0.9861983060836792,0.02865130640566349,0,0.28617793321609497,0.019505688920617104,0.9579079747200012,0,0,25.616199493408203,0,1
B4,mixamorig_Neck,3,0.9971693754196167,0.004942095838487148,0.07448765635490417,0,-0.01995757780969143,0.9790825247764587,0.20232564210891724,0,-0.07191987335681915,-0.20321784913539886,0.9764763712882996,0,0,28.818199157714844,0,1
B5,mixamorig_Head,4,0.9273694753646851,0.022527487948536873,0.37243959307670593,0,-0.06365998089313507,0.9930526614189148,0.09780076146125793,0,-0.36782175302505493,-0.11413338780403137,0.9224740266799927,0,0,24.81220054626465,-0.20800000429153442,1
B6,mixamorig_HeadTop_End,5,1,0,0,0,0,1,0,0,0,0,1,0,0,103.31420135498047,-0.8658999800682068,1
B7,mixamorig_LeftShoulder,3,0.04710333049297333,0.0162659902125597,-0.9987409114837646,0,0.8858341574668884,-0.46271002292633057,0.034240737557411194,0,-0.461569219827652,-0.8863604068756104,-0.03620705381035805,0,10.665499687194824,25.014400482177734,-0.09600000083446503,1
B8,mixamorig_LeftArm,7,0.8113979697227478,-0.29842400550842285,-0.5012173652648926,0,0.46232864260673523,0.8530347347259521,0.24034364521503448,0,0.35570916533470154,-0.42761677503585815,0.8306859731674194,0,0,22.733400344848633,0,1
B9,mixamorig_LeftForeArm,8,0.048324406147003174,0.9860435724258423,0.014110151678323746,0,-0.9860534071922302,0.04812534525990486,0.013913856819272041,0,0.01339572574943304,-0.014585749246180058,0.9998009204864502,0,0,53.267799377441406,0,1
B10,mixamorig_LeftHand,9,0.9270872473716736,0.2944253087043762,-0.22677309811115265,0,-0.26591798663139343,0.9523798823356628,0.13737471401691437,0,0.25690627098083496,-0.06636487692594528,0.9612809419631958,0,0,48.94649887084961,0,1
B11,mixamorig_LeftHandThumb1,10,0.9137658476829529,0.40361401438713074,-0.04613500088453293,0,-0.3612099885940552,0.8591880202293396,0.36238500475883484,0,0.18590199947357178,-0.3144710063934326,0.9308859705924988,0,-7.220099925994873,5.92080020904541,0,1
B12,mixamorig_LeftHandThumb2,11,0.5958001613616943,-0.8008618354797363,0.06035299971699715,0,0.7924020290374756,0.5984209775924683,0.11828300356864929,0,-0.13084499537944794,-0.022648999467492104,0.9911440014839172,0,-0.19339999556541443,7.467299938201904,0,1
B13,mixamorig_LeftHandThumb3,12,0.9194669723510742,-0.3903160095214844,0.04726799950003624,0,0.3903709948062897,0.920619010925293,0.008453999646008015,0,-0.04681599885225296,0.010679000057280064,0.9988459944725037,0,-0.07540000230073929,10.21150016784668,0,1
B14,mixamorig_LeftHandThumb4,13,1,0,0,0,0,1,0,0,0,0,1,0,0.2687999904155731,8.708700180053711,0,1
B15,mixamorig_LeftHandIndex1,10,0.9990940093994141,0.04119100049138069,0.010727000422775745,0,-0.0425649993121624,0.966491162776947,0.2531450092792511,0,0.00005900000178371556,-0.2533720135688782,0.967369019985199,0,0,11.067999839782715,0.17139999568462372,1
B16,mixamorig_LeftHandIndex2,15,0.9996770024299622,-0.025371000170707703,-0.0014029999729245901,0,0.025294000282883644,0.988336980342865,0.15016500651836395,0,-0.002423000056296587,-0.15015199780464172,0.9886599779129028,0,0.2676999866962433,15.237099647521973,0,1
B17,mixamorig_LeftHandIndex3,16,0.9994999766349792,0.03156200051307678,-0.0018581897020339966,0,-0.03133299946784973,0.9966679811477661,0.07530300319194794,0,0.004228999838232994,-0.07520700246095657,0.9971590042114258,0,-0.27320000529289246,11.754599571228027,0,1
B18,mixamorig_LeftHandIndex4,17,1,0,0,0,0,1,0,0,0,0,1,0,0.005499999970197678,9.809100151062012,0,1
B19,mixamorig_RightShoulder,3,0.20943526923656464,-0.05205763131380081,0.9764360785484314,0,-0.8500862121582031,-0.5031602382659912,0.1555090993642807,0,0.48320791125297546,-0.862623929977417,-0.1496325135231018,0,-10.665499687194824,25.013500213623047,0.04820000007748604,1
B20,mixamorig_RightArm,19,0.5793999433517456,-0.3931536376476288,-0.7127338647842407,0,0.5543007850646973,0.8293840289115906,-0.007500689011067152,0,0.5935688614845276,-0.39073801040649414,0.7012842297554016,0,0,22.733400344848633,0,1
B21,mixamorig_RightForeArm,20,0.9825076460838318,-0.18582943081855774,-0.0010264881420880556,0,0.18583042919635773,0.9825074672698975,0.0015528203221037984,0,0.0007193732890300453,-0.0017167541664093733,0.9999979734420776,0,0,53.26279830932617,0,1
B22,mixamorig_RightHand,21,0.5250496864318848,-0.5109624862670898,-0.6799310445785522,0,0.0898100808262825,0.8278948068618774,-0.5527878403663635,0,0.8462196588516235,0.2292579561471939,0.4809626638889313,0,0,48.94879913330078,0,1
B23,mixamorig_RightHandThumb1,22,0.9504830241203308,-0.3045490086078644,0.0618961900472641,0,-0.02143999934196472,0.13443419337272644,0.9906908273696899,0,-0.31003499031066895,-0.9429619908332825,0.12124799937009811,0,8.018799781799316,6.1006999015808105,0,1
B24,mixamorig_RightHandThumb2,23,0.7265859842300415,0.2680880129337311,-0.6326149702072144,0,-0.6861280202865601,0.23477819561958313,-0.6885539889335632,0,-0.03606899827718735,0.934349000453949,0.35453000664711,0,1.1370999813079834,7.980000019073486,0,1
B25,mixamorig_RightHandThumb3,24,0.9959319829940796,-0.004635189659893513,-0.08998700231313705,0,-0.05199481174349785,0.7860788106918335,-0.6159359812736511,0,0.07359199970960617,0.6181091666221619,0.7826399803161621,0,1.0223000049591064,9.384200096130371,0,1
B26,mixamorig_RightHandThumb4,25,1,0,0,0,0,1,0,0,0,0,1,0,-2.1594998836517334,7.527200222015381,0,1
B27,mixamorig_RightHandIndex1,22,0.9919120073318481,-0.08600281178951263,-0.09334500133991241,0,0.10451500117778778,0.1361611932516098,0.9851580262184143,0,-0.07201600074768066,-0.9869470000267029,0.1440490037202835,0,0,12.017200469970703,0.17100000381469727,1
B28,mixamorig_RightHandIndex2,27,0.9965810179710388,-0.06394200026988983,-0.05232800170779228,0,0.05452900007367134,0.03316881135106087,0.9979609847068787,0,-0.06207599863409996,-0.997402012348175,0.03654199838638306,0,-0.27889999747276306,14.73859977722168,0,1
B29,mixamorig_RightHandIndex3,28,0.9949169754981995,-0.09680300205945969,-0.027723999693989754,0,0.08886118978261948,0.7145659923553467,0.693901002407074,0,-0.04736100137233734,-0.6928380131721497,0.7195370197296143,0,0.359499990940094,11.803400039672852,0,1
B30,mixamorig_RightHandIndex4,29,1,0,0,0,0,1,0,0,0,0,1,0,-0.08060000091791153,9.22070026397705,0,1
B31,mixamorig_LeftUpLeg,0,-0.9885488748550415,-0.005199885927140713,0.150300070643425,0,0.061436187475919724,-0.9257528781890869,0.3726698160171509,0,0.13736626505851746,0.3777430057525635,0.9155257940292358,0,16.968599319458008,-10.666000366210938,0.600600004196167,1
B32,mixamorig_LeftLeg,31,0.9967510104179382,-0.06466206163167953,0.047060176730155945,0,0.07752909511327744,0.6452548503875732,-0.7597253322601318,0,0.01879512146115303,0.7608949542045593,0.648188591003418,0,0,64.0801010131836,0,1
B33,mixamorig_LeftFoot,32,0.9761584401130676,-0.004037835169583559,0.2154962420463562,0,-0.2012573480606079,0.34135332703590393,0.9180524349212646,0,-0.07722275704145432,-0.9397737383842468,0.3321974277496338,0,0,55.26919937133789,0,1
B34,mixamorig_LeftToeBase,33,0.9922623634338379,-0.0003331897605676204,-0.12415653467178345,0,0.0824006199836731,0.7497751712799072,0.656541109085083,0,0.09287015348672867,-0.6616919636726379,0.7440016269683838,0,0,36.55550003051758,0,1
B35,mixamorig_LeftToe_End,34,1,0,0,0,0,1,0,0,0,0,1,0,0,13.579999923706055,0,1
B36,mixamorig_RightUpLeg,0,-0.752552330493927,0.6074731349945068,-0.25370916724205017,0,-0.6188660264015198,-0.7838854789733887,-0.04240720719099045,0,-0.22495949268341064,0.12517450749874115,0.9659048914909363,0,-16.968599319458008,-10.666000366210938,0.4724000096321106,1
B37,mixamorig_RightLeg,36,0.9964457154273987,0.08180221915245056,0.018145058304071426,0,-0.04983390495181084,0.7539570927619934,-0.6545143723487854,0,-0.06738585233688354,0.6512706875801086,0.7554075717926025,0,0,64.064697265625,0,1
B38,mixamorig_RightFoot,37,0.98604416847229,0.022543994709849358,-0.16401758790016174,0,0.11153002828359604,0.6438716650009155,0.7558196783065796,0,0.12313902378082275,-0.7635597586631775,0.6324969530105591,0,0,55.25870132446289,0,1
B39,mixamorig_RightToeBase,38,0.9691699147224426,0.2314448207616806,-0.08268503099679947,0,-0.005298659671097994,0.3552098274230957,0.9346697330474854,0,0.2457728236913681,-0.905462384223938,0.34540167450904846,0,0,36.84489822387695,0,1
B40,mixamorig_RightToe_End,39,1,0,0,0,0,1,0,0,0,0,1,0,0,13.57919979095459,0,1
@34,0,1,2,3,4,5,7,8,9,10,11,12,13,15,16,17,19,20,21,22,23,24,25,27,28,29,31,32,33,34,36,37,38,39
K0.000,0.4687120020389557,-0.002856000093743205,0.8833460211753845,0,0.0698930025100708,0.9969800114631653,-0.03386300057172775,0,-0.8805819749832153,0.07761099934577942,0.46749600768089294,0,2.8139569759368896,139.54820251464844,-2.3576149940490723,1,0.9999979734420776,0.0015810000477358699,0.0007849999819882214,0,-0.001610000035725534,0.9992370009422302,0.03903299942612648,0,-0.0007220000261440873,-0.039034001529216766,0.9992380142211914,0,0,19.21179962158203,-0.12080000340938568,1,0.9992039799690247,-0.03967899829149246,-0.004124999977648258,0,0.03988900035619736,0.9950529932975769,0.09098800271749496,0,0.0004939999780617654,-0.09108000248670578,0.9958429932594299,0,0,22.414199829101562,0,1,0.9992020130157471,-0.03964800015091896,-0.004794999957084656,0,0.03991999849677086,0.9950550198554993,0.09095200151205063,0,0.0011660000309348106,-0.0910710021853447,0.9958440065383911,0,0,25.616199493408203,0,1,0.9946280121803284,0.01560600008815527,-0.10233300179243088,0,0.009134000167250633,0.97148197889328,0.23693600296974182,0,0.10311199724674225,-0.23659799993038177,0.9661210179328918,0,0,28.818199157714844,0,1,0.7927460074424744,-0.20317800343036652,-0.5746939778327942,0,0.10649699717760086,0.974478006362915,-0.19761300086975098,0,0.600176990032196,0.09545399993658066,0.7941510081291199,0,0,24.81220054626465,-0.20800000429153442,1,0.06430699676275253,0.017301000654697418,-0.9977800250053406,0,0.8847159743309021,-0.4635489881038666,0.04898200184106827,0,-0.46167299151420593,-0.8859019875526428,-0.04511599987745285,0,10.665499687194824,25.014400482177734,-0.09600000083446503,1,0.9711199998855591,0.03777699917554855,0.23558300733566284,0,-0.10094299912452698,0.9597150087356567,0.2622149884700775,0,-0.2161870002746582,-0.278423011302948,0.9358119964599609,0,0,22.733400344848633,0,1,-0.05979999899864197,0.998088002204895,0.015636000782251358,0,-0.9980980157852173,-0.06002100184559822,0.014084000140428543,0,0.014995000325143337,-0.014763999730348587,0.9997789859771729,0,0,53.267799377441406,0,1,0.9742100238800049,0.16263799369335175,-0.15641100704669952,0,-0.150750994682312,0.9848979711532593,0.08514799922704697,0,0.16789700090885162,-0.05937200039625168,0.9840149879455566,0,0,48.94649887084961,0,1,0.9137660264968872,0.40361401438713074,-0.04613399878144264,0,-0.3612099885940552,0.8591880202293396,0.36238500475883484,0,0.18590199947357178,-0.3144710063934326,0.9308859705924988,0,-7.220099925994873,5.92080020904541,0,1,0.5958009958267212,-0.8008620142936707,0.06035299971699715,0,0.7924020290374756,0.5984209775924683,0.11828300356864929,0,-0.13084499537944794,-0.022648999467492104,0.9911440014839172,0,-0.19339999556541443,7.467299938201904,0,1,0.9194669723510742,-0.3903160095214844,0.04726799950003624,0,0.3903709948062897,0.920619010925293,0.008453999646008015,0,-0.04681599885225296,0.010679000057280064,0.9988459944725037,0,-0.07540000230073929,10.21150016784668,0,1,0.9990940093994141,0.04119100049138069,0.010727999731898308,0,-0.0425649993121624,0.9664909839630127,0.2531450092792511,0,0.00005900000178371556,-0.25337299704551697,0.967369019985199,0,0,11.067999839782715,0.17139999568462372,1,0.9996770024299622,-0.025371000170707703,-0.0014039999805390835,0,0.025294000282883644,0.988336980342865,0.15016399323940277,0,-0.002423000056296587,-0.15015099942684174,0.9886599779129028,0,0.2676999866962433,15.237099647521973,0,1,0.9994999766349792,0.03156200051307678,-0.0018579999450594187,0,-0.03133299946784973,0.9966679811477661,0.07530300319194794,0,0.004228999838232994,-0.07520700246095657,0.9971590042114258,0,-0.27320000529289246,11.754599571228027,0,1,0.1390720009803772,-0.022141000255942345,0.9900349974632263,0,-0.8720420002937317,-0.47648099064826965,0.11184199899435043,0,0.4692569971084595,-0.8789060115814209,-0.08557300269603729,0,-10.665499687194824,25.013500213623047,0.04820000007748604,1,0.9280239939689636,-0.07369700074195862,0.36515799164772034,0,-0.02931700088083744,0.9627469778060913,0.2688109874725342,0,-0.3713650107383728,-0.26016899943351746,0.8912910223007202,0,0,22.733400344848633,0,1,-0.2901119887828827,-0.9569219946861267,-0.01166400033980608,0,0.9569290280342102,-0.2902120053768158,0.007997999899089336,0,-0.011037999764084816,-0.008840999566018581,0.9998999834060669,0,0,53.26279830932617,0,1,0.9393240213394165,0.33639100193977356,-0.06716900318861008,0,-0.29912900924682617,0.8990949988365173,0.31960999965667725,0,0.16790500283241272,-0.28012600541114807,0.9451649785041809,0,0,48.94879913330078,0,1,0.9504830241203308,-0.3045490086078644,0.06189600005745888,0,-0.02143999934196472,0.13443399965763092,0.9906910061836243,0,-0.31003499031066895,-0.9429619908332825,0.12124799937009811,0,8.018799781799316,6.1006999015808105,0,1,0.7265859842300415,0.2680889964103699,-0.6326149702072144,0,-0.6861280202865601,0.2347780019044876,-0.6885550022125244,0,-0.036070000380277634,0.934349000453949,0.35453000664711,0,1.1370999813079834,7.980000019073486,0,1,0.9959319829940796,-0.0046350001357495785,-0.08998700231313705,0,-0.051993999630212784,0.7860789895057678,-0.6159359812736511,0,0.07359199970960617,0.6181089878082275,0.7826399803161621,0,1.0223000049591064,9.384200096130371,0,1,0.9919120073318481,-0.08600199967622757,-0.09334500133991241,0,0.10451500117778778,0.13616199791431427,0.9851580262184143,0,-0.07201600074768066,-0.9869470000267029,0.1440490037202835,0,0,12.017200469970703,0.17100000381469727,1,0.9965810179710388,-0.06394200026988983,-0.05232800170779228,0,0.05452900007367134,0.03316900134086609,0.9979609847068787,0,-0.06207599863409996,-0.997402012348175,0.03654199838638306,0,-0.27889999747276306,14.73859977722168,0,1,0.9949169754981995,-0.09680300205945969,-0.027723999693989754,0,0.08886100351810455,0.7145659923553467,0.693901002407074,0,-0.04736100137233734,-0.6928380131721497,0.7195370197296143,0,0.359499990940094,11.803400039672852,0,1,-0.8475260138511658,-0.3888719975948334,0.36121800541877747,0,0.4930129945278168,-0.8288609981536865,0.2644380033016205,0,0.19656699895858765,0.4022029936313629,0.8942000269889832,0,16.968599319458008,-10.666000366210938,0.600600004196167,1,0.9878829717636108,0.04511599987745285,0.14849700033664703,0,0.08233799785375595,0.6587049961090088,-0.7478820085525513,0,-0.13155700266361237,0.7510470151901245,0.647009015083313,0,0,64.0801010131836,0,1,0.9208269715309143,-0.2872439920902252,0.26375898718833923,0,-0.09080000221729279,0.49984100461006165,0.8613439798355103,0,-0.37925300002098083,-0.8170989751815796,0.43418601155281067,0,0,55.26919937133789,0,1,0.9928719997406006,-0.000678999989759177,-0.11918199807405472,0,0.08138100057840347,0.73444002866745,0.6737769842147827,0,0.08707399666309357,-0.6786739826202393,0.7292600274085999,0,0,36.55550003051758,0,1,-0.9384620189666748,0.28743499517440796,-0.19149599969387054,0,-0.33672499656677246,-0.8847929835319519,0.3221150040626526,0,-0.07684700191020966,0.3667739927768707,0.9271309971809387,0,-16.968599319458008,-10.666000366210938,0.4724000096321106,1,0.9864820241928101,0.15681800246238708,0.04755000025033951,0,-0.04506399855017662,0.5385969877243042,-0.8413580060005188,0,-0.15755000710487366,0.8278419971466064,0.5383830070495605,0,0,64.064697265625,0,1,0.9751780033111572,0.02048500068485737,-0.22047199308872223,0,0.21382400393486023,0.17145299911499023,0.9617080092430115,0,0.05750200152397156,-0.984978973865509,0.16281700134277344,0,0,55.25870132446289,0,1,0.9933739900588989,0.000818000000435859,0.11491899937391281,0,-0.07846199721097946,0.7354739904403687,0.6729949712753296,0,-0.08396899700164795,-0.6775529980659485,0.7306650280952454,0,0,36.84489822387695,0,1
K0.033,0.4677399694919586,0.00450605433434248,0.8838539719581604,0,0.0541168712079525,0.9979649782180786,-0.03372699394822121,0,-0.882207989692688,0.0636068806052208,0.4665449559688568,0,1.5384067296981812,140.80731201171875,-2.064275026321411,1,0.9999979734420776,0.0012570145772770047,-0.0016680080443620682,0,-0.0011990144848823547,0.9994180202484131,0.0340779572725296,0,0.0017100084805861115,-0.034075960516929626,0.9994180202484131,0,0,19.21179962158203,-0.12080000340938568,1,0.9991980195045471,-0.039093978703022,-0.00860301312059164,0,0.03966297581791878,0.995926022529602,0.0809779167175293,0,0.00540201785042882,-0.08125391602516174,0.9966790080070496,0,0,22.414199829101562,0,1,0.9991940259933472,-0.03907497599720955,-0.009152011945843697,0,0.039687976241111755,0.9959359765052795,0.08084791898727417,0,0.005956016946583986,-0.08114591985940933,0.9966840147972107,0,0,25.616199493408203,0,1,0.9948279857635498,0.014121981337666512,-0.10058299452066422,0,0.011999032460153103,0.967009961605072,0.2544551491737366,0,0.10085798799991608,-0.25434616208076477,0.9618399143218994,0,0,28.818199157714844,0,1,0.7971540093421936,-0.19896197319030762,-0.570052981376648,0,0.10258898138999939,0.9750499725341797,-0.19685697555541992,0,0.594996988773346,0.09844498336315155,0.7976760268211365,0,0,24.81220054626465,-0.20800000429153442,1,0.07032306492328644,0.017302999272942543,-0.9973739981651306,0,0.8896990418434143,-0.453237920999527,0.05486806482076645,0,-0.4510989189147949,-0.8912210464477539,-0.04726802185177803,0,10.665499687194824,25.014400482177734,-0.09600000083446503,1,0.9522008299827576,0.0389590747654438,0.302978515625,0,-0.10113798081874847,0.9761021137237549,0.19234338402748108,0,-0.2882445752620697,-0.21379244327545166,0.9333849549293518,0,0,22.733400344848633,0,1,-0.08388814330101013,0.9963470101356506,0.01597600243985653,0,-0.9963570237159729,-0.08411514014005661,0.014058999717235565,0,0.015352001413702965,-0.014737999998033047,0.9997739791870117,0,0,53.267799377441406,0,1,0.976419985294342,0.16872304677963257,-0.13467183709144592,0,-0.15818406641483307,0.9836980104446411,0.08553098887205124,0,0.14690683782100677,-0.06221101060509682,0.9871919751167297,0,0,48.94649887084961,0,1,0.9137660264968872,0.40361300110816956,-0.04613500088453293,0,-0.3612099885940552,0.8591880202293396,0.36238500475883484,0,0.18590199947357178,-0.3144710063934326,0.9308859705924988,0,-7.220099925994873,5.92080020904541,0,1,0.5958009958267212,-0.8008610010147095,0.06035299971699715,0,0.7924020290374756,0.5984209775924683,0.11828300356864929,0,-0.13084499537944794,-0.022648999467492104,0.9911440014839172,0,-0.19339999556541443,7.467299938201904,0,1,0.9194669723510742,-0.3903160095214844,0.04726799950003624,0,0.3903709948062897,0.920619010925293,0.008453999646008015,0,-0.04681599885225296,0.010679000057280064,0.9988459944725037,0,-0.07540000230073929,10.21150016784668,0,1,0.9990940093994141,0.04119100049138069,0.010727999731898308,0,-0.0425649993121624,0.9664909839630127,0.2531450092792511,0,0.00005900000178371556,-0.2533720135688782,0.967369019985199,0,0,11.067999839782715,0.17139999568462372,1,0.9996770024299622,-0.025371000170707703,-0.0014039999805390835,0,0.025294000282883644,0.988336980342865,0.15016500651836395,0,-0.002423000056296587,-0.15015199780464172,0.9886599779129028,0,0.2676999866962433,15.237099647521973,0,1,0.9994999766349792,0.03156200051307678,-0.001858999952673912,0,-0.03133299946784973,0.9966679811477661,0.07530300319194794,0,0.004228999838232994,-0.07520700246095657,0.9971590042114258,0,-0.27320000529289246,11.754599571228027,0,1,0.13172493875026703,-0.018502967432141304,0.9911140203475952,0,-0.8736670017242432,-0.4745539724826813,0.1072559580206871,0,0.46835198998451233,-0.8800320029258728,-0.07867594063282013,0,-10.665499687194824,25.013500213623047,0.04820000007748604,1,0.9162349104881287,-0.06148594617843628,0.39589425921440125,0,-0.03258088231086731,0.9734461307525635,0.2265864759683609,0,-0.3993132710456848,-0.2205054610967636,0.8899019956588745,0,0,22.733400344848633,0,1,-0.28185370564460754,-0.9593870639801025,-0.01159499678760767,0,0.9593950510025024,-0.28195270895957947,0.008018000982701778,0,-0.01096199732273817,-0.008864001370966434,0.9999009966850281,0,0,53.26279830932617,0,1,0.9546401500701904,0.2898034155368805,-0.06838306039571762,0,-0.25911545753479004,0.9216792583465576,0.2887325584888458,0,0.14670279622077942,-0.2579166293144226,0.9549641013145447,0,0,48.94879913330078,0,1,0.9504830241203308,-0.3045499920845032,0.06189600005745888,0,-0.02143999934196472,0.13443399965763092,0.9906910061836243,0,-0.31003499031066895,-0.9429619908332825,0.12124799937009811,0,8.018799781799316,6.1006999015808105,0,1,0.7265859842300415,0.2680880129337311,-0.6326149702072144,0,-0.6861280202865601,0.2347790002822876,-0.6885539889335632,0,-0.03606899827718735,0.934349000453949,0.35453000664711,0,1.1370999813079834,7.980000019073486,0,1,0.9959319829940796,-0.004635999910533428,-0.08998700231313705,0,-0.051993999630212784,0.7860779762268066,-0.6159359812736511,0,0.07359199970960617,0.6181100010871887,0.7826399803161621,0,1.0223000049591064,9.384200096130371,0,1,0.9919120073318481,-0.08600199967622757,-0.09334500133991241,0,0.10451500117778778,0.13616099953651428,0.9851580262184143,0,-0.07201600074768066,-0.9869470000267029,0.1440490037202835,0,0,12.017200469970703,0.17100000381469727,1,0.9965810179710388,-0.06394200026988983,-0.05232800170779228,0,0.05452800169587135,0.0331679992377758,0.9979609847068787,0,-0.06207599863409996,-0.997402012348175,0.03654100000858307,0,-0.27889999747276306,14.73859977722168,0,1,0.9949169754981995,-0.09680300205945969,-0.027723999693989754,0,0.08886200189590454,0.7145659923553467,0.693901002407074,0,-0.04736100137233734,-0.6928380131721497,0.7195370197296143,0,0.359499990940094,11.803400039672852,0,1,-0.8544370532035828,-0.3815789520740509,0.3526109755039215,0,0.47847992181777954,-0.8423981070518494,0.2478368878364563,0,0.202470064163208,0.3804778456687927,0.9023540616035461,0,16.968599319458008,-10.666000366210938,0.600600004196167,1,0.9864839911460876,0.0429229810833931,0.15813808143138885,0,0.08357800543308258,0.6983032822608948,-0.7109066843986511,0,-0.14094208180904388,0.7145146727561951,0.6852772831916809,0,0,64.0801010131836,0,1,0.9151599407196045,-0.28869399428367615,0.2813151180744171,0,-0.09121597558259964,0.5314723253250122,0.8421508073806763,0,-0.3926350772380829,-0.7963628172874451,0.46004822850227356,0,0,55.26919937133789,0,1,0.9931269884109497,-0.0008640017476864159,-0.1170399859547615,0,0.08089999109506607,0.7277089357376099,0.6810980439186096,0,0.08458197861909866,-0.6858850717544556,0.7227769494056702,0,0,36.55550003051758,0,1,-0.9383559823036194,0.2905580401420593,-0.1872539520263672,0,-0.3376230001449585,-0.8865950107574463,0.31616297364234924,0,-0.07415495812892914,0.3598949611186981,0.9300410151481628,0,-16.968599319458008,-10.666000366210938,0.4724000096321106,1,0.9854779839515686,0.16038404405117035,0.05576607957482338,0,-0.045159995555877686,0.564143180847168,-0.8244408965110779,0,-0.1636870801448822,0.8099498748779297,0.5631941556930542,0,0,64.064697265625,0,1,0.9751269817352295,0.016374973580241203,-0.2210400104522705,0,0.21387800574302673,0.19218116998672485,0.9577699303627014,0,0.05816300958395004,-0.981222927570343,0.1838981658220291,0,0,55.25870132446289,0,1,0.9938210248947144,0.0030190174002200365,0.11094896495342255,0,-0.07804299145936966,0.7297819256782532,0.6792110800743103,0,-0.07891895622015,-0.6836740374565125,0.725507915019989,0,0,36.84489822387695,0,1
K0.067,0.4650270342826843,0.009947946295142174,0.8852409720420837,0,0.04116212949156761,0.9986119866371155,-0.03284500911831856,0,-0.8843389749526978,0.051712118089199066,0.4639720320701599,0,0.5135412216186523,141.76022338867188,-1.785125732421875,1,0.9999930262565613,0.0027139855083078146,-0.002475992077961564,0,-0.002637985860928893,0.9995440244674683,0.03007003851234913,0,0.0025569915305823088,-0.03006303869187832,0.9995449781417847,0,0,19.21179962158203,-0.12080000340938568,1,0.9992669820785522,-0.03698502108454704,-0.009899986907839775,0,0.03760901838541031,0.996628999710083,0.07290708273649216,0,0.007169982418417931,-0.07322607934474945,0.9972900152206421,0,0,22.414199829101562,0,1,0.9992629885673523,-0.03697202354669571,-0.010362988337874413,0,0.03763001784682274,0.996641993522644,0.07272808253765106,0,0.007639983203262091,-0.07306408137083054,0.997298002243042,0,0,25.616199493408203,0,1,0.9949079751968384,0.012237018905580044,-0.1000400111079216,0,0.015279967337846756,0.962812066078186,0.26974084973335266,0,0.09962001442909241,-0.26989585161209106,0.9577220678329468,0,0,28.818199157714844,0,1,0.7980340123176575,-0.19592003524303436,-0.5698739886283875,0,0.10102101415395737,0.9757859706878662,-0.19400303065776825,0,0.5940840244293213,0.09725101292133331,0.7985020279884338,0,0,24.81220054626465,-0.20800000429153442,1,0.07682093232870102,0.01738400012254715,-0.9968929886817932,0,0.8939169645309448,-0.4440420866012573,0.06114193797111511,0,-0.44160008430480957,-0.8958369493484497,-0.04965197667479515,0,10.665499687194824,25.014400482177734,-0.09600000083446503,1,0.9336901903152466,0.04651292413473129,0.35504648089408875,0,-0.09927501529455185,0.9862848520278931,0.13186059892177582,0,-0.34404343366622925,-0.15836454927921295,0.9255020618438721,0,0,22.733400344848633,0,1,-0.09781286120414734,0.9950730204582214,0.016171997413039207,0,-0.9950829744338989,-0.09804185479879379,0.014041000045835972,0,0.015556998550891876,-0.014719000086188316,0.999770998954773,0,0,53.267799377441406,0,1,0.9778109788894653,0.17339494824409485,-0.11755417287349701,0,-0.1641119420528412,0.982807993888855,0.08459100872278214,0,0.13020116090774536,-0.06342198699712753,0.9894570112228394,0,0,48.94649887084961,0,1,0.9137660264968872,0.40361401438713074,-0.04613500088453293,0,-0.3612099885940552,0.8591880202293396,0.36238500475883484,0,0.18590199947357178,-0.3144710063934326,0.9308859705924988,0,-7.220099925994873,5.92080020904541,0,1,0.59579998254776,-0.8008620142936707,0.06035400182008743,0,0.792402982711792,0.5984209775924683,0.11828199774026871,0,-0.13084499537944794,-0.022647999227046967,0.9911440014839172,0,-0.19339999556541443,7.467299938201904,0,1,0.9194669723510742,-0.3903160095214844,0.04726799950003624,0,0.3903709948062897,0.920619010925293,0.008453999646008015,0,-0.04681599885225296,0.010679000057280064,0.9988459944725037,0,-0.07540000230073929,10.21150016784668,0,1,0.9990940093994141,0.04119100049138069,0.010727999731898308,0,-0.0425649993121624,0.9664909839630127,0.2531450092792511,0,0.00005900000178371556,-0.25337299704551697,0.967369019985199,0,0,11.067999839782715,0.17139999568462372,1,0.9996770024299622,-0.025371000170707703,-0.0014039999805390835,0,0.025294000282883644,0.988336980342865,0.15016500651836395,0,-0.002423000056296587,-0.15015199780464172,0.9886599779129028,0,0.2676999866962433,15.237099647521973,0,1,0.9994999766349792,0.03156200051307678,-0.0018579999450594187,0,-0.03133299946784973,0.9966679811477661,0.07530300319194794,0,0.004228999838232994,-0.07520700246095657,0.9971590042114258,0,-0.27320000529289246,11.754599571228027,0,1,0.1250680536031723,-0.015309032052755356,0.9920300245285034,0,-0.8750560283660889,-0.47293004393577576,0.10302304476499557,0,0.4675840139389038,-0.8809670209884644,-0.07254406064748764,0,-10.665499687194824,25.013500213623047,0.04820000007748604,1,0.9046171307563782,-0.05610305070877075,0.42251771688461304,0,-0.02076311782002449,0.9843218922615051,0.17515750229358673,0,-0.4257197380065918,-0.16722354292869568,0.8892689943313599,0,0,22.733400344848633,0,1,-0.25225529074668884,-0.9675939679145813,-0.011347002349793911,0,0.9676019549369812,-0.2523512840270996,0.00808699894696474,0,-0.010688003152608871,-0.00893899891525507,0.9999030232429504,0,0,53.26279830932617,0,1,0.9706178307533264,0.22885461151599884,-0.07434093952178955,0,-0.20487654209136963,0.9480167627334595,0.24349445104599,0,0.12620221078395844,-0.22110937535762787,0.9670488834381104,0,0,48.94879913330078,0,1,0.9504830241203308,-0.3045490086078644,0.06189600005745888,0,-0.02143999934196472,0.1344349980354309,0.9906910061836243,0,-0.31003499031066895,-0.9429619908332825,0.12124799937009811,0,8.018799781799316,6.1006999015808105,0,1,0.7265859842300415,0.2680880129337311,-0.632614016532898,0,-0.6861280202865601,0.2347790002822876,-0.6885550022125244,0,-0.03606899827718735,0.934349000453949,0.35453000664711,0,1.1370999813079834,7.980000019073486,0,1,0.9959319829940796,-0.004635999910533428,-0.08998700231313705,0,-0.051993999630212784,0.7860779762268066,-0.6159359812736511,0,0.07359199970960617,0.6181089878082275,0.7826399803161621,0,1.0223000049591064,9.384200096130371,0,1,0.9919120073318481,-0.08600199967622757,-0.09334500133991241,0,0.10451500117778778,0.13616199791431427,0.9851580262184143,0,-0.07201600074768066,-0.9869470000267029,0.1440490037202835,0,0,12.017200469970703,0.17100000381469727,1,0.9965810179710388,-0.06394200026988983,-0.05232800170779228,0,0.05452900007367134,0.03316900134086609,0.9979609847068787,0,-0.06207599863409996,-0.997402012348175,0.03654199838638306,0,-0.27889999747276306,14.73859977722168,0,1,0.9949169754981995,-0.09680300205945969,-0.027722999453544617,0,0.08886100351810455,0.7145659923553467,0.693901002407074,0,-0.04736199975013733,-0.6928380131721497,0.7195370197296143,0,0.359499990940094,11.803400039672852,0,1,-0.8583449125289917,-0.37633806467056274,0.34873202443122864,0,0.468855082988739,-0.8513739109039307,0.2352401167154312,0,0.20837093889713287,0.3654211461544037,0.9072199463844299,0,16.968599319458008,-10.666000366210938,0.600600004196167,1,0.9852610230445862,0.04109501838684082,0.1660459190607071,0,0.08450198918581009,0.7270656824111938,-0.6813473105430603,0,-0.14872592687606812,0.6853362917900085,0.7128776907920837,0,0,64.0801010131836,0,1,0.9113800525665283,-0.28755098581314087,0.2944488823413849,0,-0.0892220214009285,0.5603827238082886,0.8234142065048218,0,-0.4017779231071472,-0.7767142057418823,0.485065758228302,0,0,55.26919937133789,0,1,0.9933419823646545,-0.0010399982566013932,-0.11520201712846756,0,0.08046800643205643,0.7218750715255737,0.6873289346694946,0,0.08244702219963074,-0.6920219659805298,0.7171530723571777,0,0,36.55550003051758,0,1,-0.9385849833488464,0.29288795590400696,-0.1824120432138443,0,-0.337909996509552,-0.8871909976005554,0.31418102979660034,0,-0.0698140412569046,0.3565240204334259,0.9316740036010742,0,-16.968599319458008,-10.666000366210938,0.4724000096321106,1,0.9843469858169556,0.1643979549407959,0.06350992619991302,0,-0.04481000453233719,0.58198082447052,-0.811967134475708,0,-0.17044693231582642,0.7964110970497131,0.5802388191223145,0,0,64.064697265625,0,1,0.9749590158462524,0.013813025318086147,-0.22195398807525635,0,0.21429499983787537,0.20836983621120453,0.9542850852012634,0,0.05942998826503754,-0.9779530763626099,0.20019184052944183,0,0,55.25870132446289,0,1,0.9941949844360352,0.004758982919156551,0.10748903453350067,0,-0.0775890052318573,0.7238380312919617,0.6855929493904114,0,-0.07454204559326172,-0.6899529695510864,0.7200060486793518,0,0,36.84489822387695,0,1
K0.100,0.46055901050567627,0.012520999647676945,0.8875409960746765,0,0.03315899893641472,0.998960018157959,-0.031300000846385956,0,-0.8870099782943726,0.043845999985933304,0.4596650004386902,0,0.18350601196289062,142.00244140625,-1.48088800907135,1,0.9999709725379944,0.007555999793112278,-0.0003470000810921192,0,-0.007544000167399645,0.9995790123939514,0.028008999302983284,0,0.000559000123757869,-0.028005000203847885,0.9996079802513123,0,0,19.21179962158203,-0.12080000340938568,1,0.9994670152664185,-0.032173000276088715,-0.005446999799460173,0,0.032471999526023865,0.997098982334137,0.06883899867534637,0,0.0032170002814382315,-0.06897900253534317,0.9976130127906799,0,0,22.414199829101562,0,1,0.9994649887084961,-0.03216199949383736,-0.005911000072956085,0,0.03249200060963631,0.9971070289611816,0.06871999800205231,0,0.0036840003449469805,-0.06887499988079071,0.9976180195808411,0,0,25.616199493408203,0,1,0.9948580265045166,0.01066800020635128,-0.10071499645709991,0,0.018131999298930168,0.9596080183982849,0.28075599670410156,0,0.09964200109243393,-0.28113800287246704,0.954479992389679,0,0,28.818199157714844,0,1,0.7938299775123596,-0.1967869997024536,-0.5754200220108032,0,0.10452000051736832,0.9762669801712036,-0.18967999517917633,0,0.5990899801254272,0.09042999893426895,0.7955589890480042,0,0,24.81220054626465,-0.20800000429153442,1,0.08480799943208694,0.017386000603437424,-0.9962459802627563,0,0.8971840143203735,-0.4362710118293762,0.06876199692487717,0,-0.4334369897842407,-0.8996469974517822,-0.052597999572753906,0,10.665499687194824,25.014400482177734,-0.09600000083446503,1,0.9198819994926453,0.05272800102829933,0.38863399624824524,0,-0.094541996717453,0.9915120005607605,0.0892539992928505,0,-0.3806290030479431,-0.11884500086307526,0.9170590043067932,0,0,22.733400344848633,0,1,-0.07913900166749954,0.996737003326416,0.015907999128103256,0,-0.9967460036277771,-0.07936400175094604,0.014065000228583813,0,0.015281000174582005,-0.01474399957805872,0.9997749924659729,0,0,53.267799377441406,0,1,0.9796519875526428,0.17164599895477295,-0.10402099788188934,0,-0.16269199550151825,0.9826319813728333,0.08925099670886993,0,0.11753399670124054,-0.07051199674606323,0.9905620217323303,0,0,48.94649887084961,0,1,0.9137660264968872,0.40361300110816956,-0.04613500088453293,0,-0.3612099885940552,0.8591880202293396,0.36238500475883484,0,0.18590199947357178,-0.3144710063934326,0.9308859705924988,0,-7.220099925994873,5.92080020904541,0,1,0.5958009958267212,-0.8008610010147095,0.06035299971699715,0,0.7924020290374756,0.5984209775924683,0.11828300356864929,0,-0.13084499537944794,-0.022648999467492104,0.9911440014839172,0,-0.19339999556541443,7.467299938201904,0,1,0.9194660186767578,-0.39031699299812317,0.04726799950003624,0,0.3903709948062897,0.920619010925293,0.008453999646008015,0,-0.04681599885225296,0.010679000057280064,0.9988459944725037,0,-0.07540000230073929,10.21150016784668,0,1,0.9990940093994141,0.04119100049138069,0.010727999731898308,0,-0.0425649993121624,0.9664909839630127,0.2531450092792511,0,0.00005900000178371556,-0.2533720135688782,0.967369019985199,0,0,11.067999839782715,0.17139999568462372,1,0.9996770024299622,-0.025371000170707703,-0.0014029999729245901,0,0.025294000282883644,0.988336980342865,0.15016500651836395,0,-0.002423000056296587,-0.15015199780464172,0.9886599779129028,0,0.2676999866962433,15.237099647521973,0,1,0.9994999766349792,0.03156200051307678,-0.001858999952673912,0,-0.03133299946784973,0.9966679811477661,0.07530300319194794,0,0.004228999838232994,-0.07520700246095657,0.9971590042114258,0,-0.27320000529289246,11.754599571228027,0,1,0.12061399966478348,-0.013158000074326992,0.9926120042800903,0,-0.8760629892349243,-0.4716709852218628,0.10019999742507935,0,0.46686801314353943,-0.8816760182380676,-0.0684180036187172,0,-10.665499687194824,25.013500213623047,0.04820000007748604,1,0.8992949724197388,-0.0651329979300499,0.43246400356292725,0,0.018519997596740723,0.9936320185661316,0.11113999783992767,0,-0.4369499981403351,-0.09193900227546692,0.8947749733924866,0,0,22.733400344848633,0,1,-0.1732500046491623,-0.9848200082778931,-0.01068700011819601,0,0.9848269820213318,-0.17334100604057312,0.008231000043451786,0,-0.009957999922335148,-0.009097999893128872,0.999908983707428,0,0,53.26279830932617,0,1,0.984749972820282,0.14549000561237335,-0.0953959971666336,0,-0.126351997256279,0.9750139713287354,0.1827079951763153,0,0.1195949986577034,-0.1678680032491684,0.9785280227661133,0,0,48.94879913330078,0,1,0.9504830241203308,-0.3045490086078644,0.061896998435258865,0,-0.02143999934196472,0.13443399965763092,0.9906910061836243,0,-0.31003499031066895,-0.9429619908332825,0.12124799937009811,0,8.018799781799316,6.1006999015808105,0,1,0.7265859842300415,0.2680889964103699,-0.632614016532898,0,-0.6861280202865601,0.2347790002822876,-0.6885539889335632,0,-0.03606899827718735,0.934349000453949,0.35453000664711,0,1.1370999813079834,7.980000019073486,0,1,0.9959319829940796,-0.004635999910533428,-0.08998700231313705,0,-0.051993999630212784,0.7860789895057678,-0.6159359812736511,0,0.07359199970960617,0.6181089878082275,0.7826399803161621,0,1.0223000049591064,9.384200096130371,0,1,0.9919120073318481,-0.08600199967622757,-0.09334500133991241,0,0.10451500117778778,0.13616099953651428,0.9851580262184143,0,-0.07201600074768066,-0.9869470000267029,0.1440490037202835,0,0,12.017200469970703,0.17100000381469727,1,0.9965810179710388,-0.06394200026988983,-0.05232800170779228,0,0.05452900007367134,0.0331679992377758,0.9979609847068787,0,-0.06207599863409996,-0.997402012348175,0.03654100000858307,0,-0.27889999747276306,14.73859977722168,0,1,0.9949169754981995,-0.09680300205945969,-0.027723999693989754,0,0.08886200189590454,0.7145670056343079,0.693901002407074,0,-0.04736100137233734,-0.6928380131721497,0.7195370197296143,0,0.359499990940094,11.803400039672852,0,1,-0.8584190011024475,-0.3734079897403717,0.3516870141029358,0,0.46775901317596436,-0.8512290120124817,0.2379309982061386,0,0.21052099764347076,0.3687489926815033,0.9053760170936584,0,16.968599319458008,-10.666000366210938,0.600600004196167,1,0.9843959808349609,0.04373700171709061,0.1704459935426712,0,0.08508600294589996,0.7295510172843933,-0.678613007068634,0,-0.1540289968252182,0.6825270056724548,0.7144449949264526,0,0,64.0801010131836,0,1,0.9125880002975464,-0.2847839891910553,0.2933950126171112,0,-0.0808970034122467,0.5776159763336182,0.8122900128364563,0,-0.4007970094680786,-0.765021026134491,0.504086971282959,0,0,55.26919937133789,0,1,0.9936109781265259,-0.0012870000209659338,-0.11285000294446945,0,0.07988700270652771,0.7143319845199585,0.6952319741249084,0,0.07971800118684769,-0.6998059749603271,0.7098709940910339,0,0,36.55550003051758,0,1,-0.938431978225708,0.29531899094581604,-0.17925499379634857,0,-0.3395160138607025,-0.8842790126800537,0.32059401273727417,0,-0.06383299827575684,0.3617149889469147,0.9301009774208069,0,-16.968599319458008,-10.666000366210938,0.4724000096321106,1,0.9837480187416077,0.16676199436187744,0.06655299663543701,0,-0.04437199980020523,0.5849589705467224,-0.8098480105400085,0,-0.17398299276828766,0.7937340140342712,0.5828520059585571,0,0,64.064697265625,0,1,0.9746760129928589,0.016186999157071114,-0.22303499281406403,0,0.21431800723075867,0.21707500517368317,0.9523370265960693,0,0.06383000314235687,-0.9760209918022156,0.20810900628566742,0,0,55.25870132446289,0,1,0.9943709969520569,0.005216999910771847,0.10582900047302246,0,-0.07724399864673615,0.7193620204925537,0.690326988697052,0,-0.07252799719572067,-0.6946160197257996,0.7157160043716431,0,0,36.84489822387695,0,1
