2.700,30,81,41
B0,mixamorig_Hips,-1,-0.13717009127140045,-0.08044617623090744,0.986825168132782,0,0.2667625844478607,0.9567953944206238,0.11529642343521118,0,-0.9534576535224915,0.2792277932167053,-0.10972677171230316,0,-5.989656448364258,132.59713745117188,11.675812721252441,1
B1,mixamorig_Spine,0,0.9967126250267029,-0.04083894193172455,0.0699472725391388,0,0.03817993029952049,0.9984977841377258,0.03887886554002762,0,-0.07141968607902527,-0.03608265519142151,0.9967787265777588,0,0,19.21179962158203,-0.12080000340938568,1
B2,mixamorig_Spine1,1,0.9901328682899475,-0.07929905503988266,0.11540496349334717,0,0.06906048953533173,0.9934810400009155,0.09045442193746567,0,-0.12182978540658951,-0.08159516751766205,0.9891549348831177,0,0,22.414199829101562,0,1
B3,mixamorig_Spine2,2,0.9900991916656494,-0.08026439696550369,0.115025594830513,0,0.07008960843086243,0.9934406280517578,0.0901712030172348,0,-0.12151730805635452,-0.08122323453426361,0.9892304539680481,0,0,25.616199493408203,0,1
B4,mixamorig_Neck,3,0.9874618053436279,0.1447887420654297,-0.06265070289373398,0,-0.12787450850009918,0.9671900272369385,0.21950969099998474,0,0.09237850457429886,-0.20874454081058502,0.9735783338546753,0,0,28.818199157714844,0,1
B5,mixamorig_Head,4,0.7976816296577454,-0.09824630618095398,-0.5942918658256531,0,0.06412624567747116,0.9948543906211853,-0.07829073071479797,0,0.5989379286766052,0.02446623146533966,0.7998881340026855,0,0,24.81220054626465,-0.20800000429153442,1
B6,mixamorig_HeadTop_End,5,1,0,0,0,0,1,0,0,0,0,1,0,0,103.31420135498047,-0.8658999800682068,1
B7,mixamorig_LeftShoulder,3,-0.022948071360588074,0.006500937510281801,-0.9997023344039917,0,0.9416390061378479,-0.33574849367141724,-0.023796994239091873,0,-0.3358026146888733,-0.9419286847114563,0.0015867386246100068,0,10.665499687194824,25.014400482177734,-0.09600000083446503,1
B8,mixamorig_LeftArm,7,0.906582772731781,-0.41115453839302063,-0.07402113825082779,0,0.4047025144100189,0.9069612622261047,-0.09941873699426651,0,0.10590574145317078,0.059509288519620895,0.9912253618240356,0,0,22.733400344848633,0,1
B9,mixamorig_LeftForeArm,8,0.16455721855163574,0.9596302509307861,0.22699427604675293,0,-0.9647802710533142,0.20429477095603943,-0.16426575183868408,0,-0.20400066673755646,-0.1920754462480545,0.959930956363678,0,0,53.267799377441406,0,1
B10,mixamorig_LeftHand,9,0.7973280549049377,0.24516062438488007,0.5504249930381775,0,-0.2952232360839844,0.9551779627799988,0.0029491293244063854,0,-0.5251510143280029,-0.16435185074806213,0.83433598279953,0,0,48.94649887084961,0,1
B11,mixamorig_LeftHandThumb1,10,0.8711598515510559,0.48380300402641296,-0.08376112580299377,0,-0.44888898730278015,0.8538910150527954,0.2633790075778961,0,0.19894611835479736,-0.19184499979019165,0.9610490202903748,0,-7.220099925994873,5.92080020904541,0,1
B12,mixamorig_LeftHandThumb2,11,0.6648889780044556,-0.7444480061531067,-0.06098899990320206,0,0.7452651262283325,0.6666489839553833,-0.01257800031453371,0,0.05002199858427048,-0.0370899997651577,0.9980589747428894,0,-0.19339999556541443,7.467299938201904,0,1
B13,mixamorig_LeftHandThumb3,12,0.9360560178756714,-0.3501429855823517,-0.03463299944996834,0,0.34826698899269104,0.9360340237617493,-0.050494998693466187,0,0.0500979982316494,0.035204000771045685,0.9981240034103394,0,-0.07540000230073929,10.21150016784668,0,1
B14,mixamorig_LeftHandThumb4,13,1,0,0,0,0,1,0,0,0,0,1,0,0.2687999904155731,8.708700180053711,0,1
B15,mixamorig_LeftHandIndex1,10,0.9998409748077393,0.017518000677227974,0.003236873773857951,0,-0.017565999180078506,0.9997270107269287,0.015429999679327011,0,-0.0029658738058060408,-0.015483999624848366,0.9998760223388672,0,0,11.067999839782715,0.17139999568462372,1
B16,mixamorig_LeftHandIndex2,15,0.9991670250892639,-0.040793873369693756,0.0009399999980814755,0,0.040793873369693756,0.9991679787635803,0.00002300000051036477,0,-0.0009401262504979968,0.000014999999621068127,1,0,0.2676999866962433,15.237099647521973,0,1
B17,mixamorig_LeftHandIndex3,16,0.9997140169143677,0.023795999586582184,-0.002193999942392111,0,-0.023795999586582184,0.9997169971466064,9.999999974752427e-7,0,0.0021929999347776175,0.000050999999075429514,0.9999979734420776,0,-0.27320000529289246,11.754599571228027,0,1
B18,mixamorig_LeftHandIndex4,17,1,0,0,0,0,1,0,0,0,0,1,0,0.005499999970197678,9.809100151062012,0,1
B19,mixamorig_RightShoulder,3,0.057347510010004044,-0.018040988594293594,0.9981614947319031,0,-0.9088453054428101,-0.414176881313324,0.044641584157943726,0,0.41259458661079407,-0.9097803235054016,-0.040280330926179886,0,-10.665499687194824,25.013500213623047,0.04820000007748604,1
B20,mixamorig_RightArm,19,0.4863227605819702,0.845508337020874,0.20731398463249207,0,-0.8282416462898254,0.5196964144706726,-0.1953825056552887,0,-0.2699529230594635,-0.0759318470954895,0.955812931060791,0,0,22.733400344848633,0,1
B21,mixamorig_RightForeArm,20,0.8131718635559082,-0.5355890393257141,-0.12216537445783615,0,0.5362929701805115,0.8221502900123596,-0.03527303412556648,0,0.1190362349152565,-0.04470435902476311,0.9909943342208862,0,0,53.26279830932617,0,1
B22,mixamorig_RightHand,21,0.8261035084724426,0.5338937640190125,-0.15970474481582642,0,-0.5503876209259033,0.8253556489944458,-0.09117782860994339,0,0.08487873524427414,0.16684864461421967,0.9817093014717102,0,0,48.94879913330078,0,1
B23,mixamorig_RightHandThumb1,22,0.7769140005111694,-0.5895839929580688,0.22089900076389313,0,0.44024500250816345,0.7595338821411133,0.47884601354599,0,-0.45010000467300415,-0.27477288246154785,0.8496530055999756,0,8.018799781799316,6.1006999015808105,0,1
B24,mixamorig_RightHandThumb2,23,0.7882410287857056,0.4951950013637543,0.36531901359558105,0,-0.6151139736175537,0.6170510053634644,0.49079787731170654,0,0.01761999912559986,-0.6115800142288208,0.7909870147705078,0,1.1370999813079834,7.980000019073486,0,1
B25,mixamorig_RightHandThumb3,24,0.9947530031204224,-0.10138600319623947,-0.013717999681830406,0,0.10152500122785568,0.9616441130638123,0.2548188865184784,0,-0.012643000110983849,-0.25487399101257324,0.9668920040130615,0,1.0223000049591064,9.384200096130371,0,1
B26,mixamorig_RightHandThumb4,25,1,0,0,0,0,1,0,0,0,0,1,0,-2.1594998836517334,7.527200222015381,0,1
B27,mixamorig_RightHandIndex1,22,0.9921860098838806,-0.08619700372219086,-0.09020300209522247,0,0.10398899763822556,0.1718398779630661,0.9796209931373596,0,-0.06893999874591827,-0.9813470244407654,0.17946000397205353,0,0,12.017200469970703,0.17100000381469727,1
B28,mixamorig_RightHandIndex2,27,0.9987620115280151,-0.0443280003964901,-0.022575000301003456,0,0.03922300040721893,0.42263099551200867,0.9054521322250366,0,-0.030595999211072922,-0.9052169919013977,0.4238469898700714,0,-0.27889999747276306,14.73859977722168,0,1
B29,mixamorig_RightHandIndex3,28,0.9963200092315674,-0.0842868760228157,-0.015580999664962292,0,0.07945899665355682,0.840054988861084,0.5366500020027161,0,-0.03214399889111519,-0.5359129905700684,0.8436610102653503,0,0.359499990940094,11.803400039672852,0,1
B30,mixamorig_RightHandIndex4,29,1,0,0,0,0,1,0,0,0,0,1,0,-0.08060000091791153,9.22070026397705,0,1
B31,mixamorig_LeftUpLeg,0,-0.8138550519943237,-0.5288829803466797,0.24061541259288788,0,0.4439973831176758,-0.8330862522125244,-0.32926997542381287,0,0.37468430399894714,-0.16109243035316467,0.9128357172012329,0,16.968599319458008,-10.666000366210938,0.600600004196167,1
B32,mixamorig_LeftLeg,31,0.9781660437583923,0.07650886476039886,0.1931694895029068,0,0.11382874101400375,0.5804024338722229,-0.8062832355499268,0,-0.17377085983753204,0.8106886148452759,0.5590412020683289,0,0,64.0801010131836,0,1
B33,mixamorig_LeftFoot,32,0.8842797875404358,-0.37842705845832825,0.2734406590461731,0,-0.2703922688961029,0.06252926588058472,0.9606599807739258,0,-0.38061052560806274,-0.9234469532966614,-0.04704417660832405,0,0,55.26919937133789,0,1
B34,mixamorig_LeftToeBase,33,0.9940443634986877,-0.0017529699252918363,-0.10896090418100357,0,0.07885904610157013,0.7016568779945374,0.7081375122070312,0,0.07521191984415054,-0.712512731552124,0.697615921497345,0,0,36.55550003051758,0,1
B35,mixamorig_LeftToe_End,34,1,0,0,0,0,1,0,0,0,0,1,0,0,13.579999923706055,0,1
B36,mixamorig_RightUpLeg,0,-0.9816101789474487,0.18741261959075928,-0.034651029855012894,0,-0.1890544444322586,-0.936007022857666,0.29627081751823425,0,0.022953685373067856,0.2974771559238434,0.9542778134346008,0,-16.968599319458008,-10.666000366210938,0.4724000096321106,1
B37,mixamorig_RightLeg,36,0.9783312082290649,0.039307743310928345,0.20326319336891174,0,0.13167470693588257,0.6393744945526123,-0.7571328282356262,0,-0.15975753962993622,0.7674885988235474,0.6203408241271973,0,0,64.064697265625,0,1
B38,mixamorig_RightFoot,37,0.9525450468063354,0.25371846556663513,0.16766494512557983,0,-0.23855428397655487,0.2814447283744812,0.9294266700744629,0,0.1886485517024994,-0.9253838062286377,0.32855674624443054,0,0,55.25870132446289,0,1
B39,mixamorig_RightToeBase,38,0.9918965697288513,0.00007342926983255893,0.12704548239707947,0,-0.08074901252985,0.7723826169967651,0.6300008296966553,0,-0.09808184951543808,-0.6351553201675415,0.7661296725273132,0,0,36.84489822387695,0,1
B40,mixamorig_RightToe_End,39,1,0,0,0,0,1,0,0,0,0,1,0,0,13.57919979095459,0,1
@34,0,1,2,3,4,5,7,8,9,10,11,12,13,15,16,17,19,20,21,22,23,24,25,27,28,29,31,32,33,34,36,37,38,39
K0.000,0.6588780283927917,0.004000999964773655,0.7522389888763428,0,0.054281000047922134,0.9971259832382202,-0.0528470017015934,0,-0.7502890229225159,0.07565200328826904,0.6567670106887817,0,-0.21478399634361267,136.25108337402344,0.0837239995598793,1,0.9995629787445068,0.022343000397086143,0.01937899924814701,0,-0.022867999970912933,0.999364972114563,0.027319999411702156,0,-0.018756000325083733,-0.027751000598073006,0.999439001083374,0,0,19.21179962158203,-0.12080000340938568,1,0.9992089867591858,-0.028272999450564384,0.02795499935746193,0,0.026078000664711,0.996766984462738,0.07600300014019012,0,-0.030014000833034515,-0.07521399855613708,0.9967160224914551,0,0,22.414199829101562,0,1,0.9991959929466248,-0.02934899926185608,0.027300000190734863,0,0.027204999700188637,0.9967489838600159,0.07584299892187119,0,-0.029436999931931496,-0.07503999769687653,0.9967460036277771,0,0,25.616199493408203,0,1,0.9947530031204224,0.0434579998254776,-0.09261500090360641,0,-0.01823199912905693,0.9661059975624084,0.2574999928474426,0,0.10066699981689453,-0.25446099042892456,0.9618290066719055,0,0,28.818199157714844,0,1,0.7993749976158142,-0.2168319970369339,-0.560342013835907,0,0.06280399858951569,0.9576560258865356,-0.28098198771476746,0,0.5975409746170044,0.1894180029630661,0.7791439890861511,0,0,24.81220054626465,-0.20800000429153442,1,-0.02250799909234047,0.01193500030785799,-0.9996749758720398,0,0.905938982963562,-0.4226419925689697,-0.025443000718951225,0,-0.42280900478363037,-0.9062179923057556,-0.0012989999959245324,0,10.665499687194824,25.014400482177734,-0.09600000083446503,1,0.9074059724807739,0.001961000030860305,0.4202499985694885,0,0.0359329991042614,0.9959650039672852,-0.08223400264978409,0,-0.4187160134315491,0.08972000330686569,0.9036740064620972,0,0,22.733400344848633,0,1,-0.11472799628973007,0.9658480286598206,0.2323250025510788,0,-0.9727159738540649,-0.06175199896097183,-0.2236279994249344,0,-0.20164400339126587,-0.25164300203323364,0.9465810060501099,0,0,53.267799377441406,0,1,0.9083700180053711,0.2781960070133209,0.31220200657844543,0,-0.2605229914188385,0.9604939818382263,-0.09786699712276459,0,-0.32709500193595886,0.007563000079244375,0.9449610114097595,0,0,48.94649887084961,0,1,0.8711599707603455,0.48380300402641296,-0.08376199752092361,0,-0.44888898730278015,0.8538910150527954,0.2633790075778961,0,0.1989469975233078,-0.19184499979019165,0.9610490202903748,0,-7.220099925994873,5.92080020904541,0,1,0.6648889780044556,-0.7444480061531067,-0.06098899990320206,0,0.745265007019043,0.6666489839553833,-0.01257800031453371,0,0.05002199858427048,-0.0370899997651577,0.9980589747428894,0,-0.19339999556541443,7.467299938201904,0,1,0.9360560178756714,-0.3501429855823517,-0.03463299944996834,0,0.34826698899269104,0.9360349774360657,-0.050494998693466187,0,0.0500979982316494,0.035204000771045685,0.9981240034103394,0,-0.07540000230073929,10.21150016784668,0,1,0.9998409748077393,0.017518000677227974,0.003235999960452318,0,-0.017565999180078506,0.9997270107269287,0.015429999679327011,0,-0.002964999992400408,-0.015483999624848366,0.9998760223388672,0,0,11.067999839782715,0.17139999568462372,1,0.9991670250892639,-0.040793001651763916,0.0009410000056959689,0,0.040793001651763916,0.9991679787635803,0.000022000000171829015,0,-0.0009410000056959689,0.000015999999959603883,1,0,0.2676999866962433,15.237099647521973,0,1,0.9997140169143677,0.023795999586582184,-0.002193999942392111,0,-0.023795999586582184,0.9997169971466064,0,0,0.0021929999347776175,0.000050999999075429514,0.9999979734420776,0,-0.27320000529289246,11.754599571228027,0,1,-0.012539999559521675,-0.003407000098377466,0.9999160170555115,0,-0.9724739789962769,-0.2326499968767166,-0.012988000176846981,0,0.2326750010251999,-0.9725540280342102,-0.00039599998854100704,0,-10.665499687194824,25.013500213623047,0.04820000007748604,1,0.7806500196456909,-0.038371000438928604,0.6237890124320984,0,0.020069999620318413,0.9991379976272583,0.03634199872612953,0,-0.624646008014679,-0.01585100032389164,0.7807469964027405,0,0,22.733400344848633,0,1,-0.39796701073646545,-0.8925489783287048,-0.2120800018310547,0,0.8977929949760437,-0.331373006105423,-0.2901040017604828,0,0.18865400552749634,-0.30585598945617676,0.9332000017166138,0,0,53.26279830932617,0,1,0.9457169771194458,0.18205399811267853,0.269214004278183,0,-0.014279000461101532,0.8508480191230774,-0.5252180099487305,0,-0.3246780037879944,0.4928629994392395,0.8072609901428223,0,0,48.94879913330078,0,1,0.7769140005111694,-0.5895829796791077,0.22089900076389313,0,0.44024398922920227,0.7595340013504028,0.47884601354599,0,-0.45010000467300415,-0.2747730016708374,0.8496530055999756,0,8.018799781799316,6.1006999015808105,0,1,0.7882410287857056,0.4951950013637543,0.36531901359558105,0,-0.6151139736175537,0.6170510053634644,0.4907979965209961,0,0.01761999912559986,-0.6115800142288208,0.7909870147705078,0,1.1370999813079834,7.980000019073486,0,1,0.9947530031204224,-0.10138600319623947,-0.013717999681830406,0,0.10152500122785568,0.9616450071334839,0.25481799244880676,0,-0.012643000110983849,-0.25487399101257324,0.9668920040130615,0,1.0223000049591064,9.384200096130371,0,1,0.9921860098838806,-0.08619700372219086,-0.09020300209522247,0,0.10398899763822556,0.17183999717235565,0.9796209931373596,0,-0.06893999874591827,-0.9813470244407654,0.17946100234985352,0,0,12.017200469970703,0.17100000381469727,1,0.9987620115280151,-0.0443280003964901,-0.022575000301003456,0,0.03922300040721893,0.42263099551200867,0.9054530262947083,0,-0.030595999211072922,-0.9052169919013977,0.4238460063934326,0,-0.27889999747276306,14.73859977722168,0,1,0.9963200092315674,-0.08428599685430527,-0.01558000035583973,0,0.07945899665355682,0.840054988861084,0.5366500020027161,0,-0.03214399889111519,-0.5359129905700684,0.8436610102653503,0,0.359499990940094,11.803400039672852,0,1,-0.8824380040168762,-0.3539479970932007,0.3098770081996918,0,0.4496789872646332,-0.8281319737434387,0.3346419930458069,0,0.13817299902439117,0.43464601039886475,0.88993901014328,0,16.968599319458008,-10.666000366210938,0.600600004196167,1,0.9956430196762085,-0.05888700112700462,0.07230199873447418,0,0.09324699640274048,0.6254249811172485,-0.7746919989585876,0,0.00039999998989515007,0.7780590057373047,0.6281909942626953,0,0,64.0801010131836,0,1,0.9438260197639465,-0.2625240087509155,0.2006859928369522,0,-0.08675999939441681,0.3891420066356659,0.9170830249786377,0,-0.3188509941101074,-0.8829780220985413,0.3445050120353699,0,0,55.26919937133789,0,1,0.9917259812355042,-0.00013000000035390258,-0.128371000289917,0,0.08315899968147278,0.762457013130188,0.6416730284690857,0,0.09779399633407593,-0.647038996219635,0.7561600208282471,0,0,36.55550003051758,0,1,-0.9235730171203613,0.32182401418685913,-0.20842699706554413,0,-0.35984501242637634,-0.9152089953422546,0.18139399588108063,0,-0.1323769986629486,0.24253199994564056,0.9610689878463745,0,-16.968599319458008,-10.666000366210938,0.4724000096321106,1,0.9987850189208984,-0.04837099835276604,0.009445000439882278,0,0.0382080003619194,0.6389080286026001,-0.7683339715003967,0,0.031130999326705933,0.7677609920501709,0.6399790048599243,0,0,64.064697265625,0,1,0.898980975151062,0.42190900444984436,-0.1175839975476265,0,0.03531799837946892,0.19776000082492828,0.9796140193939209,0,0.4365620017051697,-0.8848069906234741,0.162881001830101,0,0,55.25870132446289,0,1,0.9915429949760437,0,0.12977899610996246,0,-0.0811539962887764,0.7803639769554138,0.6200370192527771,0,-0.10127399861812592,-0.6253250241279602,0.7737650275230408,0,0,36.84489822387695,0,1
K0.033,0.6381269097328186,-0.00017203543393407017,0.7699311375617981,0,0.0605880469083786,0.9969099760055542,-0.04999297857284546,0,-0.7675431370735168,0.0785510241985321,0.6361658573150635,0,0.11586989462375641,135.70498657226562,-0.5322178602218628,1,0.9996399879455566,0.018806956708431244,0.019130025058984756,0,-0.019357958808541298,0.9993900060653687,0.029078016057610512,0,-0.01857202686369419,-0.02943701483309269,0.9993939995765686,0,0,19.21179962158203,-0.12080000340938568,1,0.999101996421814,-0.03190504387021065,0.027867058292031288,0,0.02962403930723667,0.9964540004730225,0.07875402271747589,0,-0.030281061306595802,-0.07785802334547043,0.996504008769989,0,0,22.414199829101562,0,1,0.9990890026092529,-0.03284604102373123,0.027242057025432587,0,0.030615035444498062,0.9964349865913391,0.0786130279302597,0,-0.029727062210440636,-0.07770802080631256,0.9965329766273499,0,0,25.616199493408203,0,1,0.9945350289344788,0.04227498546242714,-0.09546303004026413,0,-0.016466978937387466,0.9664260149002075,0.25641798973083496,0,0.10309802740812302,-0.25344499945640564,0.9618399739265442,0,0,28.818199157714844,0,1,0.7908318638801575,-0.223050057888031,-0.5699411034584045,0,0.0637190043926239,0.956171989440918,-0.28578904271125793,0,0.6087071299552917,0.18969500064849854,0.770383894443512,0,0,24.81220054626465,-0.20800000429153442,1,-0.022375989705324173,0.01156599447131157,-0.9996830224990845,0,0.9086750745773315,-0.4167439043521881,-0.025160986930131912,0,-0.41690289974212646,-0.9089500308036804,-0.0011850021546706557,0,10.665499687194824,25.014400482177734,-0.09600000083446503,1,0.8904348015785217,0.02944931574165821,0.4541572332382202,0,0.03034699521958828,0.9918409585952759,-0.12381456047296524,0,-0.45409825444221497,0.12403147667646408,0.8822757601737976,0,0,22.733400344848633,0,1,-0.0904865562915802,0.9683670401573181,0.23254600167274475,0,-0.975085973739624,-0.03865957260131836,-0.21843190491199493,0,-0.20253200829029083,-0.24651791155338287,0.9477390050888062,0,0,53.267799377441406,0,1,0.9026318788528442,0.28836509585380554,0.3195332884788513,0,-0.2798922657966614,0.9572359323501587,-0.07321058213710785,0,-0.3269801437854767,-0.023352554067969322,0.9447429180145264,0,0,48.94649887084961,0,1,0.8711599707603455,0.48380300402641296,-0.08376199752092361,0,-0.44888898730278015,0.8538910150527954,0.2633790075778961,0,0.1989469975233078,-0.19184499979019165,0.9610490202903748,0,-7.220099925994873,5.92080020904541,0,1,0.6648889780044556,-0.7444480061531067,-0.06098899990320206,0,0.745265007019043,0.6666489839553833,-0.01257800031453371,0,0.05002199858427048,-0.0370899997651577,0.9980589747428894,0,-0.19339999556541443,7.467299938201904,0,1,0.9360560178756714,-0.3501429855823517,-0.03463299944996834,0,0.34826698899269104,0.9360340237617493,-0.0504940003156662,0,0.0500979982316494,0.035204000771045685,0.9981240034103394,0,-0.07540000230073929,10.21150016784668,0,1,0.9998409748077393,0.017518000677227974,0.003235999960452318,0,-0.017565999180078506,0.9997270107269287,0.015429999679327011,0,-0.002964999992400408,-0.015483999624848366,0.9998760223388672,0,0,11.067999839782715,0.17139999568462372,1,0.9991670250892639,-0.040794000029563904,0.0009410000056959689,0,0.040794000029563904,0.9991679787635803,0.000023999989934964105,0,-0.0009410000056959689,0.000014000020200910512,1,0,0.2676999866962433,15.237099647521973,0,1,0.9997140169143677,0.023795999586582184,-0.002193999942392111,0,-0.023795999586582184,0.9997169971466064,0,0,0.0021929999347776175,0.000050999999075429514,0.9999979734420776,0,-0.27320000529289246,11.754599571228027,0,1,-0.009758987464010715,-0.0032809965778142214,0.9999470114707947,0,-0.9744979739189148,-0.22416189312934875,-0.01024598814547062,0,0.22418390214443207,-0.9745460152626038,-0.001010000123642385,0,-10.665499687194824,25.013500213623047,0.04820000007748604,1,0.7911010980606079,-0.06164928898215294,0.6085708141326904,0,0.03274217247962952,0.9977499842643738,0.05851126089692116,0,-0.6108089089393616,-0.026362119242548943,0.791339099407196,0,0,22.733400344848633,0,1,-0.3700026869773865,-0.9039541482925415,-0.21439602971076965,0,0.9090931415557861,-0.3047346770763397,-0.2840549349784851,0,0.19143903255462646,-0.3000069260597229,0.9345300197601318,0,0,53.26279830932617,0,1,0.9473470449447632,0.1723717898130417,0.26985397934913635,0,-0.0017607620684430003,0.8455368876457214,-0.5339142084121704,0,-0.32020285725593567,0.5053272843360901,0.8013198971748352,0,0,48.94879913330078,0,1,0.7769140005111694,-0.5895839929580688,0.22089900076389313,0,0.44024500250816345,0.7595340013504028,0.47884601354599,0,-0.45010000467300415,-0.2747719883918762,0.8496530055999756,0,8.018799781799316,6.1006999015808105,0,1,0.7882410287857056,0.4951950013637543,0.36531901359558105,0,-0.6151139736175537,0.6170510053634644,0.4907970130443573,0,0.01761999912559986,-0.6115800142288208,0.7909870147705078,0,1.1370999813079834,7.980000019073486,0,1,0.9947530031204224,-0.10138600319623947,-0.013717999681830406,0,0.10152500122785568,0.9616450071334839,0.25481799244880676,0,-0.012643000110983849,-0.25487399101257324,0.9668920040130615,0,1.0223000049591064,9.384200096130371,0,1,0.9921860098838806,-0.08619700372219086,-0.09020200371742249,0,0.10398799926042557,0.17183999717235565,0.9796209931373596,0,-0.06893999874591827,-0.9813460111618042,0.17946100234985352,0,0,12.017200469970703,0.17100000381469727,1,0.9987620115280151,-0.0443280003964901,-0.022575000301003456,0,0.03922300040721893,0.42263099551200867,0.9054530262947083,0,-0.030595999211072922,-0.9052169919013977,0.4238469898700714,0,-0.27889999747276306,14.73859977722168,0,1,0.9963200092315674,-0.08428599685430527,-0.015580999664962292,0,0.07945899665355682,0.840054988861084,0.5366500020027161,0,-0.03214399889111519,-0.5359129905700684,0.8436610102653503,0,0.359499990940094,11.803400039672852,0,1,-0.8705869317054749,-0.36850705742836,0.32600805163383484,0,0.469119131565094,-0.8214799165725708,0.3241870701313019,0,0.1483439803123474,0.4351691007614136,0.8880439400672913,0,16.968599319458008,-10.666000366210938,0.600600004196167,1,0.9949489831924438,-0.04706582427024841,0.08865810930728912,0,0.09868399053812027,0.6202148199081421,-0.7781991362571716,0,-0.018360186368227005,0.7830181121826172,0.6217278242111206,0,0,64.0801010131836,0,1,0.9378469586372375,-0.2863081693649292,0.19614095985889435,0,-0.07089489698410034,0.3951970040798187,0.9158560037612915,0,-0.3397311568260193,-0.8728379607200623,0.3503369987010956,0,0,55.26919937133789,0,1,0.9915339946746826,-0.00007799955346854404,-0.12985101342201233,0,0.08340200036764145,0.7668410539627075,0.6363949179649353,0,0.09952601790428162,-0.641836941242218,0.7603550553321838,0,0,36.55550003051758,0,1,-0.929606020450592,0.3108259439468384,-0.19804297387599945,0,-0.34946897625923157,-0.9140739440917969,0.20576821267604828,0,-0.11706791818141937,0.2604931890964508,0.9583519697189331,0,-16.968599319458008,-10.666000366210938,0.4724000096321106,1,0.9990159869194031,-0.03712683916091919,0.024273104965686798,0,0.04200698435306549,0.6160847544670105,-0.7865591645240784,0,0.01424782257527113,0.78680419921875,0.6170377135276794,0,0,64.064697265625,0,1,0.9030720591545105,0.4131259024143219,-0.11741898953914642,0,0.04323708266019821,0.18455584347248077,0.9818699955940247,0,0.4273059070110321,-0.8917770385742188,0.14880484342575073,0,0,55.25870132446289,0,1,0.9915419816970825,0,0.12978599965572357,0,-0.08115600049495697,0.7803850173950195,0.6200109720230103,0,-0.101282998919487,-0.6252999901771545,0.7737839818000793,0,0,36.84489822387695,0,1
K0.067,0.6257591247558594,-0.003712964942678809,0.7800068855285645,0,0.0653209537267685,0.9967259764671326,-0.047659020870923996,0,-0.7772758603096008,0.0807739794254303,0.623953104019165,0,0.5051101446151733,134.93788146972656,-1.1158171892166138,1,0.9996610283851624,0.014518043026328087,0.021612975746393204,0,-0.015178041532635689,0.9994140267372131,0.030689982697367668,0,-0.021153973415493965,-0.031006984412670135,0.9992949962615967,0,0,19.21179962158203,-0.12080000340938568,1,0.9987750053405762,-0.03627895563840866,0.03364894539117813,0,0.03344496339559555,0.9961299896240234,0.08127797394990921,0,-0.036467935889959335,-0.08005297929048538,0.9961230158805847,0,0,22.414199829101562,0,1,0.9987670183181763,-0.03702595829963684,0.033057939261198044,0,0.034238964319229126,0.9961079955101013,0.08121997863054276,0,-0.03593693673610687,-0.07998798042535782,0.9961479902267456,0,0,25.616199493408203,0,1,0.9942709803581238,0.040913015604019165,-0.09875097125768661,0,-0.01441602036356926,0.966733992099762,0.25537699460983276,0,0.10591497272253036,-0.25249001383781433,0.9617850184440613,0,0,28.818199157714844,0,1,0.7810811400413513,-0.22881893813610077,-0.5809938907623291,0,0.06412798911333084,0.9549149870872498,-0.2898719608783722,0,0.6211279034614563,0.1891549974679947,0.7605401277542114,0,0,24.81220054626465,-0.20800000429153442,1,-0.02118201181292534,0.010986005887389183,-0.9997149705886841,0,0.9130159616470337,-0.4072280824184418,-0.02382001280784607,0,-0.4073740839958191,-0.9132609367370605,-0.0014039977686479688,0,10.665499687194824,25.014400482177734,-0.09600000083446503,1,0.8754781484603882,0.0610496886074543,0.47938475012779236,0,0.029759004712104797,0.9832950830459595,-0.17956945300102234,0,-0.4823397397994995,0.17147552967071533,0.8590372204780579,0,0,22.733400344848633,0,1,-0.04563044756650925,0.9714979529380798,0.2326129972934723,0,-0.9779409766197205,0.004070575349032879,-0.20883908867835999,0,-0.20383398234844208,-0.23701108992099762,0.949882984161377,0,0,53.267799377441406,0,1,0.8889081478118896,0.2974449098110199,0.3483797013759613,0,-0.306031733751297,0.9514990448951721,-0.031530413776636124,0,-0.34086084365844727,-0.07858745008707047,0.9368230700492859,0,0,48.94649887084961,0,1,0.8711599707603455,0.48380300402641296,-0.08376199752092361,0,-0.44888898730278015,0.8538910150527954,0.2633790075778961,0,0.1989469975233078,-0.19184499979019165,0.9610490202903748,0,-7.220099925994873,5.92080020904541,0,1,0.6648889780044556,-0.7444480061531067,-0.06098899990320206,0,0.745265007019043,0.6666499972343445,-0.01257800031453371,0,0.05002199858427048,-0.0370899997651577,0.9980589747428894,0,-0.19339999556541443,7.467299938201904,0,1,0.9360560178756714,-0.3501429855823517,-0.03463299944996834,0,0.34826698899269104,0.9360340237617493,-0.0504940003156662,0,0.0500979982316494,0.035204000771045685,0.9981240034103394,0,-0.07540000230073929,10.21150016784668,0,1,0.9998409748077393,0.017518000677227974,0.003235999960452318,0,-0.017565999180078506,0.9997270107269287,0.015429999679327011,0,-0.002964999992400408,-0.015483999624848366,0.9998760223388672,0,0,11.067999839782715,0.17139999568462372,1,0.9991670250892639,-0.040793001651763916,0.0009410000056959689,0,0.040793001651763916,0.9991679787635803,0.00002300000960531179,0,-0.0009410000056959689,0.000015999979950720444,1,0,0.2676999866962433,15.237099647521973,0,1,0.9997140169143677,0.023795999586582184,-0.002193999942392111,0,-0.023795999586582184,0.9997169971466064,0,0,0.0021929999347776175,0.000050999999075429514,0.9999979734420776,0,-0.27320000529289246,11.754599571228027,0,1,-0.008577012456953526,-0.0029230033978819847,0.9999589920043945,0,-0.9768580198287964,-0.21369710564613342,-0.009004011750221252,0,0.2137151062488556,-0.9768959879875183,-0.0010229998733848333,0,-10.665499687194824,25.013500213623047,0.04820000007748604,1,0.8008118867874146,-0.09061571210622787,0.5920211672782898,0,0.049998827278614044,0.9951519966125488,0.084687739610672,0,-0.596825122833252,-0.03821888193488121,0.8014599084854126,0,0,22.733400344848633,0,1,-0.33669131994247437,-0.9162988662719727,-0.21687696874141693,0,0.9213128685951233,-0.27300432324409485,-0.2768600583076477,0,0.19447797536849976,-0.2930280566215515,0.9361159801483154,0,0,53.26279830932617,0,1,0.9521279335021973,0.1511952131986618,0.2656940221786499,0,0.022022763267159462,0.8329471349716187,-0.5529147982597351,0,-0.3049071431159973,0.5322967767715454,0.789742112159729,0,0,48.94879913330078,0,1,0.7769140005111694,-0.5895829796791077,0.22089900076389313,0,0.44024398922920227,0.7595340013504028,0.47884601354599,0,-0.45010000467300415,-0.2747730016708374,0.8496530055999756,0,8.018799781799316,6.1006999015808105,0,1,0.7882410287857056,0.4951950013637543,0.36531901359558105,0,-0.6151139736175537,0.6170520186424255,0.4907970130443573,0,0.017619000747799873,-0.6115790009498596,0.7909870147705078,0,1.1370999813079834,7.980000019073486,0,1,0.9947530031204224,-0.10138600319623947,-0.013717999681830406,0,0.10152500122785568,0.9616439938545227,0.25481900572776794,0,-0.012643000110983849,-0.25487399101257324,0.9668920040130615,0,1.0223000049591064,9.384200096130371,0,1,0.9921860098838806,-0.08619700372219086,-0.09020200371742249,0,0.10398899763822556,0.17183999717235565,0.9796209931373596,0,-0.06893999874591827,-0.9813470244407654,0.17946100234985352,0,0,12.017200469970703,0.17100000381469727,1,0.9987620115280151,-0.0443280003964901,-0.02257400006055832,0,0.03922300040721893,0.42263099551200867,0.9054530262947083,0,-0.030595999211072922,-0.9052169919013977,0.4238469898700714,0,-0.27889999747276306,14.73859977722168,0,1,0.9963200092315674,-0.08428599685430527,-0.015580999664962292,0,0.07945899665355682,0.840054988861084,0.5366500020027161,0,-0.03214399889111519,-0.5359129905700684,0.8436610102653503,0,0.359499990940094,11.803400039672852,0,1,-0.8647110462188721,-0.375777930021286,0.33326494693756104,0,0.48025989532470703,-0.8128580451011658,0.3295639455318451,0,0.1470540165901184,0.44503191113471985,0.8833580613136292,0,16.968599319458008,-10.666000366210938,0.600600004196167,1,0.9945330023765564,-0.0295711737126112,0.10014888644218445,0,0.09765900671482086,0.6029611825942993,-0.791770875453949,0,-0.03697281330823898,0.7972228527069092,0.6025521755218506,0,0,64.0801010131836,0,1,0.9331050515174866,-0.30402880907058716,0.19204404950141907,0,-0.06017410755157471,0.39450499415397644,0.9169210195541382,0,-0.3545328378677368,-0.8671400547027588,0.34981998801231384,0,0,55.26919937133789,0,1,0.9913269877433777,-0.00003400043715373613,-0.13142098486423492,0,0.0836469978094101,0.7714559435844421,0.6307610869407654,0,0.10136398673057556,-0.6362830400466919,0.7647669315338135,0,0,36.55550003051758,0,1,-0.9317579865455627,0.3058870732784271,-0.19560302793979645,0,-0.34639403223991394,-0.9103500843048096,0.2264357954263687,0,-0.10880307853221893,0.2787388265132904,0.9541840553283691,0,-16.968599319458008,-10.666000366210938,0.4724000096321106,1,0.9991739988327026,-0.021058160811662674,0.03474189713597298,0,0.040475014597177505,0.5895322561264038,-0.806729793548584,0,-0.003492823801934719,0.8074707984924316,0.5898982882499695,0,0,64.064697265625,0,1,0.9068979620933533,0.40487009286880493,-0.11669200658798218,0,0.05155891925096512,0.1682351678609848,0.9843980073928833,0,0.4181841015815735,-0.8987639546394348,0.1316971629858017,0,0,55.25870132446289,0,1,0.9915410280227661,0,0.12979300320148468,0,-0.08115699887275696,0.7804039716720581,0.6199870109558105,0,-0.10129000246524811,-0.6252760291099548,0.7738019824028015,0,0,36.84489822387695,0,1
K0.100,0.6324260234832764,-0.010068000294268131,0.7745550274848938,0,0.06986799836158752,0.9965810179710388,-0.04409300163388252,0,-0.7714629769325256,0.08200199902057648,0.6309670209884644,0,0.9634169936180115,133.71876525878906,-1.6348940134048462,1,0.9995080232620239,0.011536000296473503,0.029176000505685806,0,-0.012467999942600727,0.9994109869003296,0.03196899965405464,0,-0.028790000826120377,-0.03231700137257576,0.9990630149841309,0,0,19.21179962158203,-0.12080000340938568,1,0.9979910254478455,-0.03877300024032593,0.05010800063610077,0,0.034508999437093735,0.9959239959716797,0.08333200216293335,0,-0.05313500016927719,-0.08143500238656998,0.995261013507843,0,0,22.414199829101562,0,1,0.9980019927024841,-0.03924399986863136,0.0495229996740818,0,0.03501899912953377,0.9958940148353577,0.08348499983549118,0,-0.05259599909186363,-0.08158399909734726,0.995278000831604,0,0,25.616199493408203,0,1,0.9940739870071411,0.04057300090789795,-0.10085300356149673,0,-0.013496999628841877,0.9666249752044678,0.2558389902114868,0,0.1078680008649826,-0.25296199321746826,0.9614440202713013,0,0,28.818199157714844,0,1,0.7678880095481873,-0.24531599879264832,-0.591750979423523,0,0.07584699988365173,0.9520869851112366,-0.29627299308776855,0,0.6360790133476257,0.1826220005750656,0.749701976776123,0,0,24.81220054626465,-0.20800000429153442,1,-0.01559399999678135,0.009929000400006771,-0.9998289942741394,0,0.9212390184402466,-0.38857001066207886,-0.018226999789476395,0,-0.3886840045452118,-0.9213659763336182,-0.0030879999976605177,0,10.665499687194824,25.014400482177734,-0.09600000083446503,1,0.8700429797172546,0.09470199793577194,0.4837940037250519,0,0.03560499846935272,0.9667400121688843,-0.2532689869403839,0,-0.4916880130767822,0.23758099973201752,0.8377339839935303,0,0,22.733400344848633,0,1,0.06890999525785446,0.9705610275268555,0.230786994099617,0,-0.976298987865448,0.11318199336528778,-0.184470996260643,0,-0.20516100525856018,-0.21260499954223633,0.955357015132904,0,0,53.267799377441406,0,1,0.8668959736824036,0.2825680077075958,0.41066598892211914,0,-0.3230830132961273,0.945855975151062,0.031193995848298073,0,-0.37961700558662415,-0.1597210019826889,0.9112520217895508,0,0,48.94649887084961,0,1,0.8711599707603455,0.48380300402641296,-0.08376099914312363,0,-0.44888898730278015,0.8538910150527954,0.2633790075778961,0,0.1989469975233078,-0.19184499979019165,0.9610490202903748,0,-7.220099925994873,5.92080020904541,0,1,0.6648889780044556,-0.7444480061531067,-0.06098899990320206,0,0.745265007019043,0.6666489839553833,-0.01257800031453371,0,0.05002199858427048,-0.0370899997651577,0.9980589747428894,0,-0.19339999556541443,7.467299938201904,0,1,0.9360560178756714,-0.3501429855823517,-0.03463299944996834,0,0.34826698899269104,0.9360349774360657,-0.0504940003156662,0,0.0500979982316494,0.035204000771045685,0.9981240034103394,0,-0.07540000230073929,10.21150016784668,0,1,0.9998409748077393,0.017518000677227974,0.0032369999680668116,0,-0.017565999180078506,0.9997270107269287,0.015429999679327011,0,-0.002964999992400408,-0.015483999624848366,0.9998760223388672,0,0,11.067999839782715,0.17139999568462372,1,0.9991670250892639,-0.040793001651763916,0.0009399999980814755,0,0.040793001651763916,0.9991679787635803,0.00002300000051036477,0,-0.0009410000056959689,0.000014999999621068127,1,0,0.2676999866962433,15.237099647521973,0,1,0.9997140169143677,0.023795999586582184,-0.002193999942392111,0,-0.023795999586582184,0.9997169971466064,0,0,0.0021929999347776175,0.000050999999075429514,0.9999979734420776,0,-0.27320000529289246,11.754599571228027,0,1,-0.010483000427484512,-0.0020089999306946993,0.9999430179595947,0,-0.9800019860267639,-0.19870400428771973,-0.010672999545931816,0,0.1987140029668808,-0.9800580143928528,0.0001139999512815848,0,-10.665499687194824,25.013500213623047,0.04820000007748604,1,0.811028003692627,-0.12410999834537506,0.5716909766197205,0,0.07271599769592285,0.9910449981689453,0.11198999732732773,0,-0.5804700255393982,-0.04925600066781044,0.8127899765968323,0,0,22.733400344848633,0,1,-0.29324600100517273,-0.9304559826850891,-0.21967799961566925,0,0.9353070259094238,-0.23162099719047546,-0.26749199628829956,0,0.1980080008506775,-0.28390800952911377,0.9381840229034424,0,0,53.26279830932617,0,1,0.9606810212135315,0.11616600304841995,0.2521840035915375,0,0.05698100104928017,0.8064500093460083,-0.5885499715805054,0,-0.2717429995536804,0.5797790288925171,0.7681220173835754,0,0,48.94879913330078,0,1,0.7769140005111694,-0.5895839929580688,0.22089900076389313,0,0.44024500250816345,0.7595340013504028,0.47884601354599,0,-0.45010000467300415,-0.2747719883918762,0.8496530055999756,0,8.018799781799316,6.1006999015808105,0,1,0.7882410287857056,0.4951950013637543,0.36531901359558105,0,-0.6151139736175537,0.6170510053634644,0.4907979965209961,0,0.01761999912559986,-0.6115800142288208,0.7909860014915466,0,1.1370999813079834,7.980000019073486,0,1,0.9947530031204224,-0.10138600319623947,-0.013717999681830406,0,0.10152500122785568,0.9616450071334839,0.25481799244880676,0,-0.012643000110983849,-0.25487399101257324,0.9668920040130615,0,1.0223000049591064,9.384200096130371,0,1,0.9921860098838806,-0.08619700372219086,-0.09020200371742249,0,0.10398899763822556,0.17183999717235565,0.9796209931373596,0,-0.06893999874591827,-0.9813470244407654,0.17946100234985352,0,0,12.017200469970703,0.17100000381469727,1,0.9987620115280151,-0.0443280003964901,-0.022575000301003456,0,0.03922300040721893,0.42263099551200867,0.9054530262947083,0,-0.030595999211072922,-0.9052169919013977,0.4238469898700714,0,-0.27889999747276306,14.73859977722168,0,1,0.9963200092315674,-0.08428700268268585,-0.015580999664962292,0,0.07945899665355682,0.840054988861084,0.5366500020027161,0,-0.0321430005133152,-0.5359129905700684,0.8436610102653503,0,0.359499990940094,11.803400039672852,0,1,-0.8653780221939087,-0.37399598956108093,0.3335370123386383,0,0.4839400053024292,-0.7964910268783569,0.3624970018863678,0,0.1300870031118393,0.4751090109348297,0.8702579736709595,0,16.968599319458008,-10.666000366210938,0.600600004196167,1,0.9952660202980042,-0.012645000591874123,0.09636300057172775,0,0.0866290032863617,0.5648859739303589,-0.8206089735031128,0,-0.044057998806238174,0.8250719904899597,0.563306987285614,0,0,64.0801010131836,0,1,0.9313880205154419,-0.3113659918308258,0.1885939985513687,0,-0.05790099874138832,0.384768009185791,0.9211949706077576,0,-0.35939300060272217,-0.868910014629364,0.3403399884700775,0,0,55.26919937133789,0,1,0.9911059737205505,0,-0.13307300209999084,0,0.08388999849557877,0.776265025138855,0.624800980091095,0,0.10329999774694443,-0.6304069757461548,0.7693610191345215,0,0,36.55550003051758,0,1,-0.9301959872245789,0.3061099946498871,-0.202565997838974,0,-0.3501240015029907,-0.9056410193443298,0.2392210066318512,0,-0.11022499948740005,0.29344600439071655,0.9495999813079834,0,-16.968599319458008,-10.666000366210938,0.4724000096321106,1,0.9994500279426575,-0.0054100011475384235,0.03272299841046333,0,0.030222000554203987,0.5549970269203186,-0.8313030004501343,0,-0.013663000427186489,0.8318349719047546,0.5548549890518188,0,0,64.064697265625,0,1,0.9088960289955139,0.40145599842071533,-0.11287400126457214,0,0.059039000421762466,0.14406900107860565,0.9878050088882446,0,0.41282200813293457,-0.90447598695755,0.10724200308322906,0,0,55.25870132446289,0,1,0.9915400147438049,0,0.12979799509048462,0,-0.08115699887275696,0.7804200053215027,0.6199659705162048,0,-0.10129699856042862,-0.6252560019493103,0.7738180160522461,0,0,36.84489822387695,0,1
