1.433,30,42,41
B0,mixamorig_Hips,-1,0.9917892217636108,0.0590754896402359,-0.11334270238876343,0,-0.06232206150889397,0.9977214336395264,-0.025310592725872993,0,0.11157828569412231,0.03216724470257759,0.9932302236557007,0,-0.995448648929596,143.24050903320312,-0.9818650484085083,1
B1,mixamorig_Spine,0,0.9999340772628784,-0.011126588098704815,-0.0021363936830312014,0,0.01127223763614893,0.9959726929664612,0.08892951905727386,0,0.0011393730528652668,-0.08894887566566467,0.9960353374481201,0,0,19.2117919921875,-0.1207680031657219,1
B2,mixamorig_Spine1,1,0.999811589717865,-0.018497413024306297,-0.004773108288645744,0,0.019065173342823982,0.9816931486129761,0.1894800364971161,0,0.0011842254316434264,-0.1895410120487213,0.9818708300590515,0,0,22.4141845703125,0,1
B3,mixamorig_Spine2,2,0.999811589717865,-0.018497413024306297,-0.004773108288645744,0,0.019065173342823982,0.9816931486129761,0.1894800364971161,0,0.0011842254316434264,-0.1895410120487213,0.9818708300590515,0,0,25.616214752197266,0,1
B4,mixamorig_Neck,3,0.9978143572807312,-0.0541754849255085,0.03781070560216904,0,0.0599297359585762,0.9831095933914185,-0.17292538285255432,0,-0.02780403383076191,0.17481406033039093,0.9842085838317871,0,0,28.8182430267334,0,1
B5,mixamorig_Head,4,0.9949583411216736,0.07669898122549057,0.0634302943944931,0,-0.05505954474210739,0.9548903107643127,-0.2916744351387024,0,-0.08290600031614304,0.28665971755981445,0.9543785452842712,0,0,24.812225341796875,-0.20795400440692902,1
B6,mixamorig_HeadTop_End,5,1,0,0,0,0,1,0,0,0,0,1,0,0,103.31423950195312,-0.8658869862556458,1
B7,mixamorig_LeftShoulder,3,0.10021998733282089,0.16589944064617157,-0.9810361266136169,0,0.8311570882797241,-0.5559623837471008,-0.009108474478125572,0,-0.5469303131103516,-0.8144835233688354,-0.19360704720020294,0,10.665525436401367,25.014419555664062,-0.09603600203990936,1
B8,mixamorig_LeftArm,7,0.9702395796775818,-0.11667774617671967,0.21213498711585999,0,0.04695003107190132,0.9502602219581604,0.3077448010444641,0,-0.23751014471054077,-0.28861767053604126,0.9274599552154541,0,0,22.733402252197266,0,1
B9,mixamorig_LeftForeArm,8,0.5597381591796875,0.8285670280456543,0.006827470380812883,0,-0.8285875916481018,0.5596799850463867,0.008792860433459282,0,0.003466100664809346,-0.010578400455415249,0.9999378323554993,0,0,53.26781463623047,0,1
B10,mixamorig_LeftHand,9,0.8118399977684021,0.14525628089904785,-0.5650734901428223,0,-0.3011699914932251,0.9338960647583008,-0.19245167076587677,0,0.49971526861190796,0.32661008834838867,0.8019695281982422,0,0,48.9465217590332,0,1
B11,mixamorig_LeftHandThumb1,10,0.6368365287780762,0.768847644329071,-0.05493247136473656,0,-0.6236698627471924,0.5554366707801819,0.5496036410331726,0,0.4529377818107605,-0.31581008434295654,0.8333355784416199,0,-7.220077991485596,5.920783996582031,-0.000007000000096013537,1
B12,mixamorig_LeftHandThumb2,11,0.9999840259552002,0.005022000055760145,0.0026803899090737104,0,-0.004920999985188246,0.9993270039558411,-0.03635599836707115,0,-0.0028609998989850283,0.03634199872612953,0.999334990978241,0,-0.19343799352645874,7.4673380851745605,0,1
B13,mixamorig_LeftHandThumb3,12,0.9992679953575134,0.03822999820113182,0.0016430000541731715,0,-0.03822999820113182,0.9992690086364746,-0.000050999999075429514,0,-0.001643999945372343,-0.000012000000424450263,0.9999989867210388,0,-0.07535800337791443,10.211470603942871,0,1
B14,mixamorig_LeftHandThumb4,13,1,0,0,0,0,1,0,0,0,0,1,0,0.26879701018333435,8.70872688293457,0,1
B15,mixamorig_LeftHandIndex1,10,0.971123993396759,0.22087900340557098,-0.09016799926757812,0,-0.20228739082813263,0.9627119898796082,0.17962738871574402,0,0.12648199498653412,-0.15620100498199463,0.9795939922332764,0,0,11.06796646118164,0.1714390069246292,1
B16,mixamorig_LeftHandIndex2,15,0.9999359846115112,-0.011346000246703625,-0.00013299999409355223,0,0.011180000379681587,0.9831169843673706,0.18263599276542664,0,-0.0019420000026002526,-0.18262599408626556,0.9831804037094116,0,0.2676999866962433,15.237060546875,0,1
B17,mixamorig_LeftHandIndex3,16,0.9997140169143677,0.023795999586582184,-0.002193999942392111,0,-0.023795999586582184,0.9997169971466064,0.0000019999999949504854,0,0.0021929999347776175,0.00004999999873689376,0.9999979734420776,0,-0.2732299864292145,11.75461483001709,9.999999974752427e-7,1
B18,mixamorig_LeftHandIndex4,17,1,0,0,0,0,1,0,0,0,0,1,0,0.005530000198632479,9.809103012084961,0,1
B19,mixamorig_RightShoulder,3,-0.0018464995082467794,0.05873134732246399,0.998262345790863,0,-0.9534106254577637,-0.3012058436870575,0.01595417968928814,0,0.30162113904953003,-0.9517439603805542,0.056539155542850494,0,-10.665525436401367,25.013511657714844,0.048207998275756836,1
B20,mixamorig_RightArm,19,0.9688077569007874,0.16529697179794312,-0.18422523140907288,0,0.008817695081233978,0.7206767201423645,0.6930962800979614,0,0.24742712080478668,-0.6732130646705627,0.6967970728874207,0,0,22.733402252197266,0,1
B21,mixamorig_RightForeArm,20,0.5493453145027161,-0.8355138897895813,-0.0055364202708005905,0,0.8355318903923035,0.549333930015564,0.0035564701538532972,0,0.00006976965232752264,-0.006579339969903231,0.9999786019325256,0,0,53.26276779174805,0,1
B22,mixamorig_RightHand,21,0.6707441210746765,0.28147321939468384,0.6861960887908936,0,-0.004037851467728615,0.9265472888946533,-0.37613484263420105,0,-0.7416673898696899,0.24952080845832825,0.6226106286048889,0,0,48.94882583618164,0,1
B23,mixamorig_RightHandThumb1,22,0.7369070053100586,-0.6758450269699097,-0.01422599982470274,0,0.6272249817848206,0.6757429838180542,0.38724762201309204,0,-0.2521060109138489,-0.2942880094051361,0.9218659996986389,0,8.01883316040039,6.1007280349731445,0.000007000000096013537,1
B24,mixamorig_RightHandThumb2,23,0.9996230006217957,-0.018988611176609993,-0.01981399953365326,0,0.01822200044989586,0.9991049766540527,-0.03817500174045563,0,0.020521000027656555,0.03779999911785126,0.9990749955177307,0,1.13714599609375,7.979971885681152,0,1
B25,mixamorig_RightHandThumb3,24,0.9253829717636108,-0.37821000814437866,-0.024961000308394432,0,0.3781520128250122,0.925715982913971,-0.007160389795899391,0,0.025815000757575035,-0.002812999999150634,0.9996629953384399,0,1.0223289728164673,9.384204864501953,0,1
B26,mixamorig_RightHandThumb4,25,1,0,0,0,0,1,0,0,0,0,1,0,-2.159475088119507,7.527187824249268,0,1
B27,mixamorig_RightHandIndex1,22,0.9471359848976135,-0.2715429961681366,0.17087200284004211,0,0.25436800718307495,0.9601414203643799,0.1158669963479042,0,-0.19552400708198547,-0.06627699732780457,0.978456974029541,0,0,12.017215728759766,0.170973002910614,1
B28,mixamorig_RightHandIndex2,27,0.9989479780197144,0.045864999294281006,0.00018400000408291817,0,-0.04575899988412857,0.9963600039482117,0.07191900163888931,0,0.003114999970421195,-0.07185199856758118,0.997409999370575,0,-0.2789439857006073,14.738595008850098,0,1
B29,mixamorig_RightHandIndex3,28,0.9992290139198303,-0.0391790010035038,0.002672000089660287,0,0.0391790010035038,0.9992319941520691,0.00002300000051036477,0,-0.0026710000820457935,0.00008199999865610152,0.9999960064888,0,0.3595370054244995,11.803382873535156,0,1
B30,mixamorig_RightHandIndex4,29,1,0,0,0,0,1,0,0,0,0,1,0,-0.08059299737215042,9.220705032348633,0,1
B31,mixamorig_LeftUpLeg,0,-0.9671156406402588,-0.23922868072986603,-0.08209281414747238,0,0.19273297488689423,-0.9072813391685486,0.3736841082572937,0,-0.16392922401428223,0.3457627296447754,0.9235312342643738,0,16.968603134155273,-10.665969848632812,0.6005799770355225,1
B32,mixamorig_LeftLeg,31,0.9960062503814697,-0.08304668962955475,0.03273576498031616,0,0.08802401274442673,0.8526055216789246,-0.5150797963142395,0,0.01486597303301096,0.5159045457839966,0.8565106391906738,0,0,64.08012390136719,0,1
B33,mixamorig_LeftFoot,32,0.9550227522850037,-0.21027623116970062,0.20784002542495728,0,-0.06697013974189758,0.5311591625213623,0.844534695148468,0,-0.28794023394584656,-0.8206851482391357,0.4930753707885742,0,0,55.26921844482422,0,1
B34,mixamorig_LeftToeBase,33,0.9915539026260376,0.00023861968657001853,-0.12967994809150696,0,0.08365989476442337,0.7627372145652771,0.641202986240387,0,0.09907674789428711,-0.6466391086578369,0.7562729120254517,0,0,36.5555305480957,9.999999974752427e-7,1
B35,mixamorig_LeftToe_End,34,1,0,0,0,0,1,0,0,0,0,1,0,0,13.579986572265625,0,1
B36,mixamorig_RightUpLeg,0,-0.9048423171043396,0.28710681200027466,-0.314338743686676,0,-0.3657503128051758,-0.9019957780838013,0.22902056574821472,0,-0.21773293614387512,0.3221830129623413,0.921210765838623,0,-16.968603134155273,-10.665969848632812,0.47241300344467163,1
B37,mixamorig_RightLeg,36,0.9953364133834839,0.08581912517547607,-0.04399413987994194,0,-0.09057381004095078,0.6745301485061646,-0.7321783900260925,0,-0.033187054097652435,0.7327477335929871,0.6791577935218811,0,0,64.0646743774414,0,1
B38,mixamorig_RightFoot,37,0.9257845282554626,0.24576139450073242,-0.28712335228919983,0,0.2184891402721405,0.2718264162540436,0.9371607303619385,0,0.30835676193237305,-0.9304289817810059,0.19798971712589264,0,0,55.258724212646484,-9.999999974752427e-7,1
B39,mixamorig_RightToeBase,38,0.9921968579292297,-0.0012774401111528277,0.12459037452936172,0,-0.07766997814178467,0.7757583260536194,0.6258475184440613,0,-0.09751232713460922,-0.6306377053260803,0.769610583782196,0,0,36.844871520996094,-9.999999974752427e-7,1
B40,mixamorig_RightToe_End,39,1,0,0,0,0,1,0,0,0,0,1,0,0,13.579154014587402,0,1
@34,0,1,2,3,4,5,7,8,9,10,11,12,13,15,16,17,19,20,21,22,23,24,25,27,28,29,31,32,33,34,36,37,38,39
K0.000,0.9928699731826782,0.04860199987888336,-0.10884600132703781,0,-0.05113000050187111,0.9984800219535828,-0.02055400051176548,0,0.1076819971203804,0.02597299963235855,0.9938459992408752,0,-0.3278000056743622,143.60508728027344,-1.165276050567627,1,0.9999690055847168,-0.007751000113785267,-0.001246000058017671,0,0.007832000032067299,0.9958699941635132,0.09045799821615219,0,0.000539999979082495,-0.0904650017619133,0.9958999752998352,0,0,19.2117919921875,-0.1207680031657219,1,0.9999179840087891,-0.012538000009953976,-0.0027149999514222145,0,0.012826000340282917,0.9812110066413879,0.1925089955329895,0,0.00025099999038502574,-0.19252799451351166,0.9812909960746765,0,0,22.4141845703125,0,1,0.9999179840087891,-0.012538000009953976,-0.0027149999514222145,0,0.012826000340282917,0.9812110066413879,0.1925089955329895,0,0.00025099999038502574,-0.19252799451351166,0.9812909960746765,0,0,25.616214752197266,0,1,0.9979079961776733,-0.05333299934864044,0.03653699904680252,0,0.05891599878668785,0.982915997505188,-0.17436900734901428,0,-0.02661300078034401,0.17615699768066406,0.9840019941329956,0,0,28.8182430267334,0,1,0.996703028678894,0.06164899840950966,0.0527460016310215,0,-0.04295700043439865,0.9524869918823242,-0.3015350103378296,0,-0.0688289999961853,0.2982749938964844,0.9519950151443481,0,0,24.812225341796875,-0.20795400440692902,1,0.10208699852228165,0.16572700440883636,-0.9808740019798279,0,0.8306599855422974,-0.5567280054092407,-0.00761099997907877,0,-0.547340989112854,-0.8139950037002563,-0.1944970041513443,0,10.665525436401367,25.014419555664062,-0.09603600203990936,1,0.9681730270385742,-0.12057700008153915,0.21931999921798706,0,0.045598000288009644,0.9466109871864319,0.3191379904747009,0,-0.24609200656414032,-0.2989799976348877,0.9219809770584106,0,0,22.733402252197266,0,1,0.5699650049209595,0.8216410279273987,0.006730999797582626,0,-0.8216620087623596,0.5699089765548706,0.008679999969899654,0,0.003295999951660633,-0.010476999916136265,0.9999399781227112,0,0,53.26781463623047,0,1,0.7876039743423462,0.14959299564361572,-0.5977479815483093,0,-0.3153280019760132,0.93128502368927,-0.18241800367832184,0,0.529384970664978,0.33215999603271484,0.780655026435852,0,0,48.9465217590332,0,1,0.6231979727745056,0.7795090079307556,-0.06316900253295898,0,-0.6396750211715698,0.5545369982719421,0.5322629809379578,0,0.4499340057373047,-0.2912980020046234,0.8442190289497375,0,-7.220077991485596,5.920783996582031,-0.000007000000096013537,1,0.9999840259552002,0.005022000055760145,0.0026809999253600836,0,-0.004920999985188246,0.9993270039558411,-0.03635599836707115,0,-0.0028609998989850283,0.03634300082921982,0.999334990978241,0,-0.19343799352645874,7.4673380851745605,0,1,0.9992679953575134,0.03822999820113182,0.0016430000541731715,0,-0.03822999820113182,0.9992690086364746,-0.000050999999075429514,0,-0.001643999945372343,-0.000012000000424450263,0.9999989867210388,0,-0.07535800337791443,10.211470603942871,0,1,0.971123993396759,0.22087900340557098,-0.09016799926757812,0,-0.2022870033979416,0.9627119898796082,0.17962700128555298,0,0.12648099660873413,-0.15620100498199463,0.9795939922332764,0,0,11.06796646118164,0.1714390069246292,1,0.9999359846115112,-0.011346000246703625,-0.00013299999409355223,0,0.011180000379681587,0.9831169843673706,0.18263599276542664,0,-0.0019420000026002526,-0.18262599408626556,0.9831809997558594,0,0.2676999866962433,15.237060546875,0,1,0.9997140169143677,0.023795999586582184,-0.002193999942392111,0,-0.023795999586582184,0.9997169971466064,0.0000019999999949504854,0,0.0021929999347776175,0.00004999999873689376,0.9999979734420776,0,-0.2732299864292145,11.75461483001709,0,1,0.005452000070363283,0.059415001422166824,0.9982179999351501,0,-0.9510040283203125,-0.30827900767326355,0.02354300022125244,0,0.309128999710083,-0.9494389891624451,0.054822999984025955,0,-10.665525436401367,25.013511657714844,0.048207998275756836,1,0.967411994934082,0.15317599475383759,-0.20162199437618256,0,0.025967000052332878,0.7320539951324463,0.6807519793510437,0,0.2518729865550995,-0.663802981376648,0.7042199969291687,0,0,22.733402252197266,0,1,0.5573369860649109,-0.8302680253982544,-0.005493000149726868,0,0.8302860260009766,0.5573260188102722,0.003522000042721629,0,0.00013699999544769526,-0.006523999851197004,0.9999790191650391,0,0,53.26276779174805,0,1,0.6720029711723328,0.27862998843193054,0.68613201379776,0,0.004013999830931425,0.925134003162384,-0.3796190023422241,0,-0.7405369877815247,0.2578589916229248,0.6205750107765198,0,0,48.94882583618164,0,1,0.7369070053100586,-0.6758450269699097,-0.01422599982470274,0,0.6272249817848206,0.6757429838180542,0.3872469961643219,0,-0.2521060109138489,-0.2942880094051361,0.9218659996986389,0,8.01883316040039,6.1007280349731445,0.000007000000096013537,1,0.9996230006217957,-0.018989000469446182,-0.01981399953365326,0,0.01822200044989586,0.9991049766540527,-0.038176000118255615,0,0.020521000027656555,0.03779999911785126,0.9990749955177307,0,1.13714599609375,7.979971885681152,0,1,0.9253829717636108,-0.37821000814437866,-0.024961000308394432,0,0.3781520128250122,0.925715982913971,-0.007160000037401915,0,0.025815000757575035,-0.002812999999150634,0.9996629953384399,0,1.0223289728164673,9.384204864501953,0,1,0.9471359848976135,-0.2715429961681366,0.17087200284004211,0,0.25436800718307495,0.9601410031318665,0.1158669963479042,0,-0.19552400708198547,-0.06627699732780457,0.978456974029541,0,0,12.017215728759766,0.170973002910614,1,0.9989479780197144,0.045864999294281006,0.00018400000408291817,0,-0.04575899988412857,0.9963600039482117,0.07191900163888931,0,0.003114999970421195,-0.07185199856758118,0.997409999370575,0,-0.2789439857006073,14.738595008850098,0,1,0.9992290139198303,-0.0391790010035038,0.002672000089660287,0,0.0391790010035038,0.9992319941520691,0.00002300000051036477,0,-0.0026710000820457935,0.00008199999865610152,0.9999960064888,0,0.3595370054244995,11.803382873535156,0,1,-0.9713050127029419,-0.23676499724388123,-0.022569000720977783,0,0.21099400520324707,-0.9015840291976929,0.37766000628471375,0,-0.10976400226354599,0.3620609939098358,0.9256690144538879,0,16.968603134155273,-10.665969848632812,0.6005799770355225,1,0.9959890246391296,-0.08447500318288803,0.02949099987745285,0,0.08759000152349472,0.8532310128211975,-0.5141260027885437,0,0.018268000334501266,0.5146470069885254,0.8572080135345459,0,0,64.08012390136719,0,1,0.9678699970245361,-0.18842899799346924,0.1665019989013672,0,-0.04110400006175041,0.5346919894218445,0.8440470099449158,0,-0.24807000160217285,-0.8237709999084473,0.5097669959068298,0,0,55.26921844482422,0,1,0.9909570217132568,0.0003440000000409782,-0.13418300449848175,0,0.08434499800205231,0.7761470079421997,0.6248859763145447,0,0.10436099767684937,-0.6305519938468933,0.7690989971160889,0,0,36.5555305480957,0,1,-0.9081079959869385,0.2761409878730774,-0.31477800011634827,0,-0.3521679937839508,-0.9103459715843201,0.2173669934272766,0,-0.22653299570083618,0.30824801325798035,0.9239410161972046,0,-16.968603134155273,-10.665969848632812,0.47241300344467163,1,0.9954259991645813,0.08600900322198868,-0.04159700125455856,0,-0.0903410017490387,0.7056930065155029,-0.7027350068092346,0,-0.0310869999229908,0.7032780051231384,0.7102349996566772,0,0,64.0646743774414,0,1,0.9250900149345398,0.24114200472831726,-0.2933579981327057,0,0.22383500635623932,0.2777940034866333,0.9341989755630493,0,0.306768000125885,-0.9298819899559021,0.2030079960823059,0,0,55.258724212646484,0,1,0.9922670125961304,0.002283999929204583,0.12410300225019455,0,-0.07819300144910812,0.7879989743232727,0.6106910109519958,0,-0.0963980033993721,-0.6156730055809021,0.7820839881896973,0,0,36.844871520996094,0,1
K0.033,0.9920240044593811,0.055732086300849915,-0.11305800825357437,0,-0.058720093220472336,0.9980030059814453,-0.023274052888154984,0,0.11153499782085419,0.029727064073085785,0.9933159947395325,0,-0.7077624201774597,143.4099578857422,-1.0232388973236084,1,0.9999520182609558,-0.009714036248624325,-0.0014730170369148254,0,0.009807037189602852,0.9959539771080017,0.08933199197053909,0,0.0006000138819217682,-0.08934199064970016,0.9960010051727295,0,0,19.2117919921875,-0.1207680031657219,1,0.9998649954795837,-0.016095060855150223,-0.0033340370282530785,0,0.016435066238045692,0.981590986251831,0.19028498232364655,0,0.00021002499852329493,-0.19031397998332977,0.9817230105400085,0,0,22.4141845703125,0,1,0.9998649954795837,-0.016095060855150223,-0.0033340370282530785,0,0.016435066238045692,0.981590986251831,0.19028498232364655,0,0.00021002499852329493,-0.19031397998332977,0.9817230105400085,0,0,25.616214752197266,0,1,0.9978740215301514,-0.05357801541686058,0.03709701821208,0,0.059225019067525864,0.9831010103225708,-0.17322099208831787,0,-0.027189014479517937,0.17505000531673431,0.9841840267181396,0,0,28.8182430267334,0,1,0.9959629774093628,0.06864720582962036,0.057840146124362946,0,-0.04866016283631325,0.9543349742889404,-0.294749915599823,0,-0.0754321962594986,0.2907448709011078,0.9538220167160034,0,0,24.812225341796875,-0.20795400440692902,1,0.10110098123550415,0.16584600508213043,-0.9809550046920776,0,0.8311449885368347,-0.5559939742088318,-0.008339019492268562,0,-0.5467879772186279,-0.8144729733467102,-0.19405397772789001,0,10.665525436401367,25.014419555664062,-0.09603600203990936,1,0.9694049954414368,-0.11914093792438507,0.21461494266986847,0,0.04672500863671303,0.9478890299797058,0.31515583395957947,0,-0.24097990989685059,-0.29548582434654236,0.9244550466537476,0,0,22.733402252197266,0,1,0.5671238303184509,0.8236051201820374,0.00676000164821744,0,-0.8236261010169983,0.5670668482780457,0.008725001476705074,0,0.0033530027139931917,-0.010516001842916012,0.9999390244483948,0,0,53.26781463623047,0,1,0.801510214805603,0.14630496501922607,-0.5798066258430481,0,-0.30867382884025574,0.9316680431365967,-0.19161202013492584,0,0.512153685092926,0.33255085349082947,0.7919022440910339,0,0,48.9465217590332,0,1,0.627714216709137,0.7759408354759216,-0.06237781047821045,0,-0.6345627307891846,0.5564619898796082,0.5363583564758301,0,0.4508930742740631,-0.29709747433662415,0.8416817784309387,0,-7.220077991485596,5.920783996582031,-0.000007000000096013537,1,0.9999840259552002,0.005022000055760145,0.00267999991774559,0,-0.004920999985188246,0.9993270039558411,-0.03635599836707115,0,-0.0028609998989850283,0.03634199872612953,0.999334990978241,0,-0.19343799352645874,7.4673380851745605,0,1,0.9992679953575134,0.03822999820113182,0.0016430000541731715,0,-0.03822999820113182,0.9992690086364746,-0.000050999999075429514,0,-0.001643999945372343,-0.000012000000424450263,0.9999989867210388,0,-0.07535800337791443,10.211470603942871,0,1,0.971123993396759,0.22087900340557098,-0.09016799926757812,0,-0.2022870033979416,0.9627119898796082,0.17962700128555298,0,0.12648199498653412,-0.15620100498199463,0.9795939922332764,0,0,11.06796646118164,0.1714390069246292,1,0.9999359846115112,-0.011346000246703625,-0.00013299999409355223,0,0.011180000379681587,0.9831169843673706,0.18263599276542664,0,-0.0019420000026002526,-0.18262599408626556,0.9831799864768982,0,0.2676999866962433,15.237060546875,0,1,0.9997140169143677,0.023795999586582184,-0.002193999942392111,0,-0.023795999586582184,0.9997169971466064,0.0000019999999949504854,0,0.0021929999347776175,0.00004999999873689376,0.9999979734420776,0,-0.2732299864292145,11.75461483001709,0,1,0.0016369106015190482,0.05905699357390404,0.9982529878616333,0,-0.952663004398346,-0.3033999502658844,0.01951090805232525,0,0.304021954536438,-0.9510310292243958,0.05576501786708832,0,-10.665525436401367,25.013511657714844,0.048207998275756836,1,0.9680889844894409,0.16032613813877106,-0.19261279702186584,0,0.016903793439269066,0.7250578999519348,0.6884810924530029,0,0.25003695487976074,-0.6697670817375183,0.6992099285125732,0,0,22.733402252197266,0,1,0.5562317967414856,-0.8310090899467468,-0.0055060009472072124,0,0.831027090549469,0.5562208294868469,0.0035280007869005203,0,0.00013099842180963606,-0.006538000889122486,0.9999790191650391,0,0,53.26276779174805,0,1,0.6725899577140808,0.2812719941139221,0.6844770312309265,0,-0.002027051756158471,0.9256460070610046,-0.37838393449783325,0,-0.740013062953949,0.2531099021434784,0.6231499910354614,0,0,48.94882583618164,0,1,0.7369070053100586,-0.6758450269699097,-0.01422599982470274,0,0.6272249817848206,0.6757429838180542,0.3872480094432831,0,-0.2521060109138489,-0.2942880094051361,0.9218659996986389,0,8.01883316040039,6.1007280349731445,0.000007000000096013537,1,0.9996230006217957,-0.018989000469446182,-0.01981399953365326,0,0.01822200044989586,0.9991049766540527,-0.03817500174045563,0,0.020521000027656555,0.03779999911785126,0.9990749955177307,0,1.13714599609375,7.979971885681152,0,1,0.9253829717636108,-0.37821000814437866,-0.024961000308394432,0,0.3781520128250122,0.925715982913971,-0.007160000037401915,0,0.025815000757575035,-0.002812999999150634,0.9996629953384399,0,1.0223289728164673,9.384204864501953,0,1,0.9471359848976135,-0.2715429961681366,0.17087200284004211,0,0.25436800718307495,0.9601410031318665,0.1158669963479042,0,-0.19552400708198547,-0.06627699732780457,0.978456974029541,0,0,12.017215728759766,0.170973002910614,1,0.9989479780197144,0.045864999294281006,0.00018400000408291817,0,-0.04575899988412857,0.9963600039482117,0.07191900163888931,0,0.003114999970421195,-0.07185199856758118,0.997409999370575,0,-0.2789439857006073,14.738595008850098,0,1,0.9992290139198303,-0.0391790010035038,0.002672000089660287,0,0.0391790010035038,0.9992319941520691,0.00002300000051036477,0,-0.0026710000820457935,0.00008199999865610152,0.9999960064888,0,0.3595370054244995,11.803382873535156,0,1,-0.9694809317588806,-0.23749203979969025,-0.06086554378271103,0,0.19830985367298126,-0.9056110382080078,0.37488996982574463,0,-0.14415350556373596,0.35137784481048584,0.9250689148902893,0,16.968603134155273,-10.665969848632812,0.6005799770355225,1,0.9960089921951294,-0.08352598547935486,0.03145503252744675,0,0.08780600875616074,0.8538039326667786,-0.513136088848114,0,0.016003970056772232,0.5138500332832336,0.8577309250831604,0,0,64.08012390136719,0,1,0.9603258967399597,-0.20149321854114532,0.1928073912858963,0,-0.057559240609407425,0.5332709550857544,0.8439840078353882,0,-0.2728763818740845,-0.8215969800949097,0.5005168318748474,0,0,55.26921844482422,0,1,0.9913409948348999,0.00029399857157841325,-0.13131596148014069,0,0.08392899483442307,0.7676698565483093,0.6353262066841125,0,0.10099394619464874,-0.6408461332321167,0.7609968781471252,0,0,36.5555305480957,0,1,-0.9059939980506897,0.28358009457588196,-0.31425800919532776,0,-0.360286146402359,-0.9063239097595215,0.22084321081638336,0,-0.2221928834915161,0.31330522894859314,0.9232929348945618,0,-16.968603134155273,-10.665969848632812,0.47241300344467163,1,0.9953590035438538,0.08641698211431503,-0.04233004152774811,0,-0.0904650017619133,0.6904125809669495,-0.7177373766899109,0,-0.03279901295900345,0.7182353734970093,0.6950265765190125,0,0,64.0646743774414,0,1,0.9243380427360535,0.2433270663022995,-0.29392480850219727,0,0.2263357937335968,0.270516037940979,0.935731053352356,0,0.30720004439353943,-0.931456983089447,0.1949750781059265,0,0,55.258724212646484,0,1,0.9923170208930969,0.002301908330991864,0.12370002269744873,0,-0.07814498245716095,0.7868016958236694,0.612238347530365,0,-0.09591803699731827,-0.6172013282775879,0.7809367179870605,0,0,36.844871520996094,0,1
K0.067,0.9914219975471497,0.06430491805076599,-0.11378799378871918,0,-0.06795591115951538,0.997281014919281,-0.028495948761701584,0,0.11164599657058716,0.03598393499851227,0.9930959939956665,0,-1.4454195499420166,142.97547912597656,-0.9171520471572876,1,0.9999060034751892,-0.01333596371114254,-0.00317398295737803,0,0.013563962653279305,0.9960020184516907,0.08830000460147858,0,0.0019829862285405397,-0.08833400905132294,0.996088981628418,0,0,19.2117919921875,-0.1207680031657219,1,0.9997280240058899,-0.022254938259720802,-0.007023963145911694,0,0.023178933188319206,0.9818530082702637,0.1882210075855255,0,0.00270797498524189,-0.18833202123641968,0.9821019768714905,0,0,22.4141845703125,0,1,0.9997280240058899,-0.022254938259720802,-0.007023963145911694,0,0.023178933188319206,0.9818530082702637,0.1882210075855255,0,0.00270797498524189,-0.18833202123641968,0.9821019768714905,0,0,25.616214752197266,0,1,0.9977210164070129,-0.055109985172748566,0.03892698138952255,0,0.06103198230266571,0.9831230044364929,-0.17246301472187042,0,-0.028765985742211342,0.1744450032711029,0.9842470288276672,0,0,28.8182430267334,0,1,0.99338698387146,0.08929279446601868,0.07217385619878769,0,-0.06506883352994919,0.9557589888572693,-0.28686410188674927,0,-0.09459580481052399,0.2802700996398926,0.955249011516571,0,0,24.812225341796875,-0.20795400440692902,1,0.09884202480316162,0.16598300635814667,-0.9811630249023438,0,0.8311759829521179,-0.555912971496582,-0.010311980731785297,0,-0.5471529960632324,-0.8144999742507935,-0.19290801882743835,0,10.665525436401367,25.014419555664062,-0.09603600203990936,1,0.9715449810028076,-0.11282505840063095,0.2082560658454895,0,0.047301992774009705,0.9539689421653748,0.29615318775177,0,-0.23208308219909668,-0.2778751850128174,0.932159960269928,0,0,22.733402252197266,0,1,0.548186182975769,0.8363279104232788,0.006932998076081276,0,-0.8363478779792786,0.5481261610984802,0.00889899767935276,0,0.0036429972387850285,-0.010675998404622078,0.9999359846115112,0,0,53.26781463623047,0,1,0.8279967904090881,0.14361603558063507,-0.5420293807983398,0,-0.28943318128585815,0.9373809695243835,-0.19376498460769653,0,0.48026034235954285,0.3173181414604187,0.8177157640457153,0,0,48.9465217590332,0,1,0.651104748249054,0.7577531933784485,-0.04328719154000282,0,-0.6066322922706604,0.5538330078125,0.5703206658363342,0,0.45613592863082886,-0.3450785279273987,0.8202812671661377,0,-7.220077991485596,5.920783996582031,-0.000007000000096013537,1,0.9999840259552002,0.005022000055760145,0.0026809999253600836,0,-0.004920999985188246,0.9993270039558411,-0.03635599836707115,0,-0.0028609998989850283,0.03634199872612953,0.999334990978241,0,-0.19343799352645874,7.4673380851745605,0,1,0.9992679953575134,0.03822999820113182,0.0016430000541731715,0,-0.03822999820113182,0.9992690086364746,-0.000050999999075429514,0,-0.001643999945372343,-0.000012000000424450263,0.9999989867210388,0,-0.07535800337791443,10.211470603942871,0,1,0.971123993396759,0.22087900340557098,-0.09016799926757812,0,-0.20228800177574158,0.9627119898796082,0.17962799966335297,0,0.12648199498653412,-0.15620100498199463,0.9795939922332764,0,0,11.06796646118164,0.1714390069246292,1,0.9999359846115112,-0.011346000246703625,-0.00013299999409355223,0,0.011180000379681587,0.9831169843673706,0.18263599276542664,0,-0.0019420000026002526,-0.18262599408626556,0.9831809997558594,0,0.2676999866962433,15.237060546875,0,1,0.9997140169143677,0.023795999586582184,-0.002193999942392111,0,-0.023795999586582184,0.9997169971466064,0.0000019999999949504854,0,0.0021929999347776175,0.00004999999873689376,0.9999979734420776,0,-0.2732299864292145,11.75461483001709,0,1,-0.0072949109598994255,0.058222007006406784,0.9982770085334778,0,-0.9545800089836121,-0.2977740466594696,0.01039109006524086,0,0.2978660464286804,-0.9528589844703674,0.05774998292326927,0,-10.665525436401367,25.013511657714844,0.048207998275756836,1,0.9699320197105408,0.17307186126708984,-0.17110620439052582,0,-0.003829794004559517,0.7138240933418274,0.7003148794174194,0,0.24334506690502167,-0.678602933883667,0.6930230855941772,0,0,22.733402252197266,0,1,0.5385741591453552,-0.8425598740577698,-0.005583999212831259,0,0.8425778746604919,0.5385621786117554,0.0036009992472827435,0,-0.000025998439014074393,-0.0066439989022910595,0.9999780058860779,0,0,53.26276779174805,0,1,0.6678570508956909,0.2817879915237427,0.6888849139213562,0,-0.007182948756963015,0.9279569983482361,-0.37261706590652466,0,-0.7442549467086792,0.24390709400177002,0.621766984462738,0,0,48.94882583618164,0,1,0.7369070053100586,-0.6758450269699097,-0.01422599982470274,0,0.6272249817848206,0.6757429838180542,0.3872469961643219,0,-0.2521060109138489,-0.2942880094051361,0.9218659996986389,0,8.01883316040039,6.1007280349731445,0.000007000000096013537,1,0.9996230006217957,-0.018988000229001045,-0.01981399953365326,0,0.01822200044989586,0.9991049766540527,-0.03817500174045563,0,0.020521000027656555,0.03779999911785126,0.9990749955177307,0,1.13714599609375,7.979971885681152,0,1,0.9253829717636108,-0.37821000814437866,-0.024961000308394432,0,0.3781520128250122,0.925715982913971,-0.007160999812185764,0,0.025815000757575035,-0.002812999999150634,0.9996629953384399,0,1.0223289728164673,9.384204864501953,0,1,0.9471359848976135,-0.2715429961681366,0.17087200284004211,0,0.25436800718307495,0.9601420164108276,0.1158669963479042,0,-0.19552400708198547,-0.06627699732780457,0.978456974029541,0,0,12.017215728759766,0.170973002910614,1,0.9989479780197144,0.045864999294281006,0.00018400000408291817,0,-0.04575899988412857,0.9963600039482117,0.07191900163888931,0,0.003114999970421195,-0.07185199856758118,0.997409999370575,0,-0.2789439857006073,14.738595008850098,0,1,0.9992290139198303,-0.0391790010035038,0.002672000089660287,0,0.0391790010035038,0.9992319941520691,0.00002300000051036477,0,-0.0026710000820457935,0.00008199999865610152,0.9999960064888,0,0.3595370054244995,11.803382873535156,0,1,-0.9634160399436951,-0.24194495379924774,-0.1152944564819336,0,0.18401014804840088,-0.9098939299583435,0.371798038482666,0,-0.19486048817634583,0.3369801342487335,0.9211260676383972,0,16.968603134155273,-10.665969848632812,0.6005799770355225,1,0.9960020184516907,-0.08229701220989227,0.03473896533250809,0,0.08836499601602554,0.8507310748100281,-0.5181199312210083,0,0.013086029328405857,0.5191179513931274,0.854602038860321,0,0,64.08012390136719,0,1,0.9467281103134155,-0.2240137755870819,0.23135261237621307,0,-0.0816897600889206,0.5278560519218445,0.8453959822654724,0,-0.3115016222000122,-0.819258987903595,0.48143619298934937,0,0,55.26921844482422,0,1,0.9918869733810425,0.00015200140478555113,-0.12712104618549347,0,0.08323900401592255,0.7550221085548401,0.6503947973251343,0,0.0960780531167984,-0.6556999087333679,0.7488841414451599,0,0,36.5555305480957,0,1,-0.9030410051345825,0.2926229238510132,-0.3144649863243103,0,-0.3742968440055847,-0.8952261209487915,0.24181079864501953,0,-0.21075712144374847,0.3360687494277954,0.9179540872573853,0,-16.968603134155273,-10.665969848632812,0.47241300344467163,1,0.9953010082244873,0.08488401770591736,-0.046596959233284,0,-0.0907440036535263,0.6496884226799011,-0.7547656297683716,0,-0.033793989568948746,0.7554466128349304,0.6543374061584473,0,0,64.0646743774414,0,1,0.9280469417572021,0.24956893920898438,-0.2764851748943329,0,0.20621618628501892,0.27387598156929016,0.9393969178199768,0,0.31016597151756287,-0.9288210272789001,0.20270492136478424,0,0,55.258724212646484,0,1,0.9920089840888977,-0.006875908933579922,0.12598296999931335,0,-0.07692701369524002,0.7584853172302246,0.6471336483955383,0,-0.10000596195459366,-0.6516536474227905,0.7518953084945679,0,0,36.844871520996094,0,1
