2.000,30,60,41
B0,mixamorig_Hips,-1,0.9115341901779175,0.08569059520959854,0.4021608829498291,0,-0.14602677524089813,0.9817363619804382,0.12180719524621964,0,-0.3843998908996582,-0.16977089643478394,0.9074172973632812,0,-3.5785224437713623,136.84268188476562,-8.146136283874512,1
B1,mixamorig_Spine,0,0.994174599647522,0.10651371628046036,-0.016074446961283684,0,-0.10297894477844238,0.9835509061813354,0.14833948016166687,0,0.031601905822753906,-0.14581981301307678,0.988803505897522,0,0,19.2117919921875,-0.1207680031657219,1
B2,mixamorig_Spine1,1,0.9980217814445496,0.06232226639986038,-0.007895424030721188,0,-0.06093142554163933,0.99091637134552,0.11984694749116898,0,0.015288875438272953,-0.11912867426872253,0.9927597045898438,0,0,22.4141845703125,0,1
B3,mixamorig_Spine2,2,0.9980007410049438,0.06226426362991333,-0.010539126582443714,0,-0.060560982674360275,0.9909493923187256,0.11976230889558792,0,0.017896579578518867,-0.11888490617275238,0.9927451610565186,0,0,25.616214752197266,0,1
B4,mixamorig_Neck,3,0.9966683387756348,0.05004549026489258,-0.06428981572389603,0,-0.060983821749687195,0.9815144538879395,-0.18137341737747192,0,0.05402350425720215,0.18468990921974182,0.9813108444213867,0,0,28.8182430267334,0,1
B5,mixamorig_Head,4,0.9291952252388,-0.2016771286725998,-0.30968040227890015,0,0.07210487872362137,0.9207853674888611,-0.383327454328537,0,0.36245426535606384,0.33385252952575684,0.8701463341712952,0,0,24.812225341796875,-0.20795400440692902,1
B6,mixamorig_HeadTop_End,5,1,0,0,0,0,1,0,0,0,0,1,0,0,103.31423950195312,-0.8658869862556458,1
B7,mixamorig_LeftShoulder,3,0.18050187826156616,0.047670815140008926,-0.982413113117218,0,0.8631351590156555,-0.486593633890152,0.1349744349718094,0,-0.47160011529922485,-0.8723265528678894,-0.12897764146327972,0,10.665525436401367,25.014419555664062,-0.09603600203990936,1
B8,mixamorig_LeftArm,7,0.9235215783119202,0.22301122546195984,0.31194058060646057,0,-0.3347485065460205,0.8656660914421082,0.37217050790786743,0,-0.1870553344488144,-0.44813090562820435,0.874172031879425,0,0,22.733402252197266,0,1
B9,mixamorig_LeftForeArm,8,0.1311476081609726,0.9912770986557007,0.012940987013280392,0,-0.991287112236023,0.13096602261066437,0.013987536542117596,0,0.012170754373073578,-0.014662946574389935,0.9998184442520142,0,0,53.26781463623047,0,1
B10,mixamorig_LeftHand,9,0.5899774432182312,-0.5201416611671448,-0.6173911094665527,0,0.3779655396938324,0.853774905204773,-0.35788652300834656,0,0.7132779955863953,-0.02212425507605076,0.70032799243927,0,0,48.9465217590332,0,1
B11,mixamorig_LeftHandThumb1,10,0.9183608889579773,0.37441685795783997,-0.12807272374629974,0,-0.24574951827526093,0.7932929992675781,0.5570182800292969,0,0.3101528286933899,-0.48007649183273315,0.8205640316009521,0,-7.220077991485596,5.920783996582031,-0.000007000000096013537,1
B12,mixamorig_LeftHandThumb2,11,0.9258090257644653,-0.30769240856170654,0.21953549981117249,0,0.30839282274246216,0.9507201313972473,0.03196299448609352,0,-0.21855151653289795,0.03811459615826607,0.9750792384147644,0,-0.19343799352645874,7.4673380851745605,0,1
B13,mixamorig_LeftHandThumb3,12,0.988532304763794,-0.09636145830154419,0.11626353114843369,0,0.10330033302307129,0.9931170344352722,-0.05519447848200798,0,-0.11014460027217865,0.06657300889492035,0.9916831254959106,0,-0.07535800337791443,10.211470603942871,0,1
B14,mixamorig_LeftHandThumb4,13,1,0,0,0,0,1,0,0,0,0,1,0,0.26879701018333435,8.70872688293457,0,1
B15,mixamorig_LeftHandIndex1,10,0.9988159537315369,0.04674840718507767,0.013461031019687653,0,-0.04861673712730408,0.9493018984794617,0.31055957078933716,0,0.001741188345476985,-0.3108462393283844,0.9504508972167969,0,0,11.06796646118164,0.1714390069246292,1
B16,mixamorig_LeftHandIndex2,15,0.9999982714653015,-0.0015176432207226753,-0.0004441889759618789,0,0.0015752658946439624,0.9280418753623962,0.3723849654197693,0,-0.00014641306188423187,-0.3723849654197693,0.9280434250831604,0,0.2676999866962433,15.237060546875,0,1
B17,mixamorig_LeftHandIndex3,16,0.9990602135658264,0.043346159160137177,-0.00021324976114556193,0,-0.04251880943775177,0.9809227585792542,0.18964847922325134,0,0.00843183882534504,-0.1894606053829193,0.9818441271781921,0,-0.2732299864292145,11.75461483001709,9.999999974752427e-7,1
B18,mixamorig_LeftHandIndex4,17,1,0,0,0,0,1,0,0,0,0,1,0,0.005530000198632479,9.809103012084961,0,1
B19,mixamorig_RightShoulder,3,0.38753411173820496,-0.12898488342761993,0.9127859473228455,0,-0.8237832188606262,-0.4928736388683319,0.2800981104373932,0,0.41376084089279175,-0.8604855537414551,-0.2972603440284729,0,-10.665525436401367,25.013511657714844,0.048207998275756836,1
B20,mixamorig_RightArm,19,0.5428705811500549,-0.7748725414276123,-0.32357048988342285,0,0.727196455001831,0.6264395117759705,-0.2802814841270447,0,0.42003706097602844,-0.08318447321653366,0.9036240577697754,0,0,22.733402252197266,0,1
B21,mixamorig_RightForeArm,20,0.06482740491628647,-0.9978583455085754,-0.008696874603629112,0,0.9978663325309753,0.0647554025053978,0.008340000174939632,0,-0.007758874446153641,-0.009219000115990639,0.9999269843101501,0,0,53.26276779174805,0,1
B22,mixamorig_RightHand,21,0.6125409603118896,0.3783169686794281,0.6940156817436218,0,-0.30437415838241577,0.9231213331222534,-0.23458941280841827,0,-0.7293917536735535,-0.06753446161746979,0.6806354522705078,0,0,48.94882583618164,0,1
B23,mixamorig_RightHandThumb1,22,0.8775655031204224,-0.4512222409248352,0.1620648056268692,0,0.23190025985240936,0.6953444480895996,0.6802161335945129,0,-0.4196137487888336,-0.559364914894104,0.7148519158363342,0,8.01883316040039,6.1007280349731445,0.000007000000096013537,1
B24,mixamorig_RightHandThumb2,23,0.832534670829773,0.5416554808616638,-0.11610931903123856,0,-0.5343409180641174,0.8404974937438965,0.08960356563329697,0,0.14612969756126404,-0.012556212954223156,0.9891857504844666,0,1.13714599609375,7.979971885681152,0,1
B25,mixamorig_RightHandThumb3,24,0.9845580458641052,-0.15628448128700256,-0.07885291427373886,0,0.15089945495128632,0.9860519170761108,-0.07019796967506409,0,0.08872483670711517,0.05721508711576462,0.9944113492965698,0,1.0223289728164673,9.384204864501953,0,1
B26,mixamorig_RightHandThumb4,25,1,0,0,0,0,1,0,0,0,0,1,0,-2.159475088119507,7.527187824249268,0,1
B27,mixamorig_RightHandIndex1,22,0.9981449842453003,-0.0570104643702507,-0.021339554339647293,0,0.06018325686454773,0.8715815544128418,0.48637649416923523,0,-0.009143118746578693,-0.48675841093063354,0.8733972907066345,0,0,12.017215728759766,0.170973002910614,1
B28,mixamorig_RightHandIndex2,27,0.9994298815727234,0.03365073725581169,0.0024166065268218517,0,-0.033534254878759384,0.9828627705574036,0.18089529871940613,0,0.0037009213119745255,-0.18087376654148102,0.9834322333335876,0,-0.2789439857006073,14.738595008850098,0,1
B29,mixamorig_RightHandIndex3,28,0.9988926649093628,-0.04701419547200203,0.0015183420618996024,0,0.04668102413415909,0.9947525262832642,0.09085483103990555,0,-0.005784720182418823,-0.0906837210059166,0.9958463907241821,0,0.3595370054244995,11.803382873535156,0,1
B30,mixamorig_RightHandIndex4,29,1,0,0,0,0,1,0,0,0,0,1,0,-0.08059299737215042,9.220705032348633,0,1
B31,mixamorig_LeftUpLeg,0,-0.9336384534835815,-0.18963748216629028,0.30390217900276184,0,0.3452659547328949,-0.7023932337760925,0.6224117875099182,0,0.09542328119277954,0.6860339045524597,0.7212579250335693,0,16.968603134155273,-10.665969848632812,0.6005799770355225,1
B32,mixamorig_LeftLeg,31,0.9963196516036987,-0.06516990810632706,-0.055620115250349045,0,0.013068144209682941,0.7573063373565674,-0.6528741717338562,0,0.08467657119035721,0.6497424244880676,0.7553720474243164,0,0,64.08012390136719,0,1
B33,mixamorig_LeftFoot,32,0.9298669695854187,-0.2862093448638916,0.2311481386423111,0,-0.015452331863343716,0.5973308682441711,0.801823079586029,0,-0.3675595819950104,-0.7491608262062073,0.5510160326957703,0,0,55.26921844482422,0,1
B34,mixamorig_LeftToeBase,33,0.9911059737205505,0,-0.13307499885559082,0,0.08389099687337875,0.7762690186500549,0.6247955560684204,0,0.103302001953125,-0.6304020285606384,0.7693644165992737,0,0,36.5555305480957,9.999999974752427e-7,1
B35,mixamorig_LeftToe_End,34,1,0,0,0,0,1,0,0,0,0,1,0,0,13.579986572265625,0,1
B36,mixamorig_RightUpLeg,0,-0.9275321960449219,0.26906636357307434,-0.2593613266944885,0,-0.3737000823020935,-0.6686906814575195,0.6427869200706482,0,-0.0004855301813222468,0.6931403279304504,0.7207785248756409,0,-16.968603134155273,-10.665969848632812,0.47241300344467163,1
B37,mixamorig_RightLeg,36,0.9937130808830261,0.017655814066529274,0.11053110659122467,0,0.08895599842071533,0.4744494557380676,-0.8757292628288269,0,-0.06789784878492355,0.880055844783783,0.4698978364467621,0,0,64.0646743774414,0,1
B38,mixamorig_RightFoot,37,0.949734628200531,0.2543337643146515,-0.18252116441726685,0,0.11505402624607086,0.2586025893688202,0.9590926170349121,0,0.2911281883716583,-0.9318830370903015,0.21634258329868317,0,0,55.258724212646484,-9.999999974752427e-7,1
B39,mixamorig_RightToeBase,38,0.9916423559188843,0.00001705300746834837,0.12901614606380463,0,-0.08104544878005981,0.7781494855880737,0.6228281259536743,0,-0.10038314014673233,-0.6280792355537415,0.7716473937034607,0,0,36.844871520996094,-9.999999974752427e-7,1
B40,mixamorig_RightToe_End,39,1,0,0,0,0,1,0,0,0,0,1,0,0,13.579154014587402,0,1
@34,0,1,2,3,4,5,7,8,9,10,11,12,13,15,16,17,19,20,21,22,23,24,25,27,28,29,31,32,33,34,36,37,38,39
K0.000,0.9323989748954773,-0.04807500168681145,0.3582189977169037,0,-0.03229999914765358,0.9760649800300598,0.21506600081920624,0,-0.35998499393463135,-0.21209700405597687,0.9085289835929871,0,0.7655540108680725,139.0536651611328,-1.1421899795532227,1,0.9995409846305847,-0.02572700008749962,-0.016022000461816788,0,0.028099000453948975,0.984749972820282,0.1716890037059784,0,0.011361000128090382,-0.17205999791622162,0.9850209951400757,0,0,19.2117919921875,-0.1207680031657219,1,0.9996330142021179,-0.025086000561714172,-0.010212000459432602,0,0.026193000376224518,0.991320013999939,0.1288360059261322,0,0.006891999859362841,-0.12905600666999817,0.99161297082901,0,0,22.4141845703125,0,1,0.9996060132980347,-0.025414999574422836,-0.011897999793291092,0,0.026736000552773476,0.9913349747657776,0.12860900163650513,0,0.008526000194251537,-0.12887699902057648,0.9916239976882935,0,0,25.616214752197266,0,1,0.9982870221138,-0.03636400029063225,-0.045843999832868576,0,0.028988000005483627,0.9878960251808167,-0.1523829996585846,0,0.05082999914884567,0.15079300105571747,0.9872580170631409,0,0,28.8182430267334,0,1,0.978039026260376,-0.06113100051879883,-0.19925500452518463,0,-0.0022279999684542418,0.9528980255126953,-0.3032830059528351,0,0.20840999484062195,0.29706600308418274,0.9318349957466125,0,0,24.812225341796875,-0.20795400440692902,1,0.1336430013179779,0.030841000378131866,-0.9905490279197693,0,0.8729889988899231,-0.47675299644470215,0.10293900221586227,0,-0.46907299757003784,-0.878495991230011,-0.09063799679279327,0,10.665525436401367,25.014419555664062,-0.09603600203990936,1,0.9258750081062317,0.2251950055360794,0.30338698625564575,0,-0.3504430055618286,0.8119829893112183,0.4667690098285675,0,-0.1412310004234314,-0.5384889841079712,0.8307120203971863,0,0,22.733402252197266,0,1,-0.016933999955654144,0.9997439980506897,0.015030000358819962,0,-0.9997529983520508,-0.017146000638604164,0.014107000082731247,0,0.014360999688506126,-0.014787999913096428,0.9997879862785339,0,0,53.26781463623047,0,1,0.6210629940032959,-0.35708099603652954,-0.697691023349762,0,0.14014700055122375,0.9264339804649353,-0.3493979871273041,0,0.7711290121078491,0.11921899765729904,0.6254180073738098,0,0,48.9465217590332,0,1,0.9169650077819824,0.3781540095806122,-0.1271820068359375,0,-0.2497359961271286,0.792635977268219,0.5562009811401367,0,0.31113898754119873,-0.4782550036907196,0.821258008480072,0,-7.220077991485596,5.920783996582031,-0.000007000000096013537,1,0.9291830062866211,-0.3018769919872284,0.2132830023765564,0,0.3022550046443939,0.952701985836029,0.031640999019145966,0,-0.21274599432945251,0.03506600111722946,0.9764779806137085,0,-0.19343799352645874,7.4673380851745605,0,1,0.9892209768295288,-0.09309700131416321,0.11302699893712997,0,0.09976699948310852,0.9934980273246765,-0.05484699830412865,0,-0.10718599706888199,0.06553199887275696,0.9920769929885864,0,-0.07535800337791443,10.211470603942871,0,1,0.9987639784812927,0.04770699888467789,0.013975000008940697,0,-0.049667999148368835,0.9459360241889954,0.32052698731422424,0,0.0020719999447464943,-0.3208250105381012,0.9471359848976135,0,0,11.06796646118164,0.1714390069246292,1,0.9999989867210388,-0.0012779999524354935,-0.00041000000783242285,0,0.0013389999512583017,0.927200973033905,0.37456101179122925,0,-0.00009899999713525176,-0.37456199526786804,0.9272019863128662,0,0.2676999866962433,15.237060546875,0,1,0.999055027961731,0.04346400126814842,-0.00019099999917671084,0,-0.04262999817728996,0.9807040095329285,0.19079500436782837,0,0.00848000030964613,-0.1906059980392456,0.9816300272941589,0,-0.2732299864292145,11.75461483001709,0,1,0.33370301127433777,-0.11152499914169312,0.936057984828949,0,-0.8364160060882568,-0.49302801489830017,0.23943999409675598,0,0.4347989857196808,-0.8628360033035278,-0.2578060030937195,0,-10.665525436401367,25.013511657714844,0.048207998275756836,1,0.8274999856948853,-0.5034250020980835,-0.2486100047826767,0,0.5555049777030945,0.7984300255775452,0.23221400380134583,0,0.08159500360488892,-0.3302620053291321,0.9403560161590576,0,0,22.733402252197266,0,1,-0.04746200144290924,-0.9988269805908203,-0.009634999558329582,0,0.9988340139389038,-0.0475430004298687,0.00834800023585558,0,-0.00879599992185831,-0.009228000417351723,0.9999189972877502,0,0,53.26276779174805,0,1,0.6800550222396851,0.37748199701309204,0.6285160183906555,0,-0.05560800060629845,0.8813560009002686,-0.4691680073738098,0,-0.7310490012168884,0.28411000967025757,0.6203619837760925,0,0,48.94882583618164,0,1,0.8777589797973633,-0.45185500383377075,0.15926699340343475,0,0.2353139966726303,0.6961669921875,0.6782169938087463,0,-0.4173330068588257,-0.5578340291976929,0.717395007610321,0,8.01883316040039,6.1007280349731445,0.000007000000096013537,1,0.8341060280799866,0.5390909910202026,-0.11682499945163727,0,-0.5318809747695923,0.8421639800071716,0.08866900205612183,0,0.1461859941482544,-0.01182200014591217,0.9891859889030457,0,1.13714599609375,7.979971885681152,0,1,0.9843230247497559,-0.1577640026807785,-0.0788630023598671,0,0.1523279994726181,0.985791027545929,-0.07079199701547623,0,0.08891099691390991,0.05766899883747101,0.9943689703941345,0,1.0223289728164673,9.384204864501953,0,1,0.9979239702224731,-0.05979999899864197,-0.02391899935901165,0,0.06345999985933304,0.8495330214500427,0.523705005645752,0,-0.010997000150382519,-0.5241360068321228,0.8515639901161194,0,0,12.017215728759766,0.170973002910614,1,0.9995589852333069,0.02952600084245205,0.0030139998998492956,0,-0.029441000893712044,0.9735530018806458,0.22655799984931946,0,0.003754999954253435,-0.2265470027923584,0.9739930033683777,0,-0.2789439857006073,14.738595008850098,0,1,0.9987980127334595,-0.0490030013024807,0.0011099999537691474,0,0.04855699837207794,0.9922869801521301,0.11405199766159058,0,-0.006690000183880329,-0.11386100202798843,0.993474006652832,0,0.3595370054244995,11.803382873535156,0,1,-0.9163140058517456,-0.2440280020236969,0.31752100586891174,0,0.39939001202583313,-0.6148390173912048,0.6800450086593628,0,0.029273999854922295,0.7499489784240723,0.6608480215072632,0,16.968603134155273,-10.665969848632812,0.6005799770355225,1,0.9910339713096619,-0.08860799670219421,-0.10000099986791611,0,-0.013744999654591084,0.6768689751625061,-0.7359750270843506,0,0.13290099799633026,0.7307509779930115,0.6695820093154907,0,0,64.08012390136719,0,1,0.9387540221214294,-0.2637780010700226,0.22172600030899048,0,-0.05182899907231331,0.5280470252037048,0.8476319909095764,0,-0.34066900610923767,-0.8072090148925781,0.4820350110530853,0,0,55.26921844482422,0,1,0.9914489984512329,-0.00005900000178371556,-0.1304910033941269,0,0.08350399881601334,0.7687259912490845,0.6341040134429932,0,0.10027500241994858,-0.6395779848098755,0.7621579766273499,0,0,36.5555305480957,0,1,-0.9373329877853394,0.2003760039806366,-0.285055011510849,0,-0.33098700642585754,-0.7676810026168823,0.5487390160560608,0,-0.10887700319290161,0.6086999773979187,0.785893976688385,0,-16.968603134155273,-10.665969848632812,0.47241300344467163,1,0.9964230060577393,0.02751700021326542,0.0798960030078888,0,0.04311100021004677,0.6476579904556274,-0.7607110142707825,0,-0.07267799973487854,0.761434018611908,0.6441550254821777,0,0,64.0646743774414,0,1,0.9374610185623169,0.29540300369262695,-0.18413099646568298,0,0.07875899970531464,0.33525198698043823,0.9388309717178345,0,0.33906400203704834,-0.8946189880371094,0.291020005941391,0,0,55.258724212646484,0,1,0.9915469884872437,0,0.12974700331687927,0,-0.08115000277757645,0.780269980430603,0.6201549768447876,0,-0.10123699903488159,-0.6254420280456543,0.7736750245094299,0,0,36.844871520996094,0,1
K0.033,0.9316329956054688,-0.052058037370443344,0.359652042388916,0,-0.025737937539815903,0.9777489900588989,0.20819492638111115,0,-0.3624870181083679,-0.20321790874004364,0.9095630049705505,0,0.6417124271392822,139.2125244140625,-1.2702656984329224,1,0.9995399713516235,-0.02609599195420742,-0.015436986461281776,0,0.028371991589665413,0.9845759868621826,0.1726440042257309,0,0.010692987591028214,-0.17300200462341309,0.9848629832267761,0,0,19.2117919921875,-0.1207680031657219,1,0.9996399879455566,-0.02493499033153057,-0.00988199096173048,0,0.026000991463661194,0.9913280010223389,0.1288129836320877,0,0.006583992391824722,-0.1290229856967926,0.9916200041770935,0,0,22.4141845703125,0,1,0.9996150135993958,-0.02526598982512951,-0.011491990648210049,0,0.02653498947620392,0.9913420081138611,0.12859497964382172,0,0.00814399216324091,-0.12884998321533203,0.9916309714317322,0,0,25.616214752197266,0,1,0.998403012752533,-0.033175963908433914,-0.04572699964046478,0,0.025740962475538254,0.987650990486145,-0.15453897416591644,0,0.05028899386525154,0.15311597287654877,0.9869279861450195,0,0,28.8182430267334,0,1,0.9775030016899109,-0.06694604456424713,-0.20001502335071564,0,0.004879064857959747,0.9552150368690491,-0.2958708703517914,0,0.21086503565311432,0.28823885321617126,0.9340530633926392,0,0,24.812225341796875,-0.20795400440692902,1,0.13554701209068298,0.032063014805316925,-0.9902520179748535,0,0.8723059892654419,-0.47778698801994324,0.10393200814723969,0,-0.4697979986667633,-0.8778899908065796,-0.09273102134466171,0,10.665525436401367,25.014419555664062,-0.09603600203990936,1,0.9340500831604004,0.21253792941570282,0.28701674938201904,0,-0.33319881558418274,0.8078959584236145,0.48608919978141785,0,-0.12856678664684296,-0.549665093421936,0.8254319429397583,0,0,22.733402252197266,0,1,-0.03437114506959915,0.9992920160293579,0.01527700200676918,0,-0.9993020296096802,-0.03458714485168457,0.014100999571383,0,0.014619002118706703,-0.014781000092625618,0.999783992767334,0,0,53.26781463623047,0,1,0.6128289103507996,-0.364824116230011,-0.7009600400924683,0,0.15629921853542328,0.9254849553108215,-0.3450339734554291,0,0.774604082107544,0.10188678652048111,0.6241850256919861,0,0,48.9465217590332,0,1,0.9182940125465393,0.3746289312839508,-0.12801802158355713,0,-0.24597594141960144,0.7932680249214172,0.5569750070571899,0,0.3102109730243683,-0.4799780249595642,0.8206040263175964,0,-7.220077991485596,5.920783996582031,-0.000007000000096013537,1,0.9284129738807678,-0.30322203040122986,0.21472303569316864,0,0.30367302894592285,0.9522479772567749,0.0317079983651638,0,-0.21408402919769287,0.03576701134443283,0.9761599898338318,0,-0.19343799352645874,7.4673380851745605,0,1,0.9890639781951904,-0.0938510149717331,0.11377201229333878,0,0.10058101266622543,0.9934110045433044,-0.05492899939417839,0,-0.1078680157661438,0.06577200442552567,0.9919869899749756,0,-0.07535800337791443,10.211470603942871,0,1,0.9987540245056152,0.04787300527095795,0.014065002091228962,0,-0.04985100403428078,0.9453380107879639,0.3222600221633911,0,0.002131001092493534,-0.32255902886390686,0.9465469717979431,0,0,11.06796646118164,0.1714390069246292,1,1,-0.0007019881741143763,-0.0003159979823976755,0,0.0007689883350394666,0.9250759482383728,0.3797811269760132,0,0.000026002671802416444,-0.3797811269760132,0.925076961517334,0,0.2676999866962433,15.237060546875,0,1,0.9990429878234863,0.04375000670552254,-0.00013399879389908165,0,-0.042896002531051636,0.9801499843597412,0.19356006383895874,0,0.008599002845585346,-0.193369060754776,0.9810879826545715,0,-0.2732299864292145,11.75461483001709,0,1,0.33475303649902344,-0.11257702112197876,0.9355570077896118,0,-0.8360310196876526,-0.49352800846099854,0.23975402116775513,0,0.43473300337791443,-0.8624129891395569,-0.25932803750038147,0,-10.665525436401367,25.013511657714844,0.048207998275756836,1,0.8456741571426392,-0.4809187352657318,-0.23141279816627502,0,0.530044674873352,0.8074761033058167,0.25891128182411194,0,0.062344811856746674,-0.3416130840778351,0.9377710223197937,0,0,22.733402252197266,0,1,-0.07196225225925446,-0.9973589777946472,-0.009840002283453941,0,0.9973670244216919,-0.07204525172710419,0.008336000144481659,0,-0.009023001417517662,-0.009213999845087528,0.9999169707298279,0,0,53.26276779174805,0,1,0.6671769022941589,0.36134180426597595,0.6513892412185669,0,-0.05586596205830574,0.8962751030921936,-0.43996670842170715,0,-0.7428021430969238,0.2571447491645813,0.6181600093841553,0,0,48.94882583618164,0,1,0.877547025680542,-0.45111098885536194,0.16251206398010254,0,0.23134993016719818,0.6952139735221863,0.6805550456047058,0,-0.4199860692024231,-0.559622049331665,0.7144469618797302,0,8.01883316040039,6.1007280349731445,0.000007000000096013537,1,0.832275927066803,0.5420920848846436,-0.11599098145961761,0,-0.5347580313682556,0.8402239680290222,0.08976602554321289,0,0.14611999690532684,-0.012683018110692501,0.9891859889030457,0,1.13714599609375,7.979971885681152,0,1,0.9845989942550659,-0.15603497624397278,-0.07885199785232544,0,0.1506589651107788,0.986096978187561,-0.07009798288345337,0,0.08869299292564392,0.057138990610837936,0.9944189786911011,0,1.0223289728164673,9.384204864501953,0,1,0.9979029893875122,-0.06005100533366203,-0.024163005873560905,0,0.0637580081820488,0.8474119305610657,0.5270940661430359,0,-0.011176004074513912,-0.5275300741195679,0.8494629263877869,0,0,12.017215728759766,0.170973002910614,1,0.9995689988136292,0.029180992394685745,0.0030540006700903177,0,-0.029099993407726288,0.9726759791374207,0.23033706843852997,0,0.003750999690964818,-0.2303270697593689,0.9731060266494751,0,-0.2789439857006073,14.738595008850098,0,1,0.9987900257110596,-0.04916800558567047,0.0010729993227869272,0,0.048712003976106644,0.9920560121536255,0.11598003655672073,0,-0.00676700146868825,-0.11578703671693802,0.9932510256767273,0,0.3595370054244995,11.803382873535156,0,1,-0.91348797082901,-0.24841605126857758,0.32222604751586914,0,0.40546905994415283,-0.621410071849823,0.6704068779945374,0,0.0336950458586216,0.7430609464645386,0.6683750748634338,0,16.968603134155273,-10.665969848632812,0.6005799770355225,1,0.9902979731559753,-0.09062202274799347,-0.10534104704856873,0,-0.015492013655602932,0.6813540458679199,-0.7317900061607361,0,0.138091042637825,0.7263219356536865,0.6733400225639343,0,0,64.08012390136719,0,1,0.9387080073356628,-0.2636609971523285,0.2220579981803894,0,-0.05205400288105011,0.5283740162849426,0.8474149703979492,0,-0.3407599925994873,-0.8070340156555176,0.4822640120983124,0,0,55.26921844482422,0,1,0.9913780093193054,-0.000043999858462484553,-0.1310340017080307,0,0.08358799666166306,0.7703210115432739,0.6321539878845215,0,0.10091100633144379,-0.6376559734344482,0.763683021068573,0,0,36.5555305480957,0,1,-0.9388110041618347,0.19724597036838531,-0.2823609709739685,0,-0.32548895478248596,-0.77618408203125,0.5399959683418274,0,-0.11265203356742859,0.5988599061965942,0.7928910851478577,0,-16.968603134155273,-10.665969848632812,0.47241300344467163,1,0.996487021446228,0.027432003989815712,0.0791269987821579,0,0.04212799295783043,0.6523950695991516,-0.756706953048706,0,-0.07238000631332397,0.7573819160461426,0.648948073387146,0,0,64.0646743774414,0,1,0.9381309747695923,0.2927989661693573,-0.18487399816513062,0,0.07998600602149963,0.3362180292606354,0.9383820295333862,0,0.336914986371994,-0.8951119780540466,0.291996031999588,0,0,55.258724212646484,0,1,0.9915480017662048,0,0.1297380030155182,0,-0.08114899694919586,0.7802469730377197,0.6201859712600708,0,-0.10122700035572052,-0.6254720091819763,0.7736520171165466,0,0,36.844871520996094,0,1
K0.067,0.9306120276451111,-0.055825963616371155,0.36172497272491455,0,-0.019483061507344246,0.979341983795166,0.20126807689666748,0,-0.3654889762401581,-0.19435009360313416,0.9103000164031982,0,0.5816525816917419,139.35504150390625,-1.345831274986267,1,0.9995779991149902,-0.0254330076277256,-0.014035013504326344,0,0.027472009882330894,0.9846640229225159,0.17228199541568756,0,0.009438011795282364,-0.17259499430656433,0.9849479794502258,0,0,19.2117919921875,-0.1207680031657219,1,0.9996709823608398,-0.024034008383750916,-0.008986009284853935,0,0.024987008422613144,0.9914569854736328,0.1280200183391571,0,0.005833007395267487,-0.12820202112197876,0.9917309880256653,0,0,22.4141845703125,0,1,0.9996470212936401,-0.024351010099053383,-0.010598009452223778,0,0.025507008656859398,0.9914690256118774,0.12782101333141327,0,0.007395007647573948,-0.12804602086544037,0.9917410016059875,0,0,25.616214752197266,0,1,0.9985250234603882,-0.029285039752721786,-0.04572900012135506,0,0.022034037858247757,0.988178014755249,-0.15171703696250916,0,0.049632009118795395,0.1504860371351242,0.9873660206794739,0,0,28.8182430267334,0,1,0.9766470193862915,-0.07143795490264893,-0.2026279717683792,0,0.011346935294568539,0.95893794298172,-0.2833901047706604,0,0.21455197036266327,0.2744731605052948,0.9373539686203003,0,0,24.812225341796875,-0.20795400440692902,1,0.13731898367404938,0.03352498635649681,-0.9899590015411377,0,0.8715149760246277,-0.47906801104545593,0.10466599464416504,0,-0.47074899077415466,-0.8771370053291321,-0.09500297904014587,0,10.665525436401367,25.014419555664062,-0.09603600203990936,1,0.942453920841217,0.20558907091617584,0.2636542320251465,0,-0.31653016805648804,0.8025870323181152,0.5056308507919312,0,-0.10765320807695389,-0.5599879026412964,0.8214770555496216,0,0,22.733402252197266,0,1,-0.04907385632395744,0.9986749887466431,0.015483997762203217,0,-0.9986850023269653,-0.049292854964733124,0.01409200020134449,0,0.01483599841594696,-0.014771999791264534,0.9997810125350952,0,0,53.26781463623047,0,1,0.6007681488990784,-0.37782588601112366,-0.7045029401779175,0,0.1783657819032669,0.9224010705947876,-0.342583030462265,0,0.7792709469795227,0.0801532194018364,0.6215400099754333,0,0,48.9465217590332,0,1,0.9205610156059265,0.3685150742530823,-0.12947998940944672,0,-0.23945406079292297,0.7943260073661804,0.5583080053329468,0,0.3085940182209015,-0.48295196890830994,0.8194680213928223,0,-7.220077991485596,5.920783996582031,-0.000007000000096013537,1,0.9270229935646057,-0.30562496185302734,0.21730296313762665,0,0.3062089681625366,0.9514319896697998,0.03183799982070923,0,-0.21647997200489044,0.03702498972415924,0.9755849838256836,0,-0.19343799352645874,7.4673380851745605,0,1,0.9887809753417969,-0.09519798308610916,0.11510798335075378,0,0.10203998535871506,0.9932550191879272,-0.055073000490665436,0,-0.10908898711204529,0.06620099395513535,0.9918249845504761,0,-0.07535800337791443,10.211470603942871,0,1,0.9987360239028931,0.04820699617266655,0.014247998595237732,0,-0.05021899566054344,0.9441239833831787,0.3257419764995575,0,0.0022509987466037273,-0.3260449767112732,0.9453510046005249,0,0,11.06796646118164,0.1714390069246292,1,1,0.00047998822992667556,-0.00011500200344016775,0,-0.00039698841283097863,0.9206230640411377,0.3904518783092499,0,0.0002929973416030407,-0.3904518783092499,0.9206230640411377,0,0.2676999866962433,15.237060546875,0,1,0.9990170001983643,0.044332992285490036,-0.000013001202205487061,0,-0.04344199597835541,0.9789890050888062,0.19922994077205658,0,0.008845997042953968,-0.1990329474210739,0.9799529910087585,0,-0.2732299864292145,11.75461483001709,0,1,0.33816996216773987,-0.1145239770412445,0.9340909719467163,0,-0.8350030183792114,-0.4943229854106903,0.2416909784078598,0,0.43406298756599426,-0.8617010116577148,-0.2627929747104645,0,-10.665525436401367,25.013511657714844,0.048207998275756836,1,0.8661728501319885,-0.4532422721385956,-0.21051420271396637,0,0.4978763163089752,0.8190279006958008,0.28515273332595825,0,0.04317418858408928,-0.35180190205574036,0.9350780248641968,0,0,22.733402252197266,0,1,-0.09692375361919403,-0.9952409863471985,-0.010047998279333115,0,0.9952489733695984,-0.09700875729322433,0.008317999541759491,0,-0.009253998287022114,-0.00919399969279766,0.9999150037765503,0,0,53.26276779174805,0,1,0.6573591232299805,0.34005120396614075,0.6724907755851746,0,-0.05217303708195686,0.9107939004898071,-0.40955230593681335,0,-0.751768946647644,0.23413722217082977,0.6164600253105164,0,0,48.94882583618164,0,1,0.8770830035209656,-0.4497379958629608,0.16870294511318207,0,0.22380606830120087,0.6933919787406921,0.6849229335784912,0,-0.4250129461288452,-0.5629769563674927,0.7088160514831543,0,8.01883316040039,6.1007280349731445,0.000007000000096013537,1,0.8285090327262878,0.5481899380683899,-0.11428001523017883,0,-0.5406109690666199,0.8362290859222412,0.09197897464036942,0,0.14598700404167175,-0.014423982240259647,0.9891809821128845,0,1.13714599609375,7.979971885681152,0,1,0.9851539731025696,-0.15250703692436218,-0.07882300019264221,0,0.14725202322006226,0.9867110252380371,-0.06868601590394974,0,0.0882510095834732,0.056059010326862335,0.9945200085639954,0,1.0223289728164673,9.384204864501953,0,1,0.9978600144386292,-0.060551997274160385,-0.02465699426829815,0,0.06435399502515793,0.8431100845336914,0.5338769555091858,0,-0.011538996361196041,-0.5343219637870789,0.8452020883560181,0,0,12.017215728759766,0.170973002910614,1,0.9995890259742737,0.028494007885456085,0.003130999393761158,0,-0.02842000685632229,0.9708830118179321,0.2378639280796051,0,0.003738000290468335,-0.23785492777824402,0.9712929725646973,0,-0.2789439857006073,14.738595008850098,0,1,0.998773992061615,-0.04949699714779854,0.0010000007459893823,0,0.04902099445462227,0.9915840029716492,0.11982396245002747,0,-0.0069229984655976295,-0.11962796002626419,0.9927949905395508,0,0.3595370054244995,11.803382873535156,0,1,-0.9107549786567688,-0.2525489628314972,0.3267189562320709,0,0.4111839532852173,-0.627661943435669,0.6610351204872131,0,0.03812495619058609,0.7363820672035217,0.6754909157752991,0,16.968603134155273,-10.665969848632812,0.6005799770355225,1,0.9896309971809387,-0.09253497421741486,-0.10985595732927322,0,-0.016918985173106194,0.6844029426574707,-0.7289069890975952,0,0.14263595640659332,0.7232080698013306,0.6757410168647766,0,0,64.08012390136719,0,1,0.938742995262146,-0.2633959949016571,0.22222599387168884,0,-0.05251999571919441,0.5279690027236938,0.8476380109786987,0,-0.34059301018714905,-0.8073850274085999,0.48179399967193604,0,0,55.26921844482422,0,1,0.9913079738616943,-0.000030000137485330924,-0.13156099617481232,0,0.08366800099611282,0.7718639969825745,0.6302580237388611,0,0.10152798891067505,-0.6357880234718323,0.7651579976081848,0,0,36.5555305480957,0,1,-0.939985990524292,0.19473202526569366,-0.28018903732299805,0,-0.3207830488681793,-0.7842079401016235,0.5311460494995117,0,-0.1162959635257721,0.5891491174697876,0.7996109127998352,0,-16.968603134155273,-10.665969848632812,0.47241300344467163,1,0.9964579939842224,0.02783699706196785,0.07935299724340439,0,0.041561007499694824,0.6573079228401184,-0.7524750828742981,0,-0.07310599088668823,0.7531080842018127,0.6538229584693909,0,0,64.0646743774414,0,1,0.9385979771614075,0.2908490300178528,-0.18558000028133392,0,0.08072399348020554,0.337831974029541,0.9377380013465881,0,0.33543500304222107,-0.8951399922370911,0.29360997676849365,0,0,55.258724212646484,0,1,0.9915480017662048,0,0.12973900139331818,0,-0.08114799857139587,0.7802479863166809,0.6201840043067932,0,-0.10122799873352051,-0.6254709959030151,0.773652970790863,0,0,36.844871520996094,0,1
K0.100,0.9291300177574158,-0.05919099971652031,0.36498498916625977,0,-0.013856000266969204,0.9808369874954224,0.19433799386024475,0,-0.3694939911365509,-0.18562300503253937,0.9105049967765808,0,0.6403509974479675,139.46646118164062,-1.3255800008773804,1,0.9996510148048401,-0.023819999769330025,-0.011433999985456467,0,0.02542700059711933,0.9848970174789429,0.17126299440860748,0,0.007182000204920769,-0.1714940071105957,0.9851589798927307,0,0,19.2117919921875,-0.1207680031657219,1,0.9997209906578064,-0.022487999871373177,-0.007209000177681446,0,0.023221999406814575,0.9916210174560547,0.12707699835300446,0,0.004290999844670296,-0.12720899283885956,0.9918670058250427,0,0,22.4141845703125,0,1,0.999701976776123,-0.022762000560760498,-0.008861999958753586,0,0.02370299957692623,0.9916300177574158,0.12691499292850494,0,0.005898999981582165,-0.12708699703216553,0.9918739795684814,0,0,25.616214752197266,0,1,0.9986299872398376,-0.024685999378561974,-0.04613500088453293,0,0.017511000856757164,0.9885429739952087,-0.14991900324821472,0,0.049306999891996384,0.14890600740909576,0.987621009349823,0,0,28.8182430267334,0,1,0.9751830101013184,-0.0754610002040863,-0.20814399421215057,0,0.015661999583244324,0.9612799882888794,-0.27512800693511963,0,0.2208459973335266,0.2650409936904907,0.9386060237884521,0,0,24.812225341796875,-0.20795400440692902,1,0.13947300612926483,0.03533799946308136,-0.9895949959754944,0,0.8705589771270752,-0.48061299324035645,0.10553400218486786,0,-0.47188299894332886,-0.8762199878692627,-0.09779699891805649,0,10.665525436401367,25.014419555664062,-0.09603600203990936,1,0.9498249888420105,0.20333600044250488,0.2376679927110672,0,-0.3015519976615906,0.7970770001411438,0.5231959819793701,0,-0.08305499702692032,-0.5686140060424805,0.8184009790420532,0,0,22.733402252197266,0,1,-0.06407299637794495,0.9978219866752625,0.015696000307798386,0,-0.9978320002555847,-0.06429500132799149,0.01408000010997057,0,0.015058999881148338,-0.014759999699890614,0.9997779726982117,0,0,53.26781463623047,0,1,0.5857040286064148,-0.3952159881591797,-0.7076410055160522,0,0.2048639953136444,0.9169009923934937,-0.342523992061615,0,0.7842079997062683,0.055647000670433044,0.6179980039596558,0,0,48.9465217590332,0,1,0.923334002494812,0.36083701252937317,-0.13134099543094635,0,-0.2312600016593933,0.7955859899520874,0.5599650144577026,0,0.3065490126609802,-0.48666098713874817,0.8180390000343323,0,-7.220077991485596,5.920783996582031,-0.000007000000096013537,1,0.9252240061759949,-0.30869200825691223,0.2206140011548996,0,0.3094480037689209,0.9503769874572754,0.03202199935913086,0,-0.2195509970188141,0.03864099830389023,0.9748349785804749,0,-0.19343799352645874,7.4673380851745605,0,1,0.9884120225906372,-0.09692399948835373,0.11682099848985672,0,0.10390900075435638,0.9930509924888611,-0.055254001170396805,0,-0.11065399646759033,0.06675200164318085,0.9916149973869324,0,-0.07535800337791443,10.211470603942871,0,1,0.9987099766731262,0.048666998744010925,0.014503000304102898,0,-0.050725001841783524,0.9424279928207397,0.3305400013923645,0,0.0024190000258386135,-0.3308489918708801,0.943681001663208,0,0,11.06796646118164,0.1714390069246292,1,0.9999979734420776,0.0021800000686198473,0.00020099998801015317,0,-0.002073999959975481,0.9139829874038696,0.4057469964027405,0,0.0007009999826550484,-0.4057460129261017,0.9139860272407532,0,0.2676999866962433,15.237060546875,0,1,0.9989789724349976,0.045173998922109604,0.00016599998343735933,0,-0.04422599822282791,0.977258026599884,0.20739200711250305,0,0.009205999784171581,-0.20718799531459808,0.9782580137252808,0,-0.2732299864292145,11.75461483001709,0,1,0.3438419997692108,-0.11703400313854218,0.9317060112953186,0,-0.833450973033905,-0.4951210021972656,0.245388001203537,0,0.43258899450302124,-0.8609049916267395,-0.2677850127220154,0,-10.665525436401367,25.013511657714844,0.048207998275756836,1,0.8871380090713501,-0.4212090075016022,-0.18859699368476868,0,0.4607659876346588,0.8314859867095947,0.3103649914264679,0,0.026086999103426933,-0.36223599314689636,0.9317209720611572,0,0,22.733402252197266,0,1,-0.12160199880599976,-0.9925259947776794,-0.010254999622702599,0,0.9925339818000793,-0.12168800085783005,0.008294999599456787,0,-0.009480999782681465,-0.009169000200927258,0.9999129772186279,0,0,53.26276779174805,0,1,0.6503959894180298,0.3178200125694275,0.6899099946022034,0,-0.04767100140452385,0.9235479831695557,-0.38050898909568787,0,-0.7580980062484741,0.21459299325942993,0.615822970867157,0,0,48.94882583618164,0,1,0.876350998878479,-0.4480159878730774,0.17689299583435059,0,0.2138659954071045,0.6909779906272888,0.6905140280723572,0,-0.4315899908542633,-0.5673019886016846,0.70135498046875,0,8.01883316040039,6.1007280349731445,0.000007000000096013537,1,0.8229299783706665,0.5570430159568787,-0.1117589995265007,0,-0.5491170287132263,0.8303110003471375,0.09514900296926498,0,0.145796999335289,-0.01693199947476387,0.9891700148582458,0,1.13714599609375,7.979971885681152,0,1,0.9859430193901062,-0.1473499983549118,-0.07876800000667572,0,0.1422719955444336,0.9875820279121399,-0.06663300096988678,0,0.08760800212621689,0.05449000000953674,0.9946640133857727,0,1.0223289728164673,9.384204864501953,0,1,0.9977999925613403,-0.06124800071120262,-0.025357000529766083,0,0.06518399715423584,0.8369830250740051,0.5433319807052612,0,-0.01205500029027462,-0.5437899827957153,0.8391349911689758,0,0,12.017215728759766,0.170973002910614,1,0.9996150135993958,0.027542000636458397,0.0032279998995363712,0,-0.02748199924826622,0.9683089852333069,0.2482379972934723,0,0.003711000084877014,-0.24823099374771118,0.9686939716339111,0,-0.2789439857006073,14.738595008850098,0,1,0.9987509846687317,-0.04995099827647209,0.0008970000199042261,0,0.04944700002670288,0.9909070134162903,0.12513099610805511,0,-0.0071390001103281975,-0.1249300017952919,0.992139995098114,0,0.3595370054244995,11.803382873535156,0,1,-0.9082450270652771,-0.2560870051383972,0.33092498779296875,0,0.41627201437950134,-0.6333709955215454,0.6523489952087402,0,0.04253999888896942,0.7302470207214355,0.6818580031394958,0,16.968603134155273,-10.665969848632812,0.6005799770355225,1,0.9891319870948792,-0.09435400366783142,-0.11276599764823914,0,-0.017740000039339066,0.6847519874572754,-0.7285599708557129,0,0.1459590047597885,0.7226420044898987,0.6756359934806824,0,0,64.08012390136719,0,1,0.9389209747314453,-0.26286301016807556,0.22210200130939484,0,-0.05346100032329559,0.5261480212211609,0.8487110137939453,0,-0.3399530053138733,-0.8087459802627563,0.47995901107788086,0,0,55.26921844482422,0,1,0.9912449717521667,-0.000019999999494757503,-0.13203799724578857,0,0.0837400034070015,0.7732560038566589,0.6285399794578552,0,0.10208699852228165,-0.6340939998626709,0.7664880156517029,0,0,36.5555305480957,0,1,-0.940680980682373,0.19339899718761444,-0.27877798676490784,0,-0.31752800941467285,-0.79134202003479,0.5224509835243225,0,-0.11956699937582016,0.5799790024757385,0.8058090209960938,0,-16.968603134155273,-10.665969848632812,0.47241300344467163,1,0.9962570071220398,0.02906700037419796,0.08140499889850616,0,0.04179200157523155,0.6624050140380859,-0.7479789853096008,0,-0.07566499710083008,0.7485820055007935,0.6587110161781311,0,0,64.0646743774414,0,1,0.938713014125824,0.29005399346351624,-0.18624499440193176,0,0.08057600259780884,0.3406969904899597,0.9367139935493469,0,0.33515098690986633,-0.8943120241165161,0.29644501209259033,0,0,55.258724212646484,0,1,0.9915459752082825,0,0.1297529935836792,0,-0.08115100115537643,0.7802889943122864,0.6201320290565491,0,-0.1012440025806427,-0.625419020652771,0.7736930251121521,0,0,36.844871520996094,0,1
