1.633,30,48,41
B0,mixamorig_Hips,-1,0.842732846736908,-0.05012749508023262,0.5352535843849182,0,-0.07807494699954987,0.9737134575843811,0.21387286484241486,0,-0.5318877100944519,-0.2221640944480896,0.816669225692749,0,6.007725715637207,121.6923828125,-24.728261947631836,1
B1,mixamorig_Spine,0,0.9686101078987122,-0.23456799983978271,-0.08117945492267609,0,0.24779225885868073,0.8949961066246033,0.3709093928337097,0,-0.014347163029015064,-0.3793708384037018,0.925031840801239,0,0,19.2117919921875,-0.1207680031657219,1
B2,mixamorig_Spine1,1,0.9842925667762756,-0.16475677490234375,-0.06311213970184326,0,0.17642182111740112,0.923152506351471,0.34156081080436707,0,0.001986970892176032,-0.3473333716392517,0.9377185702323914,0,0,22.4141845703125,0,1
B3,mixamorig_Spine2,2,0.9841920733451843,-0.16529379785060883,-0.06327369064092636,0,0.17698076367378235,0.9230944514274597,0.3414294123649597,0,0.001971194986253977,-0.34723368287086487,0.9377548098564148,0,0,25.616214752197266,0,1
B4,mixamorig_Neck,3,0.9987244009971619,-0.03656034171581268,-0.034122366458177567,0,0.03641872853040695,0.9993223547935486,-0.0041162604466080666,0,0.0342511311173439,0.00286465953104198,0.99937903881073,0,0,28.8182430267334,0,1
B5,mixamorig_Head,4,0.875892162322998,-0.0899088904261589,-0.4732726812362671,0,-0.2601422369480133,0.7386698126792908,-0.621844470500946,0,0.405505508184433,0.6677755117416382,0.623616635799408,0,0,24.812225341796875,-0.20795400440692902,1
B6,mixamorig_HeadTop_End,5,1,0,0,0,0,1,0,0,0,0,1,0,0,103.31423950195312,-0.8658869862556458,1
B7,mixamorig_LeftShoulder,3,0.06949925422668457,-0.006228604353964329,-0.997556209564209,0,0.9760605096817017,-0.20607970654964447,0.06928257644176483,0,-0.20600442588329315,-0.9785019755363464,-0.008260022848844528,0,10.665525436401367,25.014419555664062,-0.09603600203990936,1
B8,mixamorig_LeftArm,7,0.826337456703186,-0.13823451101779938,0.545915961265564,0,-0.08877229690551758,0.9252846240997314,0.36869484186172485,0,-0.5560927987098694,-0.35312193632125854,0.7523546814918518,0,0,22.733402252197266,0,1
B9,mixamorig_LeftForeArm,8,-0.2641017735004425,0.9643162488937378,0.01851820945739746,0,-0.9643262624740601,-0.2643657922744751,0.013607104308903217,0,0.01801735907793045,-0.01426310371607542,0.999735951423645,0,0,53.26781463623047,0,1
B10,mixamorig_LeftHand,9,0.9590917229652405,-0.2643755376338959,0.10046757012605667,0,0.24214696884155273,0.9511088728904724,0.19148266315460205,0,-0.14623808860778809,-0.15940017998218536,0.9762782454490662,0,0,48.9465217590332,0,1
B11,mixamorig_LeftHandThumb1,10,0.6750320196151733,0.7356940507888794,0.055549073964357376,0,-0.7084749937057495,0.6253599524497986,0.3270910084247589,0,0.20589999854564667,-0.26015201210975647,0.9433590173721313,0,-7.220077991485596,5.920783996582031,-0.000007000000096013537,1
B12,mixamorig_LeftHandThumb2,11,0.7473649978637695,-0.6623830199241638,0.05190899968147278,0,0.6391350030899048,0.7380790114402771,0.21620699763298035,0,-0.18152500689029694,-0.1284089982509613,0.9749670028686523,0,-0.19343799352645874,7.4673380851745605,0,1
B13,mixamorig_LeftHandThumb3,12,0.9405689835548401,-0.3177120089530945,-0.11995299905538559,0,0.2627680003643036,0.9046159982681274,-0.3355939984321594,0,0.21513399481773376,0.28412899374961853,0.9343379735946655,0,-0.07535800337791443,10.211470603942871,0,1
B14,mixamorig_LeftHandThumb4,13,1,0,0,0,0,1,0,0,0,0,1,0,0.26879701018333435,8.70872688293457,0,1
B15,mixamorig_LeftHandIndex1,10,0.9906569719314575,0.11090999841690063,0.07935500144958496,0,-0.1339779943227768,0.6828740239143372,0.7181450128555298,0,0.025459999218583107,-0.7220680117607117,0.691353976726532,0,0,11.06796646118164,0.1714390069246292,1
B16,mixamorig_LeftHandIndex2,15,0.9907690286636353,0.10009299963712692,0.09142500162124634,0,-0.09562399983406067,0.03797392547130585,0.9946929812431335,0,0.09608999639749527,-0.9942529797554016,0.04719400033354759,0,0.2676999866962433,15.237060546875,0,1
B17,mixamorig_LeftHandIndex3,16,0.9922009706497192,0.11713100224733353,0.0426269993185997,0,-0.10715000331401825,0.6267729997634888,0.7717990875244141,0,0.06368400156497955,-0.7703480124473572,0.6344359517097473,0,-0.2732299864292145,11.75461483001709,9.999999974752427e-7,1
B18,mixamorig_LeftHandIndex4,17,1,0,0,0,0,1,0,0,0,0,1,0,0.005530000198632479,9.809103012084961,0,1
B19,mixamorig_RightShoulder,3,0.48146864771842957,-0.18268896639347076,0.8571656346321106,0,-0.8358497619628906,-0.38981354236602783,0.38639143109321594,0,0.26351743936538696,-0.9025612473487854,-0.34043723344802856,0,-10.665525436401367,25.013511657714844,0.048207998275756836,1
B20,mixamorig_RightArm,19,0.7789901494979858,-0.421121209859848,-0.46386048197746277,0,0.40704047679901123,0.9028955101966858,-0.1363462507724762,0,0.4762169122695923,-0.08285023272037506,0.8752732872962952,0,0,22.733402252197266,0,1
B21,mixamorig_RightForeArm,20,-0.5142050981521606,-0.8574990630149841,-0.013535881415009499,0,0.8575060963630676,-0.5143219828605652,0.007167163770645857,0,-0.01310864370316267,-0.007922506891191006,0.9998822212219238,0,0,53.26276779174805,0,1
B22,mixamorig_RightHand,21,0.9518459439277649,-0.1683337688446045,-0.2562282085418701,0,0.2026848942041397,0.9724124073982239,0.11414551734924316,0,0.22994020581245422,-0.1605808287858963,0.9597070813179016,0,0,48.94882583618164,0,1
B23,mixamorig_RightHandThumb1,22,0.7282879948616028,-0.6848719716072083,-0.023382000625133514,0,0.6525499820709229,0.6826919913291931,0.3288010060787201,0,-0.20922400057315826,-0.25471991300582886,0.9441099762916565,0,8.01883316040039,6.1007280349731445,0.000007000000096013537,1
B24,mixamorig_RightHandThumb2,23,0.7336439490318298,0.6779639720916748,-0.046167999505996704,0,-0.654187023639679,0.7230290174484253,0.2219640016555786,0,0.18386399745941162,-0.13264000415802002,0.9739609956741333,0,1.13714599609375,7.979971885681152,0,1
B25,mixamorig_RightHandThumb3,24,0.9854789972305298,0.08029600232839584,0.14960899949073792,0,-0.033139001578092575,0.955128014087677,-0.29433199763298035,0,-0.16652999818325043,0.2851000130176544,0.9439200162887573,0,1.0223289728164673,9.384204864501953,0,1
B26,mixamorig_RightHandThumb4,25,1,0,0,0,0,1,0,0,0,0,1,0,-2.159475088119507,7.527187824249268,0,1
B27,mixamorig_RightHandIndex1,22,0.9900410175323486,-0.11685299873352051,-0.07851800322532654,0,0.13791599869728088,0.6930480003356934,0.7075759768486023,0,-0.028265999630093575,-0.7113580107688904,0.7022609710693359,0,0,12.017215728759766,0.170973002910614,1
B28,mixamorig_RightHandIndex2,27,0.9905409812927246,-0.10366100072860718,-0.08990400284528732,0,0.09437800198793411,0.039083000272512436,0.9947689771652222,0,-0.0996050015091896,-0.9938449859619141,0.048496998846530914,0,-0.2789439857006073,14.738595008850098,0,1
B29,mixamorig_RightHandIndex3,28,0.9897249937057495,-0.1337680071592331,-0.05050500109791756,0,0.12378299981355667,0.6247869729995728,0.770920991897583,0,-0.0715700015425682,-0.7692509889602661,0.6349250078201294,0,0.3595370054244995,11.803382873535156,0,1
B30,mixamorig_RightHandIndex4,29,1,0,0,0,0,1,0,0,0,0,1,0,-0.08059299737215042,9.220705032348633,0,1
B31,mixamorig_LeftUpLeg,0,-0.9282404184341431,-0.24607935547828674,0.2788133919239044,0,0.35211771726608276,-0.3405812084674835,0.8717345595359802,0,-0.11953417211771011,0.9074375629425049,0.40279126167297363,0,16.968603134155273,-10.665969848632812,0.6005799770355225,1
B32,mixamorig_LeftLeg,31,0.9945101737976074,-0.02583388239145279,-0.10135933756828308,0,-0.07851167023181915,0.4558067321777344,-0.8865801692008972,0,0.06912285089492798,0.8896790146827698,0.45127439498901367,0,0,64.08012390136719,0,1
B33,mixamorig_LeftFoot,32,0.9482316374778748,-0.28452059626579285,-0.14029203355312347,0,0.26242169737815857,0.45552152395248413,0.8504920601844788,0,-0.17798985540866852,-0.8435063362121582,0.5065861940383911,0,0,55.26921844482422,0,1
B34,mixamorig_LeftToeBase,33,0.9948492050170898,-0.0028775499667972326,-0.1013220027089119,0,0.07659455388784409,0.6760267019271851,0.7328782677650452,0,0.0663883313536644,-0.7368640303611755,0.6727643609046936,0,0,36.5555305480957,9.999999974752427e-7,1
B35,mixamorig_LeftToe_End,34,1,0,0,0,0,1,0,0,0,0,1,0,0,13.579986572265625,0,1
B36,mixamorig_RightUpLeg,0,-0.9509358406066895,0.12911482155323029,-0.2810816168785095,0,-0.2951536476612091,-0.6495374441146851,0.7005313038825989,0,-0.09214325249195099,0.7491331696510315,0.655765950679779,0,-16.968603134155273,-10.665969848632812,0.47241300344467163,1
B37,mixamorig_RightLeg,36,0.9951490163803101,-0.04901525005698204,-0.08517993986606598,0,-0.07964502274990082,0.10573624074459076,-0.9911454916000366,0,0.05754953995347023,0.9931420087814331,0.10131809860467911,0,0,64.0646743774414,0,1
B38,mixamorig_RightFoot,37,0.8194749355316162,0.44455716013908386,-0.3613870441913605,0,0.3795316517353058,0.05168963223695755,0.923548698425293,0,0.4291415810585022,-0.8940744996070862,-0.12641216814517975,0,0,55.258724212646484,-9.999999974752427e-7,1
B39,mixamorig_RightToeBase,38,0.991924524307251,0.0044966270215809345,0.12675164639949799,0,-0.08148762583732605,0.7884079217910767,0.609731137752533,0,-0.09718985110521317,-0.6151359677314758,0.7824081778526306,0,0,36.844871520996094,-9.999999974752427e-7,1
B40,mixamorig_RightToe_End,39,1,0,0,0,0,1,0,0,0,0,1,0,0,13.579154014587402,0,1
@34,0,1,2,3,4,5,7,8,9,10,11,12,13,15,16,17,19,20,21,22,23,24,25,27,28,29,31,32,33,34,36,37,38,39
K0.000,0.692205011844635,0.06362400203943253,0.7188910245895386,0,0.0029639999847859144,0.9958469867706299,-0.09098900109529495,0,-0.7216950058937073,0.06511399894952774,0.6891419887542725,0,0.6123759746551514,130.29539489746094,-0.8880929946899414,1,0.9918230175971985,-0.007191999815404415,-0.12742100656032562,0,0.027014000341296196,0.9876189827919006,0.15452800691127777,0,0.12473300099372864,-0.15670600533485413,0.9797369837760925,0,0,19.2117919921875,-0.1207680031657219,1,0.9997230172157288,-0.015196000225841999,-0.017967000603675842,0,0.015869000926613808,0.9991559982299805,0.03789300099015236,0,0.017376000061631203,-0.03816799819469452,0.9991199970245361,0,0,22.4141845703125,0,1,0.9997310042381287,-0.014822999946773052,-0.017829999327659607,0,0.015495000407099724,0.9991509914398193,0.03816499933600426,0,0.017249999567866325,-0.03843099996447563,0.9991120100021362,0,0,25.616214752197266,0,1,0.9704440236091614,0.08089999854564667,-0.2273620069026947,0,-0.07703500241041183,0.996694028377533,0.025836000218987465,0,0.22869999706745148,-0.007557999808341265,0.973468005657196,0,0,28.8182430267334,0,1,0.9364269971847534,-0.017903000116348267,-0.3504059910774231,0,0.06762100011110306,0.9891830086708069,0.130171999335289,0,0.3442850112915039,-0.14559100568294525,0.9275079965591431,0,0,24.812225341796875,-0.20795400440692902,1,-0.0715399980545044,0.02064099907875061,-0.997223973274231,0,0.8889219760894775,-0.4521830081939697,-0.07312999665737152,0,-0.45243799686431885,-0.8916860222816467,0.014000999741256237,0,10.665525436401367,25.014419555664062,-0.09603600203990936,1,0.591152012348175,0.1652590036392212,0.7894489765167236,0,-0.5993099808692932,0.7450439929962158,0.29280999302864075,0,-0.5397840142250061,-0.64621901512146,0.5394750237464905,0,0,22.733402252197266,0,1,-0.2813720107078552,0.9594150185585022,0.018761999905109406,0,-0.9594249725341797,-0.2816399931907654,0.013538000173866749,0,0.018272999674081802,-0.014190999791026115,0.9997320175170898,0,0,53.26781463623047,0,1,0.946120023727417,0.19109000265598297,-0.26142099499702454,0,-0.11996600031852722,0.9567149877548218,0.2651520073413849,0,0.3007729947566986,-0.2195039987564087,0.9280920028686523,0,0,48.9465217590332,0,1,0.6750320196151733,0.7356950044631958,0.05555000156164169,0,-0.7084749937057495,0.6253589987754822,0.32708999514579773,0,0.20589999854564667,-0.26015201210975647,0.9433590173721313,0,-7.220077991485596,5.920783996582031,-0.000007000000096013537,1,0.7473649978637695,-0.6623820066452026,0.05190899968147278,0,0.6391350030899048,0.7380790114402771,0.21620699763298035,0,-0.18152500689029694,-0.1284089982509613,0.9749670028686523,0,-0.19343799352645874,7.4673380851745605,0,1,0.9405689835548401,-0.3177120089530945,-0.11995299905538559,0,0.26276901364326477,0.9046159982681274,-0.3355939984321594,0,0.21513399481773376,0.28412899374961853,0.9343379735946655,0,-0.07535800337791443,10.211470603942871,0,1,0.9906569719314575,0.11090999841690063,0.07935500144958496,0,-0.1339779943227768,0.6828740239143372,0.7181450128555298,0,0.025459999218583107,-0.7220680117607117,0.691353976726532,0,0,11.06796646118164,0.1714390069246292,1,0.9907690286636353,0.10009299963712692,0.09142500162124634,0,-0.09562399983406067,0.03797300159931183,0.9946929812431335,0,0.09608999639749527,-0.9942529797554016,0.04719400033354759,0,0.2676999866962433,15.237060546875,0,1,0.9922009706497192,0.11713100224733353,0.0426269993185997,0,-0.10715000331401825,0.6267729997634888,0.7717999815940857,0,0.06368499994277954,-0.7703480124473572,0.6344349980354309,0,-0.2732299864292145,11.75461483001709,0,1,0.2304619997739792,-0.051920998841524124,0.9716950058937073,0,-0.9478769898414612,-0.23777900636196136,0.21210800111293793,0,0.22003600001335144,-0.9699310064315796,-0.10401400178670883,0,-10.665525436401367,25.013511657714844,0.048207998275756836,1,0.5949900150299072,-0.6343309879302979,-0.4935699999332428,0,0.7765520215034485,0.29534798860549927,0.5565400123596191,0,-0.20725500583648682,-0.7144190073013306,0.6683200001716614,0,0,22.733402252197266,0,1,-0.2753419876098633,-0.9612770080566406,-0.011540000326931477,0,0.9612849950790405,-0.2754409909248352,0.008034000173211098,0,-0.010901999659836292,-0.008880999870598316,0.9999009966850281,0,0,53.26276779174805,0,1,0.9425770044326782,-0.3250569999217987,0.07672400027513504,0,0.31746500730514526,0.9433450102806091,0.09651599824428558,0,-0.10374999791383743,-0.0666159987449646,0.9923700094223022,0,0,48.94882583618164,0,1,0.7282879948616028,-0.6848719716072083,-0.023382000625133514,0,0.6525499820709229,0.6826919913291931,0.3288010060787201,0,-0.20922400057315826,-0.254720002412796,0.9441099762916565,0,8.01883316040039,6.1007280349731445,0.000007000000096013537,1,0.7336429953575134,0.6779639720916748,-0.046167001128196716,0,-0.6541879773139954,0.7230290174484253,0.2219640016555786,0,0.18386399745941162,-0.13264000415802002,0.9739609956741333,0,1.13714599609375,7.979971885681152,0,1,0.9854789972305298,0.08029600232839584,0.14960899949073792,0,-0.033139001578092575,0.955128014087677,-0.29433199763298035,0,-0.16652999818325043,0.2851009964942932,0.9439200162887573,0,1.0223289728164673,9.384204864501953,0,1,0.9900400042533875,-0.11685299873352051,-0.07851800322532654,0,0.13791599869728088,0.6930480003356934,0.7075759768486023,0,-0.028265999630093575,-0.7113580107688904,0.7022609710693359,0,0,12.017215728759766,0.170973002910614,1,0.9905409812927246,-0.10366100072860718,-0.08990400284528732,0,0.09437800198793411,0.039083000272512436,0.9947689771652222,0,-0.0996050015091896,-0.9938449859619141,0.048496998846530914,0,-0.2789439857006073,14.738595008850098,0,1,0.9897249937057495,-0.1337680071592331,-0.05050500109791756,0,0.12378299981355667,0.6247869729995728,0.770920991897583,0,-0.0715700015425682,-0.7692509889602661,0.6349250078201294,0,0.3595370054244995,11.803382873535156,0,1,-0.9345049858093262,-0.21960699558258057,0.280131995677948,0,0.3277060091495514,-0.838038980960846,0.4362330138683319,0,0.13896100223064423,0.4994620084762573,0.8551179766654968,0,16.968603134155273,-10.665969848632812,0.6005799770355225,1,0.9905009865760803,-0.10453499853610992,-0.08933600038290024,0,-0.03430800139904022,0.4412649869918823,-0.8967210054397583,0,0.13315999507904053,0.8912670016288757,0.4334869980812073,0,0,64.08012390136719,0,1,0.9771460294723511,-0.21210899949073792,-0.013952000066637993,0,0.050909001380205154,0.16979199647903442,0.9841639995574951,0,-0.20638099312782288,-0.962382972240448,0.17670999467372894,0,0,55.26921844482422,0,1,0.9918820261955261,-0.00018000000272877514,-0.12716400623321533,0,0.08295200020074844,0.7588539719581604,0.6459569931030273,0,0.0963829979300499,-0.6512609720230103,0.7527080178260803,0,0,36.5555305480957,0,1,-0.8441870212554932,0.4091309905052185,-0.3463520109653473,0,-0.49913400411605835,-0.8355649709701538,0.22955499589443207,0,-0.19548100233078003,0.36666399240493774,0.9095849990844727,0,-16.968603134155273,-10.665969848632812,0.47241300344467163,1,0.9898560047149658,-0.1413249969482422,-0.014581999741494656,0,0.04755299910902977,0.42627400159835815,-0.9033430218696594,0,0.13388100266456604,0.8934860229492188,0.4286699891090393,0,0,64.0646743774414,0,1,0.8841300010681152,0.4569369852542877,-0.09758900105953217,0,0.04830100014805794,0.11836100369691849,0.991795003414154,0,0.46473899483680725,-0.8815889954566956,0.08257599920034409,0,0,55.258724212646484,0,1,0.9915459752082825,0,0.12975400686264038,0,-0.08115100115537643,0.7802900075912476,0.6201300024986267,0,-0.10124500095844269,-0.6254169940948486,0.7736939787864685,0,0,36.844871520996094,0,1
K0.033,0.7144187688827515,0.07443804293870926,0.6957481503486633,0,0.0008440366946160793,0.9942329525947571,-0.10724026709794998,0,-0.699718177318573,0.07720131427049637,0.7102357149124146,0,0.7987514138221741,130.5203399658203,-1.499914288520813,1,0.99652099609375,-0.021350134164094925,-0.0805543065071106,0,0.03357802331447601,0.987555980682373,0.15364383161067963,0,0.07627130299806595,-0.1558138132095337,0.9848370552062988,0,0,19.2117919921875,-0.1207680031657219,1,0.9995909929275513,-0.028525125235319138,-0.002153748879209161,0,0.028602106496691704,0.9978280067443848,0.05934816598892212,0,0.0004557352513074875,-0.059385161846876144,0.9982349872589111,0,0,22.4141845703125,0,1,0.9995999932289124,-0.028213126584887505,-0.0019407477229833603,0,0.028279108926653862,0.9978190064430237,0.05965016782283783,0,0.0002537342079449445,-0.059681154787540436,0.998216986656189,0,0,25.616214752197266,0,1,0.9741039872169495,0.07754192501306534,-0.21238891780376434,0,-0.07157288491725922,0.9967979788780212,0.035662151873111725,0,0.2144739180803299,-0.019537178799510002,0.9765340089797974,0,0,28.8182430267334,0,1,0.9361628890037537,0.055771198123693466,-0.3471139073371887,0,-0.007211003918200731,0.9901748299598694,0.13964571058750153,0,0.35149213671684265,-0.1282282918691635,0.9273678660392761,0,0,24.812225341796875,-0.20795400440692902,1,-0.05693991482257843,0.012415995821356773,-0.9983000159263611,0,0.9048960208892822,-0.42181795835494995,-0.05685892328619957,0,-0.4218069612979889,-0.90659499168396,0.012782965786755085,0,10.665525436401367,25.014419555664062,-0.09603600203990936,1,0.589896559715271,0.08616948127746582,0.8028676509857178,0,-0.5421022772789001,0.7791682481765747,0.3146774470806122,0,-0.5984530448913574,-0.620863676071167,0.506341278553009,0,0,22.733402252197266,0,1,-0.333041250705719,0.9427108764648438,0.019491003826260567,0,-0.9427198767662048,-0.3333202302455902,0.013301999308168888,0,0.019037004560232162,-0.013943999074399471,0.9997220039367676,0,0,53.26781463623047,0,1,0.9618732333183289,0.1726195216178894,-0.21213491261005402,0,-0.11703880876302719,0.960839033126831,0.2511778175830841,0,0.2471858263015747,-0.21677303314208984,0.9444092512130737,0,0,48.9465217590332,0,1,0.6750320196151733,0.7356939911842346,0.05555000156164169,0,-0.7084749937057495,0.6253589987754822,0.32708999514579773,0,0.20589999854564667,-0.26015201210975647,0.9433590173721313,0,-7.220077991485596,5.920783996582031,-0.000007000000096013537,1,0.7473649978637695,-0.6623830199241638,0.05190899968147278,0,0.6391350030899048,0.7380790114402771,0.21620699763298035,0,-0.18152500689029694,-0.1284089982509613,0.9749670028686523,0,-0.19343799352645874,7.4673380851745605,0,1,0.9405689835548401,-0.3177120089530945,-0.11995299905538559,0,0.2627680003643036,0.9046159982681274,-0.3355939984321594,0,0.21513399481773376,0.28412899374961853,0.9343379735946655,0,-0.07535800337791443,10.211470603942871,0,1,0.9906569719314575,0.11090999841690063,0.07935500144958496,0,-0.1339779943227768,0.6828740239143372,0.7181450128555298,0,0.025459999218583107,-0.7220680117607117,0.691353976726532,0,0,11.06796646118164,0.1714390069246292,1,0.9907690286636353,0.10009299963712692,0.09142500162124634,0,-0.09562399983406067,0.03797300159931183,0.9946929812431335,0,0.09608999639749527,-0.9942529797554016,0.04719400033354759,0,0.2676999866962433,15.237060546875,0,1,0.9922009706497192,0.11713100224733353,0.0426269993185997,0,-0.10715000331401825,0.6267729997634888,0.7717990279197693,0,0.06368499994277954,-0.7703480124473572,0.6344360113143921,0,-0.2732299864292145,11.75461483001709,0,1,0.25193002820014954,-0.06756115704774857,0.9653840065002441,0,-0.9392889738082886,-0.2572021186351776,0.22712098062038422,0,0.23295406997203827,-0.9639929533004761,-0.12825720012187958,0,-10.665525436401367,25.013511657714844,0.048207998275756836,1,0.5768067836761475,-0.6529472470283508,-0.49087095260620117,0,0.7953401207923889,0.31180891394615173,0.5198168754577637,0,-0.1863550990819931,-0.6902428269386292,0.6991682052612305,0,0,22.733402252197266,0,1,-0.26509156823158264,-0.9641551375389099,-0.011453996412456036,0,0.9641631245613098,-0.2651885747909546,0.008058001287281513,0,-0.010806996375322342,-0.008907000534236431,0.9999020099639893,0,0,53.26276779174805,0,1,0.9449909329414368,-0.3269471228122711,0.00985616073012352,0,0.3257761299610138,0.9434559941291809,0.06133109703660011,0,-0.02935091219842434,-0.05474742874503136,0.9980689883232117,0,0,48.94882583618164,0,1,0.7282879948616028,-0.6848719716072083,-0.023381000384688377,0,0.6525499820709229,0.6826919913291931,0.3288010060787201,0,-0.20922400057315826,-0.25471898913383484,0.9441099762916565,0,8.01883316040039,6.1007280349731445,0.000007000000096013537,1,0.7336440086364746,0.6779639720916748,-0.046167001128196716,0,-0.654187023639679,0.7230290174484253,0.2219640016555786,0,0.18386399745941162,-0.13264100253582,0.9739609956741333,0,1.13714599609375,7.979971885681152,0,1,0.9854789972305298,0.08029600232839584,0.14960899949073792,0,-0.033139001578092575,0.955128014087677,-0.29433199763298035,0,-0.16652999818325043,0.2851000130176544,0.9439200162887573,0,1.0223289728164673,9.384204864501953,0,1,0.9900410175323486,-0.11685299873352051,-0.07851800322532654,0,0.13791599869728088,0.6930480003356934,0.7075759768486023,0,-0.028265999630093575,-0.7113580107688904,0.7022609710693359,0,0,12.017215728759766,0.170973002910614,1,0.9905409812927246,-0.10366100072860718,-0.08990400284528732,0,0.09437800198793411,0.039083000272512436,0.9947689771652222,0,-0.0996050015091896,-0.9938449859619141,0.048496998846530914,0,-0.2789439857006073,14.738595008850098,0,1,0.9897249937057495,-0.1337680071592331,-0.05050500109791756,0,0.12378299981355667,0.6247869729995728,0.770920991897583,0,-0.0715700015425682,-0.7692509889602661,0.6349250078201294,0,0.3595370054244995,11.803382873535156,0,1,-0.9494632482528687,-0.19916358590126038,0.24259833991527557,0,0.2909703254699707,-0.8483451008796692,0.4423191547393799,0,0.11771261692047119,0.49055492877960205,0.8634230494499207,0,16.968603134155273,-10.665969848632812,0.6005799770355225,1,0.992332935333252,-0.07787981629371643,-0.0959637314081192,0,-0.05022270977497101,0.4553651511669159,-0.8888868093490601,0,0.11292518675327301,0.8868919610977173,0.44796207547187805,0,0,64.08012390136719,0,1,0.9743789434432983,-0.2244032323360443,-0.015115933492779732,0,0.05772904306650162,0.18457624316215515,0.9811209440231323,0,-0.21737724542617798,-0.956856906414032,0.19280225038528442,0,0,55.26921844482422,0,1,0.9917960166931152,-0.00015100034943316132,-0.12783198058605194,0,0.08306799829006195,0.7608519792556763,0.6435869932174683,0,0.09716399013996124,-0.6489250063896179,0.7546219825744629,0,0,36.5555305480957,0,1,-0.8450520038604736,0.41155898571014404,-0.3413289785385132,0,-0.49594876170158386,-0.8418872952461243,0.21274614334106445,0,-0.199802428483963,0.3490631878376007,0.9155511856079102,0,-16.968603134155273,-10.665969848632812,0.47241300344467163,1,0.9906669855117798,-0.1362689584493637,0.0031741021666675806,0,0.061259083449840546,0.42430704832077026,-0.9034439325332642,0,0.12176492065191269,0.8952059745788574,0.42869505286216736,0,0,64.0646743774414,0,1,0.8692245483398438,0.47416451573371887,-0.14005880057811737,0,0.0927739217877388,0.12182597070932388,0.9882059097290039,0,0.48563554883003235,-0.8719667196273804,0.06190337985754013,0,0,55.258724212646484,0,1,0.9915440082550049,0.000004999969860364217,0.12977300584316254,0,-0.08115500211715698,0.780360996723175,0.620041012763977,0,-0.10126599669456482,-0.6253290176391602,0.7737619876861572,0,0,36.844871520996094,0,1
K0.067,0.7888922691345215,0.07867595553398132,0.6094748377799988,0,0.004506963770836592,0.9910030364990234,-0.1337607353925705,0,-0.6145148277282715,0.10826969146728516,0.781440258026123,0,-0.3554375171661377,130.5931854248047,-2.131356716156006,1,0.9993330240249634,-0.03480686619877815,-0.011052691377699375,0,0.03599397838115692,0.9899389743804932,0.1368371695280075,0,0.0061786966398358345,-0.13714317977428436,0.9905319213867188,0,0,19.2117919921875,-0.1207680031657219,1,0.9988920092582703,-0.04108887165784836,0.02295375056564808,0,0.039229895919561386,0.9963139891624451,0.07628583163022995,0,-0.026002736762166023,-0.07530084252357483,0.9968219995498657,0,0,22.4141845703125,0,1,0.9988899827003479,-0.04095687344670296,0.023270748555660248,0,0.03907289355993271,0.9963150024414062,0.07634783536195755,0,-0.026311734691262245,-0.07535384595394135,0.9968100190162659,0,0,25.616214752197266,0,1,0.9765350222587585,0.06973407417535782,-0.20375509560108185,0,-0.06054610759019852,0.99686199426651,0.05099284648895264,0,0.2066720724105835,-0.03745982050895691,0.9776930212974548,0,0,28.8182430267334,0,1,0.924773097038269,0.17563080787658691,-0.33756309747695923,0,-0.10752800107002258,0.9715712070465088,0.21091929078102112,0,0.3650108575820923,-0.15875470638275146,0.9173681139945984,0,0,24.812225341796875,-0.20795400440692902,1,-0.04854508116841316,0.012048003263771534,-0.9987480044364929,0,0.9071429967880249,-0.4179450273513794,-0.049135077744722366,0,-0.4180130362510681,-0.9083930253982544,0.009360034018754959,0,10.665525436401367,25.014419555664062,-0.09603600203990936,1,0.6427284479141235,0.03399151936173439,0.7653393745422363,0,-0.4717176854610443,0.8047307729721069,0.3604045510292053,0,-0.6036409139633179,-0.5926662683486938,0.533257782459259,0,0,22.733402252197266,0,1,-0.3573147654533386,0.9337730407714844,0.019833996891975403,0,-0.9337820410728455,-0.35759875178337097,0.01317600067704916,0,0.019395995885133743,-0.01381200086325407,0.9997159838676453,0,0,53.26781463623047,0,1,0.9868217706680298,0.1245964765548706,-0.10323908179998398,0,-0.09789519011974335,0.9677319526672363,0.2321861982345581,0,0.12883718311786652,-0.21901997923851013,0.9671767354011536,0,0,48.9465217590332,0,1,0.6750320196151733,0.7356950044631958,0.05555000156164169,0,-0.7084760069847107,0.6253589987754822,0.32708999514579773,0,0.20589999854564667,-0.26015201210975647,0.9433590173721313,0,-7.220077991485596,5.920783996582031,-0.000007000000096013537,1,0.7473649978637695,-0.6623830199241638,0.05190899968147278,0,0.639136016368866,0.7380790114402771,0.21620699763298035,0,-0.18152500689029694,-0.12840799987316132,0.9749670028686523,0,-0.19343799352645874,7.4673380851745605,0,1,0.9405689835548401,-0.3177120089530945,-0.11995399743318558,0,0.2627680003643036,0.9046159982681274,-0.3355939984321594,0,0.21513399481773376,0.28412899374961853,0.9343379735946655,0,-0.07535800337791443,10.211470603942871,0,1,0.9906569719314575,0.11090999841690063,0.07935500144958496,0,-0.1339779943227768,0.6828749775886536,0.7181450128555298,0,0.025459999218583107,-0.7220669984817505,0.691353976726532,0,0,11.06796646118164,0.1714390069246292,1,0.9907690286636353,0.10009299963712692,0.09142500162124634,0,-0.09562399983406067,0.03797300159931183,0.9946929812431335,0,0.09608999639749527,-0.9942529797554016,0.04719400033354759,0,0.2676999866962433,15.237060546875,0,1,0.9922009706497192,0.11713100224733353,0.0426269993185997,0,-0.10715000331401825,0.6267729997634888,0.7717999815940857,0,0.06368499994277954,-0.7703480124473572,0.6344360113143921,0,-0.2732299864292145,11.75461483001709,0,1,0.256009966135025,-0.08354884386062622,0.9630569815635681,0,-0.9363939762115479,-0.26883089542388916,0.22560001909732819,0,0.24005092680454254,-0.959557056427002,-0.14705780148506165,0,-10.665525436401367,25.013511657714844,0.048207998275756836,1,0.5555422306060791,-0.6762847900390625,-0.48374706506729126,0,0.8080219030380249,0.30185410380363464,0.5059500932693481,0,-0.1961458921432495,-0.6719541549682617,0.7141458988189697,0,0,22.733402252197266,0,1,-0.22455039620399475,-0.9743988513946533,-0.011115003377199173,0,0.974406898021698,-0.22464540600776672,0.008143998682498932,0,-0.010432003997266293,-0.009001999162137508,0.999904990196228,0,0,53.26276779174805,0,1,0.9381780624389648,-0.3381528854370117,-0.07398916780948639,0,0.33692288398742676,0.9410889744758606,-0.028895104303956032,0,0.07940191775560379,0.0021794342901557684,0.9968400001525879,0,0,48.94882583618164,0,1,0.7282879948616028,-0.6848719716072083,-0.023381000384688377,0,0.6525499820709229,0.6826919913291931,0.3288010060787201,0,-0.20922400057315826,-0.25471898913383484,0.9441099762916565,0,8.01883316040039,6.1007280349731445,0.000007000000096013537,1,0.7336440086364746,0.6779639720916748,-0.046167001128196716,0,-0.654187023639679,0.7230290174484253,0.2219640016555786,0,0.18386399745941162,-0.13264000415802002,0.9739609956741333,0,1.13714599609375,7.979971885681152,0,1,0.9854789972305298,0.08029600232839584,0.14960899949073792,0,-0.033139001578092575,0.955128014087677,-0.29433301091194153,0,-0.16652999818325043,0.2851009964942932,0.9439200162887573,0,1.0223289728164673,9.384204864501953,0,1,0.9900410175323486,-0.11685299873352051,-0.07851800322532654,0,0.13791599869728088,0.6930480003356934,0.7075759768486023,0,-0.028265999630093575,-0.7113580107688904,0.7022609710693359,0,0,12.017215728759766,0.170973002910614,1,0.9905409812927246,-0.10366000235080719,-0.08990400284528732,0,0.09437800198793411,0.039083000272512436,0.9947689771652222,0,-0.09960400313138962,-0.9938449859619141,0.048496998846530914,0,-0.2789439857006073,14.738595008850098,0,1,0.9897249937057495,-0.1337680071592331,-0.05050500109791756,0,0.12378299981355667,0.6247869729995728,0.770920991897583,0,-0.0715700015425682,-0.7692509889602661,0.6349260210990906,0,0.3595370054244995,11.803382873535156,0,1,-0.9716647863388062,-0.15727141499519348,0.17644566297531128,0,0.2224876880645752,-0.8605799078941345,0.4581488370895386,0,0.07979238033294678,0.48442506790161133,0.8711869120597839,0,16.968603134155273,-10.665969848632812,0.6005799770355225,1,0.9838260412216187,-0.059622183442115784,-0.16891327500343323,0,-0.12141329050064087,0.4713548421859741,-0.8735461831092834,0,0.131700798869133,0.8799260854721069,0.45649290084838867,0,0,64.08012390136719,0,1,0.968561053276062,-0.24862976372241974,-0.008506066165864468,0,0.06211395561695099,0.20857776701450348,0.9760310649871826,0,-0.24089676141738892,-0.9458740949630737,0.21746376156806946,0,0,55.26921844482422,0,1,0.9919009804725647,-0.0001859996555140242,-0.12701301276683807,0,0.08292599767446518,0.7584009766578674,0.6464920043945312,0,0.09620600938796997,-0.6517890095710754,0.7522739768028259,0,0,36.5555305480957,0,1,-0.8469340205192566,0.410304993391037,-0.33816102147102356,0,-0.47311124205589294,-0.8717777132987976,0.12715785205364227,0,-0.2426275610923767,0.2676818072795868,0.9324578046798706,0,-16.968603134155273,-10.665969848632812,0.47241300344467163,1,0.9911190271377563,-0.1322980374097824,0.013397898524999619,0,0.069584921002388,0.43014994263648987,-0.9000710844993591,0,0.11331508308649063,0.8930100202560425,0.4355359375476837,0,0,64.0646743774414,0,1,0.8214575052261353,0.5260334610939026,-0.2202192097902298,0,0.18543808162212372,0.11878202855587006,0.9754500985145569,0,0.5392774343490601,-0.8421282768249512,0.00002761498762993142,0,0,55.258724212646484,0,1,0.9915549755096436,0.0000020000297809019685,0.1296900063753128,0,-0.08114200085401535,0.7801070213317871,0.6203619837760925,0,-0.10117100179195404,-0.6256459951400757,0.773518979549408,0,0,36.844871520996094,0,1
K0.100,0.8882070183753967,0.07791599631309509,0.4527890086174011,0,0.0011190001387149096,0.9851449728012085,-0.1717189997434616,0,-0.45944300293922424,0.1530279964208603,0.8749250173568726,0,-3.1324377059936523,130.6455078125,-2.0282580852508545,1,0.9987300038337708,-0.047001998871564865,0.018129998818039894,0,0.045201998203992844,0.9949679970741272,0.08942200243473053,0,-0.022240998223423958,-0.08848900347948074,0.9958289861679077,0,0,19.2117919921875,-0.1207680031657219,1,0.9980319738388062,-0.05597599968314171,0.028262000530958176,0,0.053502000868320465,0.995212972164154,0.08178699761629105,0,-0.032705001533031464,-0.08011399954557419,0.9962490200996399,0,0,22.4141845703125,0,1,0.9980260133743286,-0.05593499913811684,0.02855999954044819,0,0.053442999720573425,0.9952309727668762,0.08159799873828888,0,-0.03298800066113472,-0.07991000264883041,0.9962559938430786,0,0,25.616214752197266,0,1,0.9795439839363098,0.05891500040888786,-0.19241000711917877,0,-0.044996000826358795,0.9960970282554626,0.07593300193548203,0,0.19613300263881683,-0.06572200357913971,0.9783719778060913,0,0,28.8182430267334,0,1,0.8960000276565552,0.26083698868751526,-0.35937100648880005,0,-0.16664700210094452,0.9476609826087952,0.2723369896411896,0,0.41159701347351074,-0.18412600457668304,0.8925719857215881,0,0,24.812225341796875,-0.20795400440692902,1,-0.042458999902009964,0.01602100022137165,-0.9989699721336365,0,0.901790976524353,-0.42979899048805237,-0.045221999287605286,0,-0.43008100986480713,-0.9027820229530334,0.00380100030452013,0,10.665525436401367,25.014419555664062,-0.09603600203990936,1,0.7721239924430847,0.016600999981164932,0.635254979133606,0,-0.39020100235939026,0.8013970255851746,0.453328013420105,0,-0.5015659928321838,-0.5979030132293701,0.6252549886703491,0,0,22.733402252197266,0,1,-0.30890101194381714,0.9509009718894958,0.01915000006556511,0,-0.9509109854698181,-0.3091750144958496,0.013418000191450119,0,0.01868000067770481,-0.014065000228583813,0.9997270107269287,0,0,53.26781463623047,0,1,0.9982360005378723,0.05250200256705284,-0.027709003537893295,0,-0.04525900259613991,0.9751020073890686,0.21708999574184418,0,0.03841700404882431,-0.21545299887657166,0.9757580161094666,0,0,48.9465217590332,0,1,0.6750320196151733,0.7356950044631958,0.05555000156164169,0,-0.7084749937057495,0.6253589987754822,0.3270910084247589,0,0.20589999854564667,-0.26015201210975647,0.9433590173721313,0,-7.220077991485596,5.920783996582031,-0.000007000000096013537,1,0.7473649978637695,-0.6623830199241638,0.05190899968147278,0,0.6391350030899048,0.7380790114402771,0.21620699763298035,0,-0.18152500689029694,-0.1284089982509613,0.9749670028686523,0,-0.19343799352645874,7.4673380851745605,0,1,0.9405689835548401,-0.3177129924297333,-0.11995399743318558,0,0.26276901364326477,0.9046159982681274,-0.3355939984321594,0,0.21513399481773376,0.28412899374961853,0.9343379735946655,0,-0.07535800337791443,10.211470603942871,0,1,0.9906569719314575,0.11090999841690063,0.07935500144958496,0,-0.1339779943227768,0.6828740239143372,0.7181450128555298,0,0.025459999218583107,-0.7220680117607117,0.691353976726532,0,0,11.06796646118164,0.1714390069246292,1,0.9907690286636353,0.10009299963712692,0.09142500162124634,0,-0.09562300145626068,0.03797300159931183,0.9946929812431335,0,0.09608999639749527,-0.9942529797554016,0.04719400033354759,0,0.2676999866962433,15.237060546875,0,1,0.9922009706497192,0.11713100224733353,0.0426269993185997,0,-0.10715000331401825,0.6267729997634888,0.7717999815940857,0,0.06368499994277954,-0.7703480124473572,0.6344360113143921,0,-0.2732299864292145,11.75461483001709,0,1,0.26517900824546814,-0.10116499662399292,0.9588770270347595,0,-0.9326390027999878,-0.2792699933052063,0.22845900058746338,0,0.24467399716377258,-0.9548689723014832,-0.16840599477291107,0,-10.665525436401367,25.013511657714844,0.048207998275756836,1,0.5681440234184265,-0.6740409731864929,-0.4721029996871948,0,0.7976700067520142,0.3100239932537079,0.5173090100288391,0,-0.2023240029811859,-0.6704879999160767,0.7138000130653381,0,0,22.733402252197266,0,1,-0.19803300499916077,-0.9801350235939026,-0.010893999598920345,0,0.9801419973373413,-0.19812600314617157,0.008191999979317188,0,-0.010187000036239624,-0.0090549997985363,0.9999070167541504,0,0,53.26276779174805,0,1,0.9282789826393127,-0.3556720018386841,-0.1086060032248497,0,0.32364100217819214,0.9164900183677673,-0.23516298830509186,0,0.18317699432373047,0.18314698338508606,0.9658690094947815,0,0,48.94882583618164,0,1,0.7282879948616028,-0.6848719716072083,-0.023382000625133514,0,0.6525499820709229,0.6826919913291931,0.3288010060787201,0,-0.20922400057315826,-0.25471898913383484,0.9441099762916565,0,8.01883316040039,6.1007280349731445,0.000007000000096013537,1,0.7336429953575134,0.6779639720916748,-0.046167001128196716,0,-0.654187023639679,0.7230290174484253,0.2219640016555786,0,0.18386399745941162,-0.13264100253582,0.9739609956741333,0,1.13714599609375,7.979971885681152,0,1,0.9854789972305298,0.08029499650001526,0.14960899949073792,0,-0.033139001578092575,0.955128014087677,-0.29433199763298035,0,-0.16652899980545044,0.2851009964942932,0.9439200162887573,0,1.0223289728164673,9.384204864501953,0,1,0.9900400042533875,-0.11685299873352051,-0.07851800322532654,0,0.13791599869728088,0.6930480003356934,0.7075759768486023,0,-0.028265999630093575,-0.7113580107688904,0.7022609710693359,0,0,12.017215728759766,0.170973002910614,1,0.9905409812927246,-0.10366000235080719,-0.08990400284528732,0,0.09437800198793411,0.039083000272512436,0.9947689771652222,0,-0.0996050015091896,-0.9938449859619141,0.048496998846530914,0,-0.2789439857006073,14.738595008850098,0,1,0.9897249937057495,-0.1337680071592331,-0.05050500109791756,0,0.12378299981355667,0.6247869729995728,0.770920991897583,0,-0.0715700015425682,-0.7692509889602661,0.6349250078201294,0,0.3595370054244995,11.803382873535156,0,1,-0.9830399751663208,-0.1427440047264099,0.11513400077819824,0,0.18039800226688385,-0.8656079769134521,0.4670960009098053,0,0.032986003905534744,0.47994399070739746,0.876679003238678,0,16.968603134155273,-10.665969848632812,0.6005799770355225,1,0.9765160083770752,-0.07715299725532532,-0.20115600526332855,0,-0.1372630000114441,0.4968549907207489,-0.856909990310669,0,0.1660590022802353,0.8643969893455505,0.4745959937572479,0,0,64.08012390136719,0,1,0.9745299816131592,-0.21379800140857697,-0.06769099831581116,0,0.1203330010175705,0.243818998336792,0.9623270034790039,0,-0.1892389953136444,-0.9459609985351562,0.2633360028266907,0,0,55.26921844482422,0,1,0.991832971572876,-0.0001630000042496249,-0.12754300236701965,0,0.083017997443676,0.7599899768829346,0.6446110010147095,0,0.09682700037956238,-0.6499350070953369,0.7537969946861267,0,0,36.5555305480957,0,1,-0.8432340025901794,0.40915200114250183,-0.3486410081386566,0,-0.4267919957637787,-0.9039000272750854,-0.028531992807984352,0,-0.3268109858036041,0.12473800778388977,0.9368219971656799,0,-16.968603134155273,-10.665969848632812,0.47241300344467163,1,0.993228018283844,-0.11617700010538101,-0.0009199993801303208,0,0.053353000432252884,0.4631339907646179,-0.884680986404419,0,0.10320600122213364,0.8786410093307495,0.4661960005760193,0,0,64.0646743774414,0,1,0.7363250255584717,0.5948629975318909,-0.3224349915981293,0,0.3110859990119934,0.125559002161026,0.9420509934425354,0,0.600875973701477,-0.7939609885215759,-0.0926009938120842,0,0,55.258724212646484,0,1,0.991599977016449,0.000009000000318337698,0.12934499979019165,0,-0.08109299838542938,0.7791039943695068,0.6216269731521606,0,-0.10076700150966644,-0.6268939971923828,0.7725600004196167,0,0,36.844871520996094,0,1
