1.400,30,41,41
B0,mixamorig_Hips,-1,0.788693368434906,-0.10826151818037033,0.6051735877990723,0,-0.3213573694229126,0.7665526866912842,0.5559608340263367,0,-0.524082362651825,-0.632959246635437,0.5697917938232422,0,-1.667505145072937,117.28759765625,-28.78011703491211,1
B1,mixamorig_Spine,0,0.9921188950538635,-0.11301670968532562,-0.054008156061172485,0,0.12367824465036392,0.9523988366127014,0.2784976661205292,0,0.019951332360506058,-0.2829856276512146,0.9588718414306641,0,0,19.21179962158203,-0.12080000340938568,1
B2,mixamorig_Spine1,1,0.9921993613243103,-0.11395435035228729,-0.050540465861558914,0,0.12400636821985245,0.9437558650970459,0.30648189783096313,0,0.012772291898727417,-0.31035834550857544,0.9505246877670288,0,0,22.414199829101562,0,1
B3,mixamorig_Spine2,2,0.9921672940254211,-0.11406245082616806,-0.05092892423272133,0,0.12422847002744675,0.9437596797943115,0.3063789904117584,0,0.013117142952978611,-0.3103053569793701,0.9505376219749451,0,0,25.616199493408203,0,1
B4,mixamorig_Neck,3,0.9989458322525024,-0.043978095054626465,0.010441777296364307,0,0.04346606507897377,0.9976977109909058,0.05001886188983917,0,-0.012535996735095978,-0.04948609694838524,0.9985988140106201,0,0,28.818199157714844,0,1
B5,mixamorig_Head,4,0.9343436360359192,-0.19948330521583557,-0.2950483560562134,0,0.028786087408661842,0.8669525980949402,-0.4956909716129303,0,0.3551645874977112,0.4546661674976349,0.8157121539115906,0,0,24.81220054626465,-0.20800000429153442,1
B6,mixamorig_HeadTop_End,5,1,0,0,0,0,1,0,0,0,0,1,0,0,103.31420135498047,-0.8658999800682068,1
B7,mixamorig_LeftShoulder,3,0.2130923867225647,-0.024330344051122665,-0.9767252802848816,0,0.9261637330055237,-0.3133164346218109,0.20986367762088776,0,-0.3111284077167511,-0.9493345618247986,-0.044236354529857635,0,10.665499687194824,25.014400482177734,-0.09600000083446503,1
B8,mixamorig_LeftArm,7,0.7503674626350403,0.4920223653316498,0.44029369950294495,0,-0.6521694660186768,0.44858887791633606,0.6103973984718323,0,0.1030081957578659,-0.7460504770278931,0.6576810479164124,0,0,22.733400344848633,0,1
B9,mixamorig_LeftForeArm,8,-0.3837616443634033,0.9225234389305115,0.020207375288009644,0,-0.9225323796272278,-0.38405075669288635,0.013017214834690094,0,0.019787365570664406,-0.013645811006426811,0.9997109174728394,0,0,53.267799377441406,0,1
B10,mixamorig_LeftHand,9,0.9156290888786316,0.24155345559120178,0.3200075626373291,0,-0.1440439075231552,0.9429961442947388,-0.29706552624702454,0,-0.37426093220710754,0.22541068494319916,0.898462176322937,0,0,48.94649887084961,0,1
B11,mixamorig_LeftHandThumb1,10,0.6750320196151733,0.7356939911842346,0.05555000156164169,0,-0.7084749937057495,0.6253600120544434,0.3270910084247589,0,0.20590008795261383,-0.26015299558639526,0.9433590173721313,0,-7.220099925994873,5.92080020904541,0,1
B12,mixamorig_LeftHandThumb2,11,0.7473649978637695,-0.6623830199241638,0.05190899968147278,0,0.6391350030899048,0.7380790114402771,0.21620799601078033,0,-0.18152500689029694,-0.1284089982509613,0.9749659895896912,0,-0.19339999556541443,7.467299938201904,0,1
B13,mixamorig_LeftHandThumb3,12,0.9405689835548401,-0.3177120089530945,-0.11995390802621841,0,0.26276808977127075,0.9046159982681274,-0.3355939984321594,0,0.21513399481773376,0.28412991762161255,0.9343379735946655,0,-0.07540000230073929,10.21150016784668,0,1
B14,mixamorig_LeftHandThumb4,13,1,0,0,0,0,1,0,0,0,0,1,0,0.2687999904155731,8.708700180053711,0,1
B15,mixamorig_LeftHandIndex1,10,0.9906569719314575,0.11091090738773346,0.07935500144958496,0,-0.1339779943227768,0.6828740239143372,0.718146026134491,0,0.025459999218583107,-0.7220680117607117,0.6913530230522156,0,0,11.067999839782715,0.17139999568462372,1
B16,mixamorig_LeftHandIndex2,15,0.9907690286636353,0.10009299963712692,0.09142500162124634,0,-0.09562399983406067,0.037972092628479004,0.9946929812431335,0,0.09608999639749527,-0.9942529797554016,0.047192998230457306,0,0.2676999866962433,15.237099647521973,0,1
B17,mixamorig_LeftHandIndex3,16,0.9922009706497192,0.11713100224733353,0.04262690618634224,0,-0.10714991390705109,0.6267738938331604,0.7717990279197693,0,0.06368499994277954,-0.770346999168396,0.6344360113143921,0,-0.27320000529289246,11.754599571228027,0,1
B18,mixamorig_LeftHandIndex4,17,1,0,0,0,0,1,0,0,0,0,1,0,0.005499999970197678,9.809100151062012,0,1
B19,mixamorig_RightShoulder,3,0.5025790333747864,-0.18164511024951935,0.8451903462409973,0,-0.8272877335548401,-0.38441506028175354,0.40940454602241516,0,0.25055888295173645,-0.9050386548042297,-0.3434008061885834,0,-10.665499687194824,25.013500213623047,0.04820000007748604,1
B20,mixamorig_RightArm,19,0.6477883458137512,-0.5819753408432007,-0.49116361141204834,0,0.7220561504364014,0.6743658185005188,0.1531182825565338,0,0.24198435246944427,-0.45402148365974426,0.8574204444885254,0,0,22.733400344848633,0,1
B21,mixamorig_RightForeArm,20,0.187531977891922,-0.9818188548088074,-0.007670671213418245,0,0.9818267822265625,0.1874692440032959,0.00820612721145153,0,-0.006625395733863115,-0.009070321917533875,0.9999372959136963,0,0,53.26279830932617,0,1
B22,mixamorig_RightHand,21,0.8725358843803406,-0.4852123260498047,-0.03135518729686737,0,0.4090341627597809,0.7673060894012451,-0.49335137009620667,0,0.26400259137153625,0.41858717799186707,0.8679585456848145,0,0,48.94879913330078,0,1
B23,mixamorig_RightHandThumb1,22,0.7282879948616028,-0.6848719716072083,-0.023381909355521202,0,0.6525499820709229,0.6826919913291931,0.3287999927997589,0,-0.20922400057315826,-0.25471898913383484,0.9441099762916565,0,8.018799781799316,6.1006999015808105,0,1
B24,mixamorig_RightHandThumb2,23,0.7336440086364746,0.6779639720916748,-0.046167999505996704,0,-0.654187023639679,0.7230290174484253,0.2219640016555786,0,0.18386399745941162,-0.13264000415802002,0.9739609956741333,0,1.1370999813079834,7.980000019073486,0,1
B25,mixamorig_RightHandThumb3,24,0.9854789972305298,0.08029600232839584,0.14960899949073792,0,-0.033139001578092575,0.955128014087677,-0.29433301091194153,0,-0.16652899980545044,0.2851009964942932,0.9439200162887573,0,1.0223000049591064,9.384200096130371,0,1
B26,mixamorig_RightHandThumb4,25,1,0,0,0,0,1,0,0,0,0,1,0,-2.1594998836517334,7.527200222015381,0,1
B27,mixamorig_RightHandIndex1,22,0.9900410175323486,-0.11685299873352051,-0.07851800322532654,0,0.13791599869728088,0.6930471062660217,0.7075768709182739,0,-0.028265999630093575,-0.7113580107688904,0.7022609710693359,0,0,12.017200469970703,0.17100000381469727,1
B28,mixamorig_RightHandIndex2,27,0.9905409812927246,-0.10366100072860718,-0.08990400284528732,0,0.09437700361013412,0.039083000272512436,0.9947689771652222,0,-0.0996050015091896,-0.9938449859619141,0.04849690571427345,0,-0.27889999747276306,14.73859977722168,0,1
B29,mixamorig_RightHandIndex3,28,0.9897249937057495,-0.1337680071592331,-0.05050500109791756,0,0.12378299981355667,0.624786913394928,0.770920991897583,0,-0.0715700015425682,-0.7692520022392273,0.6349250078201294,0,0.359499990940094,11.803400039672852,0,1
B30,mixamorig_RightHandIndex4,29,1,0,0,0,0,1,0,0,0,0,1,0,-0.08060000091791153,9.22070026397705,0,1
B31,mixamorig_LeftUpLeg,0,-0.8121460676193237,-0.4348495304584503,0.38897910714149475,0,0.3977137506008148,0.07517779618501663,0.9143545031547546,0,-0.42681884765625,0.8973217606544495,0.11188502609729767,0,16.968599319458008,-10.666000366210938,0.600600004196167,1
B32,mixamorig_LeftLeg,31,0.9913237690925598,0.12222015857696533,0.04828187823295593,0,-0.017865831032395363,0.4893740117549896,-0.8718324303627014,0,-0.1302126795053482,0.8634080290794373,0.4873166084289551,0,0,64.0801010131836,0,1
B33,mixamorig_LeftFoot,32,0.8860793113708496,-0.4542684555053711,-0.09220435470342636,0,0.3097674250602722,0.43232423067092896,0.8468332290649414,0,-0.3448234796524048,-0.7789243459701538,0.5237918496131897,0,0,55.26919937133789,0,1
B34,mixamorig_LeftToeBase,33,0.9912373423576355,-0.000019011571566807106,-0.13209299743175507,0,0.08374782651662827,0.7734142541885376,0.6283437013626099,0,0.1021508127450943,-0.6339002251625061,0.766638457775116,0,0,36.55550003051758,0,1
B35,mixamorig_LeftToe_End,34,1,0,0,0,0,1,0,0,0,0,1,0,0,13.579999923706055,0,1
B36,mixamorig_RightUpLeg,0,-0.9176796674728394,-0.1647532731294632,-0.3613245487213135,0,-0.31727439165115356,-0.24303433299064636,0.9165397882461548,0,-0.2387431561946869,0.9559035301208496,0.17078055441379547,0,-16.968599319458008,-10.666000366210938,0.4724000096321106,1
B37,mixamorig_RightLeg,36,0.976240336894989,-0.018242239952087402,-0.2158527970314026,0,-0.21493417024612427,0.04259718209505081,-0.9756617546081543,0,0.026958145201206207,0.998904287815094,0.037668172270059586,0,0,64.064697265625,0,1
B38,mixamorig_RightFoot,37,0.9112783670425415,0.2508063018321991,-0.32635268568992615,0,0.34877726435661316,-0.049575358629226685,0.935829758644104,0,0.218549445271492,-0.9667300581932068,-0.1327425241470337,0,0,55.25870132446289,0,1
B39,mixamorig_RightToeBase,38,0.9915751218795776,0.00013881383347325027,0.12952937185764313,0,-0.08114223927259445,0.7801382541656494,0.6203210353851318,0,-0.1009644865989685,-0.6256048083305359,0.7735769748687744,0,0,36.84489822387695,0,1
B40,mixamorig_RightToe_End,39,1,0,0,0,0,1,0,0,0,0,1,0,0,13.57919979095459,0,1
@34,0,1,2,3,4,5,7,8,9,10,11,12,13,15,16,17,19,20,21,22,23,24,25,27,28,29,31,32,33,34,36,37,38,39
K0.000,0.692205011844635,0.06362400203943253,0.7188910245895386,0,0.0029639999847859144,0.9958469867706299,-0.09098900109529495,0,-0.7216950058937073,0.06511399894952774,0.6891419887542725,0,0.6123740077018738,130.29539489746094,-0.8880959749221802,1,0.9918230175971985,-0.007191999815404415,-0.1274220049381256,0,0.027014000341296196,0.9876189827919006,0.1545269936323166,0,0.12473300099372864,-0.15670600533485413,0.9797369837760925,0,0,19.21179962158203,-0.12080000340938568,1,0.9997230172157288,-0.015196000225841999,-0.017967000603675842,0,0.015869000926613808,0.9991559982299805,0.03789300099015236,0,0.017376000061631203,-0.03816799819469452,0.9991199970245361,0,0,22.414199829101562,0,1,0.9997310042381287,-0.014822999946773052,-0.017829999327659607,0,0.015495000407099724,0.9991509914398193,0.03816499933600426,0,0.017249999567866325,-0.03843099996447563,0.9991120100021362,0,0,25.616199493408203,0,1,0.9704440236091614,0.08089999854564667,-0.2273620069026947,0,-0.07703500241041183,0.996694028377533,0.025837000459432602,0,0.22869999706745148,-0.007557999808341265,0.973468005657196,0,0,28.818199157714844,0,1,0.9364269971847534,-0.01790199987590313,-0.3504059910774231,0,0.06762100011110306,0.9891830086708069,0.130171999335289,0,0.3442850112915039,-0.14559100568294525,0.9275079965591431,0,0,24.81220054626465,-0.20800000429153442,1,-0.07154099643230438,0.02064099907875061,-0.997223973274231,0,0.8889229893684387,-0.45218199491500854,-0.0731310024857521,0,-0.45243600010871887,-0.8916869759559631,0.014000999741256237,0,10.665499687194824,25.014400482177734,-0.09600000083446503,1,0.591152012348175,0.1652590036392212,0.7894489765167236,0,-0.5993099808692932,0.7450439929962158,0.29280900955200195,0,-0.5397850275039673,-0.64621901512146,0.5394750237464905,0,0,22.733400344848633,0,1,-0.2813720107078552,0.9594150185585022,0.018761999905109406,0,-0.9594249725341797,-0.2816390097141266,0.013538000173866749,0,0.018272999674081802,-0.014192000031471252,0.9997320175170898,0,0,53.267799377441406,0,1,0.946120023727417,0.19109000265598297,-0.2614220082759857,0,-0.11996600031852722,0.9567149877548218,0.2651509940624237,0,0.3007740080356598,-0.2195030003786087,0.9280909895896912,0,0,48.94649887084961,0,1,0.6750320196151733,0.7356939911842346,0.05555000156164169,0,-0.7084749937057495,0.6253600120544434,0.3270910084247589,0,0.20589999854564667,-0.26015299558639526,0.9433590173721313,0,-7.220099925994873,5.92080020904541,0,1,0.7473649978637695,-0.6623830199241638,0.05190899968147278,0,0.6391350030899048,0.7380790114402771,0.21620799601078033,0,-0.18152500689029694,-0.1284099966287613,0.9749670028686523,0,-0.19339999556541443,7.467299938201904,0,1,0.9405689835548401,-0.3177120089530945,-0.11995299905538559,0,0.2627680003643036,0.9046159982681274,-0.3355939984321594,0,0.21513399481773376,0.2841300070285797,0.9343379735946655,0,-0.07540000230073929,10.21150016784668,0,1,0.9906569719314575,0.11091099679470062,0.07935500144958496,0,-0.13397899270057678,0.6828740239143372,0.718146026134491,0,0.025459999218583107,-0.7220680117607117,0.6913530230522156,0,0,11.067999839782715,0.17139999568462372,1,0.9907690286636353,0.10009299963712692,0.09142500162124634,0,-0.09562399983406067,0.03797300159931183,0.9946929812431335,0,0.09608999639749527,-0.9942529797554016,0.047192998230457306,0,0.2676999866962433,15.237099647521973,0,1,0.9922009706497192,0.11713100224733353,0.0426269993185997,0,-0.10715000331401825,0.62677401304245,0.7717990279197693,0,0.06368400156497955,-0.770346999168396,0.6344360113143921,0,-0.27320000529289246,11.754599571228027,0,1,0.2304610013961792,-0.05192200094461441,0.9716950058937073,0,-0.9478780031204224,-0.23777799308300018,0.21210700273513794,0,0.22003500163555145,-0.9699310064315796,-0.10401400178670883,0,-10.665499687194824,25.013500213623047,0.04820000007748604,1,0.5949900150299072,-0.6343299746513367,-0.493571013212204,0,0.7765510082244873,0.29534900188446045,0.5565400123596191,0,-0.20725500583648682,-0.7144190073013306,0.6683200001716614,0,0,22.733400344848633,0,1,-0.2753419876098633,-0.9612770080566406,-0.011540000326931477,0,0.9612839818000793,-0.2754409909248352,0.008034000173211098,0,-0.010901999659836292,-0.008880999870598316,0.9999009966850281,0,0,53.26279830932617,0,1,0.9425770044326782,-0.3250559866428375,0.07672400027513504,0,0.31746500730514526,0.9433460235595703,0.09651599824428558,0,-0.10375099629163742,-0.06661699712276459,0.9923700094223022,0,0,48.94879913330078,0,1,0.7282879948616028,-0.6848719716072083,-0.023382000625133514,0,0.6525499820709229,0.6826919913291931,0.3287999927997589,0,-0.20922400057315826,-0.25471898913383484,0.9441099762916565,0,8.018799781799316,6.1006999015808105,0,1,0.7336440086364746,0.6779639720916748,-0.046167999505996704,0,-0.654187023639679,0.7230290174484253,0.22196300327777863,0,0.18386399745941162,-0.13264000415802002,0.9739609956741333,0,1.1370999813079834,7.980000019073486,0,1,0.9854789972305298,0.08029600232839584,0.14960899949073792,0,-0.033139001578092575,0.955128014087677,-0.29433301091194153,0,-0.16652999818325043,0.2851009964942932,0.9439200162887573,0,1.0223000049591064,9.384200096130371,0,1,0.9900410175323486,-0.11685299873352051,-0.07851800322532654,0,0.13791599869728088,0.6930480003356934,0.7075759768486023,0,-0.028265999630093575,-0.7113580107688904,0.7022609710693359,0,0,12.017200469970703,0.17100000381469727,1,0.9905409812927246,-0.10366100072860718,-0.08990400284528732,0,0.09437800198793411,0.039083000272512436,0.9947689771652222,0,-0.0996050015091896,-0.9938449859619141,0.048496000468730927,0,-0.27889999747276306,14.73859977722168,0,1,0.9897249937057495,-0.1337680071592331,-0.05050500109791756,0,0.12378299981355667,0.6247860193252563,0.770920991897583,0,-0.0715700015425682,-0.7692520022392273,0.6349250078201294,0,0.359499990940094,11.803400039672852,0,1,-0.9345049858093262,-0.21960699558258057,0.280131995677948,0,0.3277049958705902,-0.838038980960846,0.4362339973449707,0,0.1389620006084442,0.4994640052318573,0.8551170229911804,0,16.968599319458008,-10.666000366210938,0.600600004196167,1,0.9905009865760803,-0.10453599691390991,-0.08933600038290024,0,-0.034306999295949936,0.44126400351524353,-0.8967210054397583,0,0.13315999507904053,0.8912680149078369,0.4334860146045685,0,0,64.0801010131836,0,1,0.9771469831466675,-0.21210800111293793,-0.013952000066637993,0,0.050909001380205154,0.16979099810123444,0.9841639995574951,0,-0.2063799947500229,-0.962382972240448,0.17670899629592896,0,0,55.26919937133789,0,1,0.9918820261955261,-0.00018000000272877514,-0.12716400623321533,0,0.08295200020074844,0.7588539719581604,0.6459559798240662,0,0.09638199955224991,-0.6512609720230103,0.7527080178260803,0,0,36.55550003051758,0,1,-0.8441870212554932,0.4091329872608185,-0.3463509976863861,0,-0.49913498759269714,-0.8355649709701538,0.22955499589443207,0,-0.19548100233078003,0.36666300892829895,0.9095849990844727,0,-16.968599319458008,-10.666000366210938,0.4724000096321106,1,0.9898560047149658,-0.1413249969482422,-0.014581999741494656,0,0.04755299910902977,0.42627501487731934,-0.9033430218696594,0,0.13388100266456604,0.8934860229492188,0.4286710023880005,0,0,64.064697265625,0,1,0.884128987789154,0.4569379985332489,-0.09758800268173218,0,0.04830000177025795,0.11836200207471848,0.991795003414154,0,0.46474000811576843,-0.8815879821777344,0.08257699757814407,0,0,55.25870132446289,0,1,0.9915459752082825,0,0.1297529935836792,0,-0.08115100115537643,0.7802910208702087,0.6201300024986267,0,-0.10124500095844269,-0.6254169940948486,0.7736949920654297,0,0,36.84489822387695,0,1
K0.033,0.6729317903518677,0.06608102470636368,0.7367472648620605,0,0.007424054201692343,0.9953479766845703,-0.09605704247951508,0,-0.7396672368049622,0.0701090469956398,0.6693107485771179,0,0.10573533922433853,131.3446502685547,-1.020641803741455,1,0.9938330054283142,-0.014522080309689045,-0.10993576794862747,0,0.030811037868261337,0.9885140061378479,0.147957906126976,0,0.106524758040905,-0.15043291449546814,0.9828640818595886,0,0,19.21179962158203,-0.12080000340938568,1,0.9994410276412964,-0.026808127760887146,-0.01997501030564308,0,0.028089134022593498,0.9973639249801636,0.06690031290054321,0,0.01812899112701416,-0.06742431223392487,0.9975600242614746,0,0,22.414199829101562,0,1,0.9994519948959351,-0.02648012898862362,-0.019886013120412827,0,0.027760135009884834,0.9973589181900024,0.06711631268262863,0,0.0180559903383255,-0.0676313117146492,0.9975469708442688,0,0,25.616199493408203,0,1,0.9760210514068604,0.07329881936311722,-0.2049637734889984,0,-0.07016780227422714,0.997281014919281,0.022511105984449387,0,0.20605577528476715,-0.0075901588425040245,0.9785110354423523,0,0,28.818199157714844,0,1,0.9107056260108948,-0.04493725672364235,-0.41060370206832886,0,0.08246520161628723,0.9938330054283142,0.07413766533136368,0,0.40473970770835876,-0.10137783735990524,0.908794641494751,0,0,24.81220054626465,-0.20800000429153442,1,-0.04906284809112549,0.009842879138886929,-0.9987469911575317,0,0.9000751972198486,-0.4330296516418457,-0.04848381504416466,0,-0.43296465277671814,-0.9013261795043945,0.01238603051751852,0,10.665499687194824,25.014400482177734,-0.09600000083446503,1,0.6735730767250061,0.10418707132339478,0.7317399978637695,0,-0.502598762512207,0.7904582023620605,0.3500990569591522,0,-0.541934609413147,-0.603588879108429,0.5847964882850647,0,0,22.733400344848633,0,1,-0.3733879625797272,0.9274585843086243,0.020061012357473373,0,-0.9274675846099854,-0.3736749589443207,0.013086993247270584,0,0.01963401399552822,-0.013718993403017521,0.9997130036354065,0,0,53.267799377441406,0,1,0.9610670804977417,0.15568985044956207,-0.22827689349651337,0,-0.1039610356092453,0.9691861271858215,0.22331833839416504,0,0.2560108006000519,-0.19089236855506897,0.9476381540298462,0,0,48.94649887084961,0,1,0.6750320196151733,0.7356939911842346,0.05555000156164169,0,-0.7084749937057495,0.6253600120544434,0.3270910084247589,0,0.20589999854564667,-0.26015299558639526,0.9433590173721313,0,-7.220099925994873,5.92080020904541,0,1,0.7473649978637695,-0.6623830199241638,0.05190899968147278,0,0.6391350030899048,0.7380790114402771,0.21620799601078033,0,-0.18152500689029694,-0.1284089982509613,0.9749670028686523,0,-0.19339999556541443,7.467299938201904,0,1,0.9405689835548401,-0.3177120089530945,-0.11995299905538559,0,0.2627680003643036,0.9046159982681274,-0.3355939984321594,0,0.21513399481773376,0.28412899374961853,0.9343379735946655,0,-0.07540000230073929,10.21150016784668,0,1,0.9906569719314575,0.11090999841690063,0.07935500144958496,0,-0.1339779943227768,0.6828740239143372,0.718146026134491,0,0.025459999218583107,-0.7220680117607117,0.6913530230522156,0,0,11.067999839782715,0.17139999568462372,1,0.9907690286636353,0.10009299963712692,0.09142500162124634,0,-0.09562399983406067,0.03797199949622154,0.9946929812431335,0,0.09608999639749527,-0.9942529797554016,0.047192998230457306,0,0.2676999866962433,15.237099647521973,0,1,0.9922009706497192,0.11713100224733353,0.04262600094079971,0,-0.10715000331401825,0.62677401304245,0.7717990279197693,0,0.06368499994277954,-0.770346999168396,0.6344360113143921,0,-0.27320000529289246,11.754599571228027,0,1,0.2520371675491333,-0.07452020794153214,0.9648439288139343,0,-0.93480384349823,-0.27656546235084534,0.22282902896404266,0,0.250237375497818,-0.9581007957458496,-0.13936735689640045,0,-10.665499687194824,25.013500213623047,0.04820000007748604,1,0.5676048398017883,-0.6851406097412109,-0.45651522278785706,0,0.8031901121139526,0.3390055000782013,0.48985835909843445,0,-0.18086084723472595,-0.6447150111198425,0.7427197694778442,0,0,22.733400344848633,0,1,-0.29150208830833435,-0.956498920917511,-0.011675001122057438,0,0.9565059542655945,-0.29160207509994507,0.007993999868631363,0,-0.011051001027226448,-0.008836999535560608,0.9998999834060669,0,0,53.26279830932617,0,1,0.9435679316520691,-0.32871314883232117,0.04034167155623436,0,0.3244221806526184,0.9419139623641968,0.08688601106405258,0,-0.06655871123075485,-0.06889510899782181,0.9954010248184204,0,0,48.94879913330078,0,1,0.7282879948616028,-0.6848719716072083,-0.023382000625133514,0,0.6525499820709229,0.6826919913291931,0.3287999927997589,0,-0.20922400057315826,-0.25471898913383484,0.9441099762916565,0,8.018799781799316,6.1006999015808105,0,1,0.7336440086364746,0.6779639720916748,-0.046167999505996704,0,-0.654187023639679,0.7230290174484253,0.2219640016555786,0,0.18386399745941162,-0.13264000415802002,0.9739609956741333,0,1.1370999813079834,7.980000019073486,0,1,0.9854789972305298,0.08029600232839584,0.14960899949073792,0,-0.033139001578092575,0.955128014087677,-0.29433301091194153,0,-0.16652999818325043,0.2851009964942932,0.9439200162887573,0,1.0223000049591064,9.384200096130371,0,1,0.9900410175323486,-0.11685299873352051,-0.07851800322532654,0,0.13791599869728088,0.6930469870567322,0.7075759768486023,0,-0.028265999630093575,-0.7113580107688904,0.7022609710693359,0,0,12.017200469970703,0.17100000381469727,1,0.9905409812927246,-0.10366100072860718,-0.08990400284528732,0,0.09437800198793411,0.039083000272512436,0.9947689771652222,0,-0.0996050015091896,-0.9938449859619141,0.048496000468730927,0,-0.27889999747276306,14.73859977722168,0,1,0.9897249937057495,-0.1337680071592331,-0.05050500109791756,0,0.12378299981355667,0.6247869729995728,0.770920991897583,0,-0.0715700015425682,-0.7692509889602661,0.6349250078201294,0,0.359499990940094,11.803400039672852,0,1,-0.9359340667724609,-0.2274700552225113,0.2688577473163605,0,0.32393088936805725,-0.855593204498291,0.4037696123123169,0,0.13818690180778503,0.46499255299568176,0.8744632601737976,0,16.968599319458008,-10.666000366210938,0.600600004196167,1,0.9942890405654907,-0.07676555216312408,-0.07413775473833084,0,-0.028964970260858536,0.4744983911514282,-0.8797797560691833,0,0.10271450132131577,0.8769028186798096,0.46956542134284973,0,0,64.0801010131836,0,1,0.9726649522781372,-0.23159930109977722,-0.01687903143465519,0,0.05971311777830124,0.17921610176563263,0.9819959998130798,0,-0.22440527379512787,-0.9561609029769897,0.18814712762832642,0,0,55.26919937133789,0,1,0.9919340014457703,-0.0001980002416530624,-0.12675300240516663,0,0.08287899941205978,0.757623016834259,0.6474090218544006,0,0.09590299427509308,-0.652692973613739,0.7515280246734619,0,0,36.55550003051758,0,1,-0.8446940183639526,0.40525296330451965,-0.3496600091457367,0,-0.4958329498767853,-0.8384920358657837,0.22600796818733215,0,-0.20159703493118286,0.36428093910217285,0.9092069864273071,0,-16.968599319458008,-10.666000366210938,0.4724000096321106,1,0.9923160076141357,-0.12365280836820602,-0.004304923117160797,0,0.0518760085105896,0.4473932385444641,-0.8928318619728088,0,0.11232677847146988,0.8857479095458984,0.45037025213241577,0,0,64.064697265625,0,1,0.8940221071243286,0.43485572934150696,-0.10782311856746674,0,0.05728410184383392,0.1277381181716919,0.9901520013809204,0,0.44434675574302673,-0.8913941383361816,0.08929109573364258,0,0,55.25870132446289,0,1,0.9915609955787659,0.000003000080141646322,0.12963800132274628,0,-0.08113399893045425,0.7799559831619263,0.6205530166625977,0,-0.10110998898744583,-0.6258350014686584,0.7733740210533142,0,0,36.84489822387695,0,1
K0.067,0.6489202380180359,0.0681699812412262,0.7577957510948181,0,0.012812945991754532,0.9948580265045166,-0.10046795755624771,0,-0.7607477903366089,0.07490595430135727,0.6447102427482605,0,-0.4600313603878021,132.56822204589844,-1.1000561714172363,1,0.9959740042686462,-0.02253692038357258,-0.08676423132419586,0,0.034471962600946426,0.989745020866394,0.13862408697605133,0,0.08275023847818375,-0.141057088971138,0.9865369200706482,0,0,19.21179962158203,-0.12080000340938568,1,0.9989929795265198,-0.03956287354230881,-0.021144988015294075,0,0.04145686700940132,0.9942960739135742,0.09827068448066711,0,0.01713600941002369,-0.0990476906299591,0.9949349761009216,0,0,22.414199829101562,0,1,0.9990059733390808,-0.03926187381148338,-0.02111198753118515,0,0.041156865656375885,0.9942910671234131,0.09843968600034714,0,0.017127009108662605,-0.099211685359478,0.9949190020561218,0,0,25.616199493408203,0,1,0.9816699624061584,0.05526517704129219,-0.1823992282152176,0,-0.050032202154397964,0.9981970191001892,0.033174894750118256,0,0.18390321731567383,-0.02344084158539772,0.982664942741394,0,0,28.818199157714844,0,1,0.8730263710021973,-0.0705377459526062,-0.48254528641700745,0,0.10290779918432236,0.993848979473114,0.040903329849243164,0,0.4766922891139984,-0.08536715805530548,0.874915361404419,0,0,24.81220054626465,-0.20800000429153442,1,-0.033701151609420776,-0.0022118801716715097,-0.9994300007820129,0,0.917171835899353,-0.39735734462738037,-0.030047181993722916,0,-0.39706435799598694,-0.9176608324050903,0.015419970266520977,0,10.665499687194824,25.014400482177734,-0.09600000083446503,1,0.7783190011978149,0.011383921839296818,0.6277660131454468,0,-0.3775292634963989,0.8073868155479431,0.4534280002117157,0,-0.5016884207725525,-0.5899121165275574,0.6327025294303894,0,0,22.733400344848633,0,1,-0.46864405274391174,0.8831273913383484,0.021404987201094627,0,-0.8831363916397095,-0.4689510464668274,0.01246100664138794,0,0.02104298584163189,-0.013063006103038788,0.999692976474762,0,0,53.267799377441406,0,1,0.9658899307250977,0.14099915325641632,-0.21719810366630554,0,-0.1077839657664299,0.9815579056739807,0.15787965059280396,0,0.23545320332050323,-0.12908360362052917,0.9632748365402222,0,0,48.94649887084961,0,1,0.6750320196151733,0.7356939911842346,0.05555000156164169,0,-0.7084749937057495,0.6253600120544434,0.3270910084247589,0,0.20590099692344666,-0.26015299558639526,0.9433590173721313,0,-7.220099925994873,5.92080020904541,0,1,0.7473649978637695,-0.6623830199241638,0.05190899968147278,0,0.6391350030899048,0.7380790114402771,0.21620799601078033,0,-0.18152500689029694,-0.1284089982509613,0.9749670028686523,0,-0.19339999556541443,7.467299938201904,0,1,0.9405689835548401,-0.3177120089530945,-0.11995299905538559,0,0.2627680003643036,0.9046159982681274,-0.3355939984321594,0,0.21513399481773376,0.28412899374961853,0.9343379735946655,0,-0.07540000230073929,10.21150016784668,0,1,0.9906569719314575,0.11091099679470062,0.07935500144958496,0,-0.1339779943227768,0.6828740239143372,0.718146026134491,0,0.025459999218583107,-0.7220680117607117,0.691353976726532,0,0,11.067999839782715,0.17139999568462372,1,0.9907690286636353,0.10009299963712692,0.09142500162124634,0,-0.09562399983406067,0.03797300159931183,0.9946929812431335,0,0.09608999639749527,-0.9942529797554016,0.047192998230457306,0,0.2676999866962433,15.237099647521973,0,1,0.9922009706497192,0.11713100224733353,0.0426269993185997,0,-0.10715000331401825,0.62677401304245,0.7717990279197693,0,0.06368499994277954,-0.770346999168396,0.6344360113143921,0,-0.27320000529289246,11.754599571228027,0,1,0.26921382546424866,-0.09561178833246231,0.958323061466217,0,-0.9187991619110107,-0.32375553250312805,0.2258099764585495,0,0.288671612739563,-0.941297173500061,-0.1750076413154602,0,-10.665499687194824,25.013500213623047,0.04820000007748604,1,0.5516001582145691,-0.7428404092788696,-0.37937477231025696,0,0.8174608945846558,0.3910214900970459,0.4229186475276947,0,-0.16581715643405914,-0.5434060096740723,0.8229302167892456,0,0,22.733400344848633,0,1,-0.30182990431785583,-0.9532890319824219,-0.011760999448597431,0,0.9532960653305054,-0.30193090438842773,0.007966999895870686,0,-0.01114599872380495,-0.008806999772787094,0.9998990297317505,0,0,53.26279830932617,0,1,0.9390010833740234,-0.34382885694503784,0.007681324612349272,0,0.34187182784080505,0.9356210827827454,0.08795799314975739,0,-0.037429291754961014,-0.07996688783168793,0.9960950016975403,0,0,48.94879913330078,0,1,0.7282879948616028,-0.6848719716072083,-0.023382000625133514,0,0.6525499820709229,0.6826919913291931,0.3287999927997589,0,-0.20922400057315826,-0.25471898913383484,0.9441099762916565,0,8.018799781799316,6.1006999015808105,0,1,0.7336440086364746,0.6779639720916748,-0.046167999505996704,0,-0.654187023639679,0.7230290174484253,0.2219640016555786,0,0.18386399745941162,-0.13264000415802002,0.9739609956741333,0,1.1370999813079834,7.980000019073486,0,1,0.9854789972305298,0.08029600232839584,0.14960899949073792,0,-0.033139001578092575,0.955128014087677,-0.29433301091194153,0,-0.16652999818325043,0.2851009964942932,0.9439200162887573,0,1.0223000049591064,9.384200096130371,0,1,0.9900410175323486,-0.11685299873352051,-0.07851800322532654,0,0.13791599869728088,0.6930480003356934,0.7075759768486023,0,-0.028265999630093575,-0.7113580107688904,0.7022609710693359,0,0,12.017200469970703,0.17100000381469727,1,0.9905409812927246,-0.10366100072860718,-0.08990400284528732,0,0.09437800198793411,0.039083000272512436,0.9947689771652222,0,-0.0996050015091896,-0.9938449859619141,0.048496000468730927,0,-0.27889999747276306,14.73859977722168,0,1,0.9897249937057495,-0.1337680071592331,-0.05050500109791756,0,0.12378399819135666,0.6247869729995728,0.770920991897583,0,-0.0715700015425682,-0.7692509889602661,0.6349250078201294,0,0.359499990940094,11.803400039672852,0,1,-0.941292941570282,-0.23356693983078003,0.24375025928020477,0,0.3123781085014343,-0.8764018416404724,0.3665243685245514,0,0.12801510095596313,0.4211484491825104,0.897911787033081,0,16.968599319458008,-10.666000366210938,0.600600004196167,1,0.9982499480247498,-0.03233844414353371,-0.049504246562719345,0,-0.025921029970049858,0.5131406188011169,-0.8579132556915283,0,0.053146492689847946,0.8576951622962952,0.5114045739173889,0,0,64.0801010131836,0,1,0.9651760458946228,-0.2608296871185303,-0.02005796879529953,0,0.0715668797492981,0.1895218938589096,0.9792649745941162,0,-0.25161972641944885,-0.9465991258621216,0.20158886909484863,0,0,55.26919937133789,0,1,0.9920009970664978,-0.00022299974807538092,-0.12622900307178497,0,0.08278600126504898,0.7560499906539917,0.6492570042610168,0,0.09529101103544235,-0.6545140147209167,0.7500209808349609,0,0,36.55550003051758,0,1,-0.8468350172042847,0.4016300439834595,-0.3486590087413788,0,-0.49108004570007324,-0.8421899676322937,0.22261202335357666,0,-0.20422996580600739,0.35973507165908813,0.9104290008544922,0,-16.968599319458008,-10.666000366210938,0.4724000096321106,1,0.9945610165596008,-0.10410619527101517,0.00336392386816442,0,0.05244199186563492,0.47257277369499207,-0.8797301054000854,0,0.08999522030353546,0.8751211166381836,0.4754617512226105,0,0,64.064697265625,0,1,0.9050058722496033,0.40824025869369507,-0.1195988804101944,0,0.06750289350748062,0.13976888358592987,0.9878810048103333,0,0.42000824213027954,-0.9021108746528625,0.09893390536308289,0,0,55.25870132446289,0,1,0.9916080236434937,0.000010999920959875453,0.1292790025472641,0,-0.08108299970626831,0.7789139747619629,0.6218670010566711,0,-0.10069000720977783,-0.6271309852600098,0.7723780274391174,0,0,36.84489822387695,0,1
K0.100,0.6349989771842957,0.07926899939775467,0.768435001373291,0,0.01769299991428852,0.9929680228233337,-0.11705199629068375,0,-0.7723100185394287,0.08792400360107422,0.6291319727897644,0,-0.7348949909210205,133.8733367919922,-1.4986519813537598,1,0.9979349970817566,-0.02926200069487095,-0.05717900022864342,0,0.036545999348163605,0.9907339811325073,0.1308089941740036,0,0.052820999175310135,-0.13262799382209778,0.9897570013999939,0,0,19.21179962158203,-0.12080000340938568,1,0.9984239935874939,-0.05214099958539009,-0.02078000083565712,0,0.05443999916315079,0.9897059798240662,0.13235999643802643,0,0.013664999976754189,-0.13328300416469574,0.9909840226173401,0,0,22.414199829101562,0,1,0.9984390139579773,-0.05183900147676468,-0.020805999636650085,0,0.05414599925279617,0.9897029995918274,0.13249599933624268,0,0.013724000193178654,-0.13341599702835083,0.9909650087356567,0,0,25.616199493408203,0,1,0.9892749786376953,0.03711700066924095,-0.14126700162887573,0,-0.031015999615192413,0.9984989762306213,0.04515000060200691,0,0.14273099601268768,-0.04028400033712387,0.9889410138130188,0,0,28.818199157714844,0,1,0.8545429706573486,-0.09374500066041946,-0.5108500123023987,0,0.08540800213813782,0.9955499768257141,-0.03982199728488922,0,0.5123100280761719,-0.009601003490388393,0.8587470054626465,0,0,24.81220054626465,-0.20800000429153442,1,-0.016697000712156296,-0.01451099943369627,-0.9997550249099731,0,0.9400370121002197,-0.34090399742126465,-0.010752000845968723,0,-0.34066399931907654,-0.939985990524292,0.019332999363541603,0,10.665499687194824,25.014400482177734,-0.09600000083446503,1,0.8194980025291443,-0.022762998938560486,0.572629988193512,0,-0.3309069871902466,0.7970100045204163,0.5052469968795776,0,-0.46789300441741943,-0.6035370230674744,0.6456159949302673,0,0,22.733400344848633,0,1,-0.5199080109596252,0.8539360165596008,0.022128000855445862,0,-0.8539440035820007,-0.5202249884605408,0.012048999778926373,0,0.021801000460982323,-0.012632000260055065,0.9996830224990845,0,0,53.267799377441406,0,1,0.9730579853057861,0.13007000088691711,-0.19036899507045746,0,-0.10847099870443344,0.9868519902229309,0.11982399970293045,0,0.2034509927034378,-0.09594599902629852,0.9743729829788208,0,0,48.94649887084961,0,1,0.6750320196151733,0.7356939911842346,0.05555000156164169,0,-0.7084749937057495,0.6253600120544434,0.3270910084247589,0,0.20589999854564667,-0.26015299558639526,0.9433590173721313,0,-7.220099925994873,5.92080020904541,0,1,0.7473649978637695,-0.6623830199241638,0.05190899968147278,0,0.6391350030899048,0.7380790114402771,0.21620799601078033,0,-0.18152500689029694,-0.1284089982509613,0.9749670028686523,0,-0.19339999556541443,7.467299938201904,0,1,0.9405689835548401,-0.3177120089530945,-0.11995299905538559,0,0.2627680003643036,0.9046159982681274,-0.3355939984321594,0,0.21513399481773376,0.28412899374961853,0.9343379735946655,0,-0.07540000230073929,10.21150016784668,0,1,0.9906569719314575,0.11091099679470062,0.07935500144958496,0,-0.1339779943227768,0.6828740239143372,0.718146026134491,0,0.025459999218583107,-0.7220680117607117,0.691353976726532,0,0,11.067999839782715,0.17139999568462372,1,0.9907690286636353,0.10009299963712692,0.09142500162124634,0,-0.09562399983406067,0.03797199949622154,0.9946929812431335,0,0.09608999639749527,-0.9942529797554016,0.047192998230457306,0,0.2676999866962433,15.237099647521973,0,1,0.9922009706497192,0.11713100224733353,0.0426269993185997,0,-0.10715000331401825,0.62677401304245,0.7717990279197693,0,0.06368499994277954,-0.770346999168396,0.6344360113143921,0,-0.27320000529289246,11.754599571228027,0,1,0.29305601119995117,-0.115276999771595,0.9491199851036072,0,-0.9015899896621704,-0.3637070059776306,0.23420600593090057,0,0.31820300221443176,-0.9243530035018921,-0.2105190008878708,0,-10.665499687194824,25.013500213623047,0.04820000007748604,1,0.5430319905281067,-0.7621110081672668,-0.35256698727607727,0,0.835548996925354,0.44864699244499207,0.3171350061893463,0,-0.08351399749517441,-0.4668009877204895,0.8804100155830383,0,0,22.733400344848633,0,1,-0.35204800963401794,-0.935903012752533,-0.012180999852716923,0,0.9359099864959717,-0.3521530032157898,0.007822000421583652,0,-0.011610999703407288,-0.008647000417113304,0.9998949766159058,0,0,53.26279830932617,0,1,0.9498140215873718,-0.3116289973258972,-0.027205998077988625,0,0.312483012676239,0.9412059783935547,0.12839600443840027,0,-0.014406001195311546,-0.13045400381088257,0.991349995136261,0,0,48.94879913330078,0,1,0.7282879948616028,-0.6848719716072083,-0.023382000625133514,0,0.6525499820709229,0.6826919913291931,0.3287999927997589,0,-0.20922300219535828,-0.25471898913383484,0.9441099762916565,0,8.018799781799316,6.1006999015808105,0,1,0.7336429953575134,0.677964985370636,-0.046167999505996704,0,-0.6541879773139954,0.7230290174484253,0.2219640016555786,0,0.18386399745941162,-0.13264000415802002,0.9739609956741333,0,1.1370999813079834,7.980000019073486,0,1,0.9854789972305298,0.08029600232839584,0.14960899949073792,0,-0.033139001578092575,0.955128014087677,-0.29433301091194153,0,-0.16652999818325043,0.2851009964942932,0.9439200162887573,0,1.0223000049591064,9.384200096130371,0,1,0.9900410175323486,-0.11685299873352051,-0.07851800322532654,0,0.13791599869728088,0.6930469870567322,0.7075759768486023,0,-0.028265999630093575,-0.7113580107688904,0.7022609710693359,0,0,12.017200469970703,0.17100000381469727,1,0.9905409812927246,-0.10366100072860718,-0.08990400284528732,0,0.09437800198793411,0.03908199816942215,0.9947689771652222,0,-0.0996050015091896,-0.9938449859619141,0.048496000468730927,0,-0.27889999747276306,14.73859977722168,0,1,0.9897249937057495,-0.1337680071592331,-0.05050500109791756,0,0.12378399819135666,0.6247869729995728,0.770920991897583,0,-0.0715700015425682,-0.7692520022392273,0.6349250078201294,0,0.359499990940094,11.803400039672852,0,1,-0.9472079873085022,-0.2230370044708252,0.23033100366592407,0,0.2910029888153076,-0.8996189832687378,0.32558199763298035,0,0.13459299504756927,0.3754209876060486,0.9170299768447876,0,16.968599319458008,-10.666000366210938,0.600600004196167,1,0.9991829991340637,0.0006809985497966409,-0.04041299968957901,0,-0.033868998289108276,0.5597479939460754,-0.827970027923584,0,0.022057002410292625,0.8286619782447815,0.5593140125274658,0,0,64.0801010131836,0,1,0.9597070217132568,-0.2803730070590973,-0.01878800056874752,0,0.08133900165557861,0.21317900717258453,0.9736210107803345,0,-0.2689720094203949,-0.935920000076294,0.22739499807357788,0,0,55.26919937133789,0,1,0.9920099973678589,-0.00022600000374950469,-0.1261579990386963,0,0.08277300000190735,0.7558339834213257,0.6495109796524048,0,0.09520699828863144,-0.6547639966011047,0.7498130202293396,0,0,36.55550003051758,0,1,-0.8448460102081299,0.4161989986896515,-0.33617401123046875,0,-0.49724799394607544,-0.8427199721336365,0.20632000267505646,0,-0.19743099808692932,0.34147098660469055,0.918923020362854,0,-16.968599319458008,-10.666000366210938,0.4724000096321106,1,0.9963150024414062,-0.08555600047111511,-0.00600399961695075,0,0.03765000030398369,0.499193012714386,-0.8656730055809021,0,0.0770609974861145,0.8622570037841797,0.5005750060081482,0,0,64.064697265625,0,1,0.9132279753684998,0.3861039876937866,-0.13014699518680573,0,0.07536400109529495,0.1538420021533966,0.9852169752120972,0,0.4004180133342743,-0.9095370173454285,0.11139500141143799,0,0,55.25870132446289,0,1,0.9916269779205322,0.000014000000192027073,0.12913699448108673,0,-0.08106300234794617,0.7785009741783142,0.6223859786987305,0,-0.10052400082349777,-0.6276429891586304,0.7719839811325073,0,0,36.84489822387695,0,1
