4.700,30,140,41
B0,mixamorig_Hips,-1,0.9987925291061401,-0.03274766355752945,0.036598194390535355,0,0.01913709193468094,0.9458464980125427,0.3240467607975006,0,-0.04522782936692238,-0.32295623421669006,0.9453319311141968,0,0.00971992313861847,142.56004333496094,-17.312591552734375,1
B1,mixamorig_Spine,0,0.9982367157936096,-0.05663813650608063,-0.01749715581536293,0,0.05909716710448265,0.9274207949638367,0.3693138062953949,0,-0.004687694367021322,-0.3696938455104828,0.9291375875473022,0,0,19.21179962158203,-0.12080000340938568,1
B2,mixamorig_Spine1,1,0.999652087688446,0.02634514681994915,-0.0012541462201625109,0,-0.02632773481309414,0.9995801448822021,0.012127315625548363,0,0.001573301269672811,-0.012090492993593216,0.9999252557754517,0,0,22.414199829101562,0,1
B3,mixamorig_Spine2,2,0.999652087688446,0.0262636449187994,-0.002443356439471245,0,-0.02623186819255352,0.9995818734169006,0.01215134747326374,0,0.00276175606995821,-0.012083036825060844,0.9999232888221741,0,0,25.616199493408203,0,1
B4,mixamorig_Neck,3,0.9990129470825195,-0.034984372556209564,-0.027363253757357597,0,0.02576594054698944,0.9583182334899902,-0.284538209438324,0,0.03617728501558304,0.28355276584625244,0.9582740068435669,0,0,28.818199157714844,0,1
B5,mixamorig_Head,4,0.9894005656242371,-0.07605386525392532,-0.12365887314081192,0,-0.03280789405107498,0.7126142978668213,-0.7007845640182495,0,0.14141958951950073,0.6974205374717712,0.7025650143623352,0,0,24.81220054626465,-0.20800000429153442,1
B6,mixamorig_HeadTop_End,5,1,0,0,0,0,1,0,0,0,0,1,0,0,103.31420135498047,-0.8658999800682068,1
B7,mixamorig_LeftShoulder,3,-0.0527973510324955,0.020761121064424515,-0.9983897805213928,0,0.8665755987167358,-0.4958781898021698,-0.056138284504413605,0,-0.4962455630302429,-0.8681437373161316,0.008190222084522247,0,10.665499687194824,25.014400482177734,-0.09600000083446503,1
B8,mixamorig_LeftArm,7,0.868883490562439,0.43740060925483704,0.23176735639572144,0,-0.4854816198348999,0.6615685224533081,0.5715164542198181,0,0.09665212780237198,-0.6090981960296631,0.7871800065040588,0,0,22.733400344848633,0,1
B9,mixamorig_LeftForeArm,8,-0.42519116401672363,0.9048643708229065,0.020791422575712204,0,-0.9048733711242676,-0.4254891574382782,0.012768411077558994,0,0.02040042169392109,-0.0133852893486619,0.999701976776123,0,0,53.267799377441406,0,1
B10,mixamorig_LeftHand,9,0.7245209217071533,-0.4364299178123474,-0.5334750413894653,0,0.5492997765541077,0.8331162929534912,0.06445882469415665,0,0.4163197875022888,-0.3397437036037445,0.8433389663696289,0,0,48.94649887084961,0,1
B11,mixamorig_LeftHandThumb1,10,0.8371250033378601,0.5237159729003906,-0.1579349935054779,0,-0.5375400185585022,0.8410930037498474,-0.06011512130498886,0,0.10135400295257568,0.13522012531757355,0.985617995262146,0,-7.220099925994873,5.92080020904541,0,1
B12,mixamorig_LeftHandThumb2,11,0.9076129794120789,-0.4196091294288635,-0.012873999774456024,0,0.4191640019416809,0.9040989875793457,0.08310399949550629,0,-0.023231877014040947,-0.08082299679517746,0.9964579939842224,0,-0.19339999556541443,7.467299938201904,0,1
B13,mixamorig_LeftHandThumb3,12,0.9878690242767334,-0.15522199869155884,0.004648999776691198,0,0.1552789956331253,0.987729012966156,-0.01673699915409088,0,-0.0019940000493079424,0.017255999147892,0.9998490214347839,0,-0.07540000230073929,10.21150016784668,0,1
B14,mixamorig_LeftHandThumb4,13,1,0,0,0,0,1,0,0,0,0,1,0,0.2687999904155731,8.708700180053711,0,1
B15,mixamorig_LeftHandIndex1,10,0.9999120235443115,-0.01309799961745739,0.002088000066578388,0,0.013162000104784966,0.9604880213737488,-0.2780109941959381,0,0.001636000000871718,0.27801400423049927,0.9605759978294373,0,0,11.067999839782715,0.17139999568462372,1
B16,mixamorig_LeftHandIndex2,15,0.999754011631012,0.02139187790453434,0.005901999771595001,0,-0.020904000848531723,0.8185949921607971,0.5739910006523132,0,0.007447000127285719,-0.5739730000495911,0.8188408613204956,0,0.2676999866962433,15.237099647521973,0,1
B17,mixamorig_LeftHandIndex3,16,0.9984930157661438,0.054809000343084335,0.002761000068858266,0,-0.05309787765145302,0.9521520137786865,0.3009769916534424,0,0.013867000117897987,-0.3006710112094879,0.9536269903182983,0,-0.27320000529289246,11.754599571228027,0,1
B18,mixamorig_LeftHandIndex4,17,1,0,0,0,0,1,0,0,0,0,1,0,0.005499999970197678,9.809100151062012,0,1
B19,mixamorig_RightShoulder,3,0.2826128602027893,-0.04241761565208435,0.9582897424697876,0,-0.8943744897842407,-0.3727499842643738,0.2472609132528305,0,0.3467121124267578,-0.9269593954086304,-0.14328719675540924,0,-10.665499687194824,25.013500213623047,0.04820000007748604,1
B20,mixamorig_RightArm,19,0.9857569336891174,0.14649303257465363,0.07906166464090347,0,-0.16482871770858765,0.7940921783447266,0.5847346186637878,0,0.022847510874271393,-0.5898600816726685,0.8070063591003418,0,0,22.733400344848633,0,1
B21,mixamorig_RightForeArm,20,-0.6253612637519836,-0.7801977396011353,-0.014464989304542542,0,0.7802045941352844,-0.6254871487617493,0.006520154885947704,0,-0.014135255478322506,-0.007208521477878094,0.9998739957809448,0,0,53.26279830932617,0,1
B22,mixamorig_RightHand,21,0.86883544921875,0.3613811433315277,0.3380475342273712,0,-0.4355727732181549,0.8825197815895081,0.1759573519229889,0,-0.23458372056484222,-0.30014172196388245,0.9244759678840637,0,0,48.94879913330078,0,1
B23,mixamorig_RightHandThumb1,22,0.7481735944747925,-0.6278741955757141,0.21449998021125793,0,0.6032228469848633,0.7783142924308777,0.1742103546857834,0,-0.2763307988643646,-0.0009480347507633269,0.9610626101493835,0,8.018799781799316,6.1006999015808105,0,1
B24,mixamorig_RightHandThumb2,23,0.8173060417175293,0.5609490275382996,-0.1317092329263687,0,-0.5514847040176392,0.8277661800384521,0.10328267514705658,0,0.16696098446846008,-0.011778165586292744,0.9858927726745605,0,1.1370999813079834,7.980000019073486,0,1
B25,mixamorig_RightHandThumb3,24,0.9853923320770264,-0.14492830634117126,-0.0894288569688797,0,0.1390478014945984,0.9878897070884705,-0.06884939968585968,0,0.09832463413476944,0.055409520864486694,0.9936103820800781,0,1.0223000049591064,9.384200096130371,0,1
B26,mixamorig_RightHandThumb4,25,1,0,0,0,0,1,0,0,0,0,1,0,-2.1594998836517334,7.527200222015381,0,1
B27,mixamorig_RightHandIndex1,22,0.9999681115150452,0.007978834211826324,0.0005277332966215909,0,-0.007483445107936859,0.957088053226471,-0.2896997630596161,0,-0.002816311316564679,0.28968676924705505,0.9571170210838318,0,0,12.017200469970703,0.17100000381469727,1
B28,mixamorig_RightHandIndex2,27,0.9999880194664001,-0.004912000149488449,0.00041087777935899794,0,0.003768000053241849,0.8154630064964294,0.5787971019744873,0,-0.0031778777483850718,-0.5787889957427979,0.8154709935188293,0,-0.27889999747276306,14.73859977722168,0,1
B29,mixamorig_RightHandIndex3,28,0.997871994972229,-0.06507811695337296,-0.004081999883055687,0,0.06324099749326706,0.9506509900093079,0.3037469983100891,0,-0.015886999666690826,-0.3033590018749237,0.9527440071105957,0,0.359499990940094,11.803400039672852,0,1
B30,mixamorig_RightHandIndex4,29,1,0,0,0,0,1,0,0,0,0,1,0,-0.08060000091791153,9.22070026397705,0,1
B31,mixamorig_LeftUpLeg,0,-0.9471029043197632,-0.0207450482994318,0.3202511668205261,0,0.2605186104774475,-0.6324465274810791,0.7294800281524658,0,0.18740884959697723,0.7743239998817444,0.604395866394043,0,16.968599319458008,-10.666000366210938,0.600600004196167,1
B32,mixamorig_LeftLeg,31,0.9899073839187622,0.07765009254217148,0.11854459345340729,0,0.02675476111471653,0.719068706035614,-0.6944238543510437,0,-0.13916398584842682,0.6905876398086548,0.7097335457801819,0,0,64.0801010131836,0,1
B33,mixamorig_LeftFoot,32,0.9684094786643982,-0.08404601365327835,0.23477569222450256,0,-0.1673937886953354,0.4787404239177704,0.8618499636650085,0,-0.1848316490650177,-0.8739235401153564,0.44954782724380493,0,0,55.26919937133789,0,1
B34,mixamorig_LeftToeBase,33,0.9911302328109741,-0.000003000000106112566,-0.13289201259613037,0,0.0838640034198761,0.7757389545440674,0.6254557967185974,0,0.10308777540922165,-0.631053626537323,0.7688590884208679,0,0,36.55550003051758,0,1
B35,mixamorig_LeftToe_End,34,1,0,0,0,0,1,0,0,0,0,1,0,0,13.579999923706055,0,1
B36,mixamorig_RightUpLeg,0,-0.9292072653770447,-0.13778804242610931,-0.3429076671600342,0,-0.17097748816013336,-0.6623240113258362,0.7294450402259827,0,-0.3276267349720001,0.7364345788955688,0.5918790698051453,0,-16.968599319458008,-10.666000366210938,0.4724000096321106,1
B37,mixamorig_RightLeg,36,0.9947589635848999,-0.10201195627450943,0.006627142895013094,0,0.08251184225082397,0.7629491090774536,-0.6411690711975098,0,0.060351330786943436,0.6383580565452576,0.7673677802085876,0,0,64.064697265625,0,1
B38,mixamorig_RightFoot,37,0.9656341671943665,0.1101742833852768,-0.23539681732654572,0,0.1507597267627716,0.5003278851509094,0.8526095151901245,0,0.21171210706233978,-0.8587974309921265,0.46652358770370483,0,0,55.25870132446289,0,1
B39,mixamorig_RightToeBase,38,0.9915400147438049,0,0.12980100512504578,0,-0.08115699887275696,0.7804290056228638,0.6199541091918945,0,-0.10130088031291962,-0.6252440214157104,0.7738270163536072,0,0,36.84489822387695,0,1
B40,mixamorig_RightToe_End,39,1,0,0,0,0,1,0,0,0,0,1,0,0,13.57919979095459,0,1
@34,0,1,2,3,4,5,7,8,9,10,11,12,13,15,16,17,19,20,21,22,23,24,25,27,28,29,31,32,33,34,36,37,38,39
K0.000,0.9991300106048584,-0.01523599959909916,0.038819000124931335,0,0.0021379999816417694,0.9483609795570374,0.31718701124191284,0,-0.04164699837565422,-0.31682801246643066,0.9475679993629456,0,0.09479399770498276,142.57351684570312,-18.41132926940918,1,0.9995840191841125,-0.006635999772697687,-0.02805599942803383,0,0.01697699911892414,0.9220119714736938,0.3867889940738678,0,0.023302000015974045,-0.38710498809814453,0.9217410087585449,0,0,19.21179962158203,-0.12080000340938568,1,0.9998909831047058,0.014235000126063824,-0.004015000071376562,0,-0.014174999669194221,0.9997950196266174,0.014468999579548836,0,0.004220000002533197,-0.014410000294446945,0.9998869895935059,0,0,22.414199829101562,0,1,0.9998900294303894,0.014066999778151512,-0.004701999947428703,0,-0.013996999710798264,0.9997979998588562,0.014433000236749649,0,0.004904000088572502,-0.0143649997189641,0.9998850226402283,0,0,25.616199493408203,0,1,0.9994029998779297,-0.0305550005286932,-0.016124999150633812,0,0.024447999894618988,0.9552509784698486,-0.2947849929332733,0,0.024411000311374664,0.29421401023864746,0.9554280042648315,0,0,28.818199157714844,0,1,0.9950199723243713,-0.08178699761629105,-0.05697299912571907,0,0.019555000588297844,0.720658004283905,-0.6930149793624878,0,0.09773799777030945,0.6884499788284302,0.7186679840087891,0,0,24.81220054626465,-0.20800000429153442,1,-0.04670099914073944,0.018175000324845314,-0.998744010925293,0,0.8857790231704712,-0.4614259898662567,-0.04981600120663643,0,-0.4617519974708557,-0.8869929909706116,0.005450000055134296,0,10.665499687194824,25.014400482177734,-0.09600000083446503,1,0.8595029711723328,0.4480150043964386,0.24604499340057373,0,-0.49953600764274597,0.634323000907898,0.5899990200996399,0,0.10825599730014801,-0.6300140023231506,0.7690020203590393,0,0,22.733400344848633,0,1,-0.4198099970817566,0.9073749780654907,0.020716000348329544,0,-0.9073839783668518,-0.42010700702667236,0.012803999707102776,0,0.02032100036740303,-0.013422000221908092,0.9997029900550842,0,0,53.267799377441406,0,1,0.7217159867286682,-0.4080190062522888,-0.5591480135917664,0,0.535302996635437,0.8411290049552917,0.0771540030837059,0,0.4388349950313568,-0.35499700903892517,0.825469970703125,0,0,48.94649887084961,0,1,0.8371250033378601,0.5237159729003906,-0.1579349935054779,0,-0.5375400185585022,0.8410930037498474,-0.0601160004734993,0,0.10135400295257568,0.135220006108284,0.985617995262146,0,-7.220099925994873,5.92080020904541,0,1,0.90761399269104,-0.419609010219574,-0.012873999774456024,0,0.4191629886627197,0.9040989875793457,0.08310399949550629,0,-0.023231999948620796,-0.08082299679517746,0.9964579939842224,0,-0.19339999556541443,7.467299938201904,0,1,0.9878690242767334,-0.15522299706935883,0.004648999776691198,0,0.1552799940109253,0.987729012966156,-0.01673699915409088,0,-0.0019940000493079424,0.017255999147892,0.9998490214347839,0,-0.07540000230073929,10.21150016784668,0,1,0.9999120235443115,-0.01309799961745739,0.002088000066578388,0,0.013162000104784966,0.9604880213737488,-0.2780109941959381,0,0.001636000000871718,0.27801400423049927,0.9605759978294373,0,0,11.067999839782715,0.17139999568462372,1,0.999754011631012,0.02139200083911419,0.005901999771595001,0,-0.020904000848531723,0.8185949921607971,0.5739910006523132,0,0.007447000127285719,-0.5739730000495911,0.8188400268554688,0,0.2676999866962433,15.237099647521973,0,1,0.9984930157661438,0.054809000343084335,0.002761000068858266,0,-0.05309800058603287,0.9521520137786865,0.3009769916534424,0,0.013867000117897987,-0.30066999793052673,0.9536269903182983,0,-0.27320000529289246,11.754599571228027,0,1,0.3773840069770813,-0.044314999133348465,0.924996018409729,0,-0.8459500074386597,-0.4228760004043579,0.32487601041793823,0,0.3767620027065277,-0.9051030278205872,-0.1970749944448471,0,-10.665499687194824,25.013500213623047,0.04820000007748604,1,0.9285929799079895,0.15585599839687347,-0.3367840051651001,0,0.09729500114917755,0.7735360264778137,0.6262400150299072,0,0.3581179976463318,-0.6142899990081787,0.7031360268592834,0,0,22.733400344848633,0,1,-0.5877590179443359,-0.8089119791984558,-0.014151000417768955,0,0.8089190125465393,-0.5878819823265076,0.0067610000260174274,0,-0.013787999749183655,-0.007474000100046396,0.9998769760131836,0,0,53.26279830932617,0,1,0.7796059846878052,0.49556899070739746,0.38291698694229126,0,-0.6067439913749695,0.7491570115089417,0.2657560110092163,0,-0.15516400337219238,-0.439518004655838,0.8847299814224243,0,0,48.94879913330078,0,1,0.7481390237808228,-0.6279129981994629,0.21450500190258026,0,0.6032710075378418,0.7782829999923706,0.17418499290943146,0,-0.2763189971446991,-0.000910000002477318,0.9610660076141357,0,8.018799781799316,6.1006999015808105,0,1,0.8172950148582458,0.5609710216522217,-0.13168300688266754,0,-0.5514990091323853,0.8277509808540344,0.10333000123500824,0,0.1669660061597824,-0.011827999725937843,0.9858919978141785,0,1.1370999813079834,7.980000019073486,0,1,0.9853940010070801,-0.1449120044708252,-0.08943399786949158,0,0.13903500139713287,0.9878939986228943,-0.06881000101566315,0,0.09832199662923813,0.0553710013628006,0.9936130046844482,0,1.0223000049591064,9.384200096130371,0,1,0.9999679923057556,0.007978999987244606,0.0005280000041238964,0,-0.00748400017619133,0.957086980342865,-0.2897050082683563,0,-0.0028170000296086073,0.2896920144557953,0.9571160078048706,0,0,12.017200469970703,0.17100000381469727,1,0.9999880194664001,-0.004912000149488449,0.00041099998634308577,0,0.003768000053241849,0.8154619932174683,0.5787979960441589,0,-0.00317799998447299,-0.5787889957427979,0.8154709935188293,0,-0.27889999747276306,14.73859977722168,0,1,0.997871994972229,-0.06507900357246399,-0.004081999883055687,0,0.06324200332164764,0.9506509900093079,0.3037469983100891,0,-0.015886999666690826,-0.3033590018749237,0.9527440071105957,0,0.359499990940094,11.803400039672852,0,1,-0.9510239958763123,-0.0057379999198019505,0.30906200408935547,0,0.24009500443935394,-0.6434550285339355,0.7268570065498352,0,0.19469699263572693,0.7654629945755005,0.6133189797401428,0,16.968599319458008,-10.666000366210938,0.600600004196167,1,0.9888349771499634,0.08088400214910507,0.12515099346637726,0,0.02594899944961071,0.733564019203186,-0.6791250109672546,0,-0.1467369943857193,0.6747900247573853,0.7232750058174133,0,0,64.0801010131836,0,1,0.9686089754104614,-0.07864800095558167,0.2358189970254898,0,-0.16757899522781372,0.49409300088882446,0.8531060218811035,0,-0.18361200392246246,-0.8658440113067627,0.4654029905796051,0,0,55.26919937133789,0,1,0.9911220073699951,-0.0000019999999949504854,-0.13295799493789673,0,0.08387400209903717,0.7759289741516113,0.6252189874649048,0,0.10316500067710876,-0.6308199763298035,0.7690410017967224,0,0,36.55550003051758,0,1,-0.9317569732666016,-0.12007500231266022,-0.34265199303627014,0,-0.1847119927406311,-0.6557199954986572,0.7320610284805298,0,-0.3125860095024109,0.7453950047492981,0.5887920260429382,0,-16.968599319458008,-10.666000366210938,0.4724000096321106,1,0.9942470192909241,-0.10699799656867981,0.00484299985691905,0,0.08517900109291077,0.7624710202217102,-0.6413909792900085,0,0.06493499875068665,0.6381139755249023,0.7671989798545837,0,0,64.064697265625,0,1,0.9657490253448486,0.107744000852108,-0.236052006483078,0,0.1496800035238266,0.5117809772491455,0.8459770083427429,0,0.2119549959897995,-0.8523330092430115,0.4781239926815033,0,0,55.25870132446289,0,1,0.9915400147438049,0,0.12980100512504578,0,-0.08115699887275696,0.7804290056228638,0.6199550032615662,0,-0.10130099952220917,-0.6252440214157104,0.7738270163536072,0,0,36.84489822387695,0,1
K0.033,0.9991400241851807,-0.015034998767077923,0.038644999265670776,0,0.0019899981562048197,0.9482629895210266,0.3174799978733063,0,-0.041418999433517456,-0.3171299993991852,0.9474769830703735,0,0.0878470242023468,142.57192993164062,-18.419769287109375,1,0.9995729923248291,-0.006990002002567053,-0.028373003005981445,0,0.01745300367474556,0.9215610027313232,0.38784098625183105,0,0.02343600243330002,-0.3881700038909912,0.9212899804115295,0,0,19.21179962158203,-0.12080000340938568,1,0.9998980164527893,0.013673997484147549,-0.00405300036072731,0,-0.01361799705773592,0.9998160004615784,0.013509993441402912,0,0.004237000364810228,-0.013452993705868721,0.9999009966850281,0,0,22.414199829101562,0,1,0.9998980164527893,0.01349799707531929,-0.004713000264018774,0,-0.013432997278869152,0.9998189806938171,0.013474993407726288,0,0.0048940000124275684,-0.01340999361127615,0.9998980164527893,0,0,25.616199493408203,0,1,0.9994120001792908,-0.030286001041531563,-0.01605300046503544,0,0.02423200197517872,0.9554970264434814,-0.29400500655174255,0,0.024243000894784927,0.2934429943561554,0.9556689858436584,0,0,28.818199157714844,0,1,0.9950519800186157,-0.08153099566698074,-0.056779999285936356,0,0.01949499547481537,0.7206040024757385,-0.6930720210075378,0,0.0974230021238327,0.6885359883308411,0.7186279892921448,0,0,24.81220054626465,-0.20800000429153442,1,-0.046014998108148575,0.01834600232541561,-0.9987720251083374,0,0.8860729932785034,-0.46091699600219727,-0.04928899556398392,0,-0.4612559974193573,-0.887253999710083,0.0049539972096681595,0,10.665499687194824,25.014400482177734,-0.09600000083446503,1,0.8596850037574768,0.44769901037216187,0.2459840029478073,0,-0.49919500946998596,0.6341230273246765,0.5905020236968994,0,0.10838399082422256,-0.6304399967193604,0.768634021282196,0,0,22.733400344848633,0,1,-0.41938498616218567,0.9075719714164734,0.02071000076830387,0,-0.9075809717178345,-0.41968101263046265,0.01280600018799305,0,0.02031400054693222,-0.013425000011920929,0.9997040033340454,0,0,53.267799377441406,0,1,0.7206990122795105,-0.40649300813674927,-0.5615659952163696,0,0.535781979560852,0.8406429886817932,0.0791030302643776,0,0.4399220049381256,-0.35788702964782715,0.8236420154571533,0,0,48.94649887084961,0,1,0.8371250033378601,0.5237159729003906,-0.15793399512767792,0,-0.5375400185585022,0.8410930037498474,-0.06011499837040901,0,0.10135400295257568,0.135220006108284,0.985617995262146,0,-7.220099925994873,5.92080020904541,0,1,0.90761399269104,-0.419609010219574,-0.012873999774456024,0,0.4191629886627197,0.9040989875793457,0.08310399949550629,0,-0.023231999948620796,-0.08082299679517746,0.9964579939842224,0,-0.19339999556541443,7.467299938201904,0,1,0.9878690242767334,-0.15522299706935883,0.004648999776691198,0,0.1552789956331253,0.987729012966156,-0.01673699915409088,0,-0.0019940000493079424,0.017255999147892,0.9998490214347839,0,-0.07540000230073929,10.21150016784668,0,1,0.9999120235443115,-0.01309799961745739,0.002088000066578388,0,0.013163000345230103,0.9604880213737488,-0.2780109941959381,0,0.001636000000871718,0.27801400423049927,0.9605759978294373,0,0,11.067999839782715,0.17139999568462372,1,0.999754011631012,0.02139200083911419,0.005901999771595001,0,-0.020904000848531723,0.8185949921607971,0.5739910006523132,0,0.007447000127285719,-0.5739730000495911,0.8188400268554688,0,0.2676999866962433,15.237099647521973,0,1,0.9984930157661438,0.054809000343084335,0.002761000068858266,0,-0.05309800058603287,0.9521520137786865,0.3009769916534424,0,0.013867000117897987,-0.30066999793052673,0.9536269903182983,0,-0.27320000529289246,11.754599571228027,0,1,0.3777279853820801,-0.04430900141596794,0.9248560070991516,0,-0.8457289934158325,-0.42311498522758484,0.32513999938964844,0,0.37691301107406616,-0.9049919843673706,-0.19729599356651306,0,-10.665499687194824,25.013500213623047,0.04820000007748604,1,0.9284819960594177,0.15713702142238617,-0.3364950120449066,0,0.09614699333906174,0.7734739780426025,0.6264939904212952,0,0.3587160110473633,-0.6140409708023071,0.7030479907989502,0,0,22.733400344848633,0,1,-0.587906002998352,-0.808804988861084,-0.014151999726891518,0,0.8088110089302063,-0.5880290269851685,0.00675999978557229,0,-0.013788999989628792,-0.0074720000848174095,0.9998769760131836,0,0,53.26279830932617,0,1,0.7810080051422119,0.49602800607681274,0.3794499635696411,0,-0.6052830219268799,0.7508519887924194,0.2642970085144043,0,-0.1538119912147522,-0.43609297275543213,0.8866590261459351,0,0,48.94879913330078,0,1,0.7481390237808228,-0.6279129981994629,0.21450500190258026,0,0.6032710075378418,0.7782829999923706,0.17418499290943146,0,-0.2763189971446991,-0.000910000002477318,0.9610660076141357,0,8.018799781799316,6.1006999015808105,0,1,0.8172950148582458,0.5609710216522217,-0.13168300688266754,0,-0.5514990091323853,0.8277509808540344,0.10332900285720825,0,0.1669660061597824,-0.011827000416815281,0.9858919978141785,0,1.1370999813079834,7.980000019073486,0,1,0.9853940010070801,-0.14491300284862518,-0.08943399786949158,0,0.13903500139713287,0.9878939986228943,-0.06881000101566315,0,0.09832199662923813,0.0553710013628006,0.9936130046844482,0,1.0223000049591064,9.384200096130371,0,1,0.9999679923057556,0.007978999987244606,0.0005280000041238964,0,-0.007482999935746193,0.957086980342865,-0.2897050082683563,0,-0.0028170000296086073,0.2896920144557953,0.9571160078048706,0,0,12.017200469970703,0.17100000381469727,1,0.9999880194664001,-0.004912000149488449,0.00041099998634308577,0,0.003768000053241849,0.8154630064964294,0.5787969827651978,0,-0.00317799998447299,-0.5787889957427979,0.8154709935188293,0,-0.27889999747276306,14.73859977722168,0,1,0.997871994972229,-0.06507900357246399,-0.004081999883055687,0,0.06324200332164764,0.9506509900093079,0.3037469983100891,0,-0.015886999666690826,-0.3033590018749237,0.9527440071105957,0,0.359499990940094,11.803400039672852,0,1,-0.9510869979858398,-0.0054499926045536995,0.3088740110397339,0,0.23983000218868256,-0.643235981464386,0.72713702917099,0,0.19471600651741028,0.7656480073928833,0.6130809783935547,0,16.968599319458008,-10.666000366210938,0.600600004196167,1,0.988851010799408,0.08084099739789963,0.12505699694156647,0,0.025882994756102562,0.733718991279602,-0.6789600253105164,0,-0.14664499461650848,0.6746270060539246,0.7234460115432739,0,0,64.0801010131836,0,1,0.9685959815979004,-0.07849600166082382,0.23592500388622284,0,-0.16770200431346893,0.49429601430892944,0.8529639840126038,0,-0.183570995926857,-0.8657429814338684,0.46560901403427124,0,0,55.26919937133789,0,1,0.9911220073699951,-0.0000019999999949504854,-0.13295799493789673,0,0.08387400209903717,0.7759310007095337,0.6252170205116272,0,0.10316500067710876,-0.6308180093765259,0.7690420150756836,0,0,36.55550003051758,0,1,-0.9315490126609802,-0.12040400505065918,-0.34310299158096313,0,-0.1850219964981079,-0.6553390026092529,0.7323240041732788,0,-0.31302300095558167,0.7456769943237305,0.5882030129432678,0,-16.968599319458008,-10.666000366210938,0.4724000096321106,1,0.9942659735679626,-0.10680299997329712,0.005368008278310299,0,0.08534900844097137,0.7623000144958496,-0.6415719985961914,0,0.06442999094724655,0.6383510231971741,0.7670440077781677,0,0,64.064697265625,0,1,0.9657559990882874,0.10767299681901932,-0.23605400323867798,0,0.14977799355983734,0.5115349888801575,0.8461080193519592,0,0.21185199916362762,-0.8524900078773499,0.4778909981250763,0,0,55.25870132446289,0,1,0.9915400147438049,0,0.12980100512504578,0,-0.08115699887275696,0.7804290056228638,0.619953989982605,0,-0.10130099952220917,-0.6252440214157104,0.7738270163536072,0,0,36.84489822387695,0,1
K0.067,0.9991400241851807,-0.014896000735461712,0.03870699927210808,0,0.0018140017054975033,0.948078989982605,0.3180310130119324,0,-0.04143400117754936,-0.3176870048046112,0.9472900032997131,0,0.09028498083353043,142.56739807128906,-18.40849494934082,1,0.9995629787445068,-0.007184998132288456,-0.028685996308922768,0,0.01776699535548687,0.9213520288467407,0.38832399249076843,0,0.023639997467398643,-0.38866400718688965,0.9210759997367859,0,0,19.21179962158203,-0.12080000340938568,1,0.9999020099639893,0.013424002565443516,-0.004095999523997307,0,-0.013370002619922161,0.9998279809951782,0.012816006317734718,0,0.0042679994367063046,-0.012760006822645664,0.999908983707428,0,0,22.414199829101562,0,1,0.9999009966850281,0.013242002576589584,-0.0047419993206858635,0,-0.013180002570152283,0.9998310208320618,0.012780006974935532,0,0.004910000134259462,-0.012716006487607956,0.9999070167541504,0,0,25.616199493408203,0,1,0.9994059801101685,-0.030525997281074524,-0.01597999967634678,0,0.024494998157024384,0.9556300044059753,-0.2935490012168884,0,0.024230999872088432,0.2929829955101013,0.955810010433197,0,0,28.818199157714844,0,1,0.9950950145721436,-0.08100900799036026,-0.05677400156855583,0,0.01912800408899784,0.7206630110740662,-0.6930209994316101,0,0.09705600142478943,0.6885359883308411,0.7186779975891113,0,0,24.81220054626465,-0.20800000429153442,1,-0.04565400257706642,0.018538998439908028,-0.9987850189208984,0,0.8857079744338989,-0.4616430103778839,-0.04905400425195694,0,-0.4619919955730438,-0.8868719935417175,0.0046560028567910194,0,10.665499687194824,25.014400482177734,-0.09600000083446503,1,0.8597189784049988,0.4473710060119629,0.2464590072631836,0,-0.4992539882659912,0.6341660022735596,0.5904049873352051,0,0.10783400386571884,-0.6306279897689819,0.7685570120811462,0,0,22.733400344848633,0,1,-0.41930699348449707,0.9076079726219177,0.020708000287413597,0,-0.9076169729232788,-0.41960299015045166,0.012807000428438187,0,0.020313000306487083,-0.013425000011920929,0.9997040033340454,0,0,53.267799377441406,0,1,0.7204880118370056,-0.4056360125541687,-0.5624560117721558,0,0.5367540121078491,0.8397499918937683,0.08194796741008759,0,0.43908101320266724,-0.3609429597854614,0.8227559924125671,0,0,48.94649887084961,0,1,0.8371250033378601,0.5237169861793518,-0.1579349935054779,0,-0.5375400185585022,0.8410919904708862,-0.06011499837040901,0,0.10135400295257568,0.135220006108284,0.985617995262146,0,-7.220099925994873,5.92080020904541,0,1,0.9076129794120789,-0.419609010219574,-0.012873999774456024,0,0.4191640019416809,0.9040989875793457,0.08310399949550629,0,-0.023231999948620796,-0.08082299679517746,0.9964579939842224,0,-0.19339999556541443,7.467299938201904,0,1,0.9878690242767334,-0.15522199869155884,0.004648999776691198,0,0.1552789956331253,0.987729012966156,-0.01673699915409088,0,-0.0019940000493079424,0.017255999147892,0.9998490214347839,0,-0.07540000230073929,10.21150016784668,0,1,0.9999120235443115,-0.01309799961745739,0.002088000066578388,0,0.013162000104784966,0.9604880213737488,-0.2780109941959381,0,0.0016349999932572246,0.27801400423049927,0.9605759978294373,0,0,11.067999839782715,0.17139999568462372,1,0.999754011631012,0.02139200083911419,0.005901999771595001,0,-0.020904000848531723,0.8185949921607971,0.5739910006523132,0,0.007447000127285719,-0.5739730000495911,0.8188400268554688,0,0.2676999866962433,15.237099647521973,0,1,0.9984930157661438,0.054809000343084335,0.002761000068858266,0,-0.05309800058603287,0.9521520137786865,0.3009769916534424,0,0.013867000117897987,-0.30066999793052673,0.9536269903182983,0,-0.27320000529289246,11.754599571228027,0,1,0.3780499994754791,-0.044328998774290085,0.9247230291366577,0,-0.845579981803894,-0.42320799827575684,0.3254069983959198,0,0.376924991607666,-0.9049469828605652,-0.19747799634933472,0,-10.665499687194824,25.013500213623047,0.04820000007748604,1,0.9284499883651733,0.1580279916524887,-0.33616700768470764,0,0.09519100934267044,0.7735509872436523,0.6265439987182617,0,0.35905298590660095,-0.6137149930000305,0.7031610012054443,0,0,22.733400344848633,0,1,-0.5881189703941345,-0.808650016784668,-0.014154000207781792,0,0.8086569905281067,-0.5882419943809509,0.006759000010788441,0,-0.013790999539196491,-0.0074709998443722725,0.9998769760131836,0,0,53.26279830932617,0,1,0.7818350195884705,0.4969010055065155,0.37659502029418945,0,-0.6047000288963318,0.7514790296554565,0.2638489902019501,0,-0.15189601480960846,-0.4340140223503113,0.8880090117454529,0,0,48.94879913330078,0,1,0.7481399774551392,-0.6279129981994629,0.21450500190258026,0,0.6032699942588806,0.7782829999923706,0.17418499290943146,0,-0.2763189971446991,-0.000910000002477318,0.9610660076141357,0,8.018799781799316,6.1006999015808105,0,1,0.8172950148582458,0.5609710216522217,-0.13168400526046753,0,-0.5514990091323853,0.8277509808540344,0.10333000123500824,0,0.1669660061597824,-0.011827000416815281,0.9858919978141785,0,1.1370999813079834,7.980000019073486,0,1,0.9853940010070801,-0.14491300284862518,-0.08943399786949158,0,0.13903500139713287,0.9878939986228943,-0.06881000101566315,0,0.09832199662923813,0.0553710013628006,0.9936130046844482,0,1.0223000049591064,9.384200096130371,0,1,0.9999679923057556,0.007978999987244606,0.0005280000041238964,0,-0.00748400017619133,0.957086980342865,-0.28970399498939514,0,-0.0028170000296086073,0.2896910011768341,0.9571160078048706,0,0,12.017200469970703,0.17100000381469727,1,0.9999880194664001,-0.004912000149488449,0.00041000000783242285,0,0.003768000053241849,0.8154619932174683,0.5787979960441589,0,-0.00317799998447299,-0.5787889957427979,0.8154709935188293,0,-0.27889999747276306,14.73859977722168,0,1,0.997871994972229,-0.0650779977440834,-0.004081999883055687,0,0.06324099749326706,0.9506509900093079,0.3037469983100891,0,-0.015886999666690826,-0.3033590018749237,0.9527440071105957,0,0.359499990940094,11.803400039672852,0,1,-0.9510539770126343,-0.00470900721848011,0.3089889883995056,0,0.23955899477005005,-0.6428629755973816,0.7275559902191162,0,0.1952120065689087,0.76596599817276,0.612525999546051,0,16.968599319458008,-10.666000366210938,0.600600004196167,1,0.9888989925384521,0.08112499862909317,0.12448600679636002,0,0.025293005630373955,0.7336670160293579,-0.6790379881858826,0,-0.1464180052280426,0.6746490001678467,0.7234709858894348,0,0,64.0801010131836,0,1,0.9685609936714172,-0.07875300198793411,0.2359820008277893,0,-0.16763600707054138,0.49426698684692383,0.8529940247535706,0,-0.18381300568580627,-0.8657360076904297,0.4655260145664215,0,0,55.26919937133789,0,1,0.9911220073699951,-0.0000019999999949504854,-0.13295799493789673,0,0.08387400209903717,0.7759310007095337,0.6252179741859436,0,0.10316500067710876,-0.6308180093765259,0.7690420150756836,0,0,36.55550003051758,0,1,-0.9312630295753479,-0.12105698883533478,-0.3436500132083893,0,-0.18528300523757935,-0.6547769904136658,0.7327600121498108,0,-0.3137199878692627,0.7460640072822571,0.5873399972915649,0,-16.968599319458008,-10.666000366210938,0.4724000096321106,1,0.9942780137062073,-0.10664500296115875,0.006223991513252258,0,0.08575399219989777,0.7620400190353394,-0.6418259739875793,0,0.06370500475168228,0.638687014579773,0.7668250203132629,0,0,64.064697265625,0,1,0.9657530188560486,0.10772000253200531,-0.2360440045595169,0,0.149836003780365,0.5111730098724365,0.8463169932365417,0,0.21182499825954437,-0.8527010083198547,0.4775260090827942,0,0,55.25870132446289,0,1,0.9915400147438049,0,0.12980100512504578,0,-0.08115699887275696,0.7804290056228638,0.619953989982605,0,-0.10130099952220917,-0.6252440214157104,0.7738270163536072,0,0,36.84489822387695,0,1
K0.100,0.9991250038146973,-0.014930999837815762,0.03907899931073189,0,0.001699000014923513,0.9478489756584167,0.31871598958969116,0,-0.04179999977350235,-0.3183709979057312,0.9470440149307251,0,0.10332199931144714,142.559326171875,-18.374164581298828,1,0.9995520114898682,-0.007195999845862389,-0.02903600037097931,0,0.017909999936819077,0.921405017375946,0.38819000124931335,0,0.02396100014448166,-0.3885360062122345,0.9211220145225525,0,0,19.21179962158203,-0.12080000340938568,1,0.9998990297317505,0.013580000028014183,-0.0041519999504089355,0,-0.013527999632060528,0.9998310208320618,0.012470000423491001,0,0.004321000073105097,-0.012412999756634235,0.9999139904975891,0,0,22.414199829101562,0,1,0.9998990297317505,0.013395000249147415,-0.004803000018000603,0,-0.013333999551832676,0.9998340010643005,0.01243400014936924,0,0.0049680001102387905,-0.012369000352919102,0.9999110102653503,0,0,25.616199493408203,0,1,0.9993839859962463,-0.03128200024366379,-0.01587899960577488,0,0.02525000087916851,0.9556490182876587,-0.29342299699783325,0,0.0243539996445179,0.29284098744392395,0.9558510184288025,0,0,28.818199157714844,0,1,0.9951599836349487,-0.08016999810934067,-0.056832000613212585,0,0.018482999876141548,0.7206940054893494,-0.6930069923400879,0,0.09651699662208557,0.6886019706726074,0.7186869978904724,0,0,24.81220054626465,-0.20800000429153442,1,-0.04551500082015991,0.01869400031864643,-0.9987890124320984,0,0.8849939703941345,-0.46301698684692383,-0.0489949993789196,0,-0.46337199211120605,-0.8861520290374756,0.004530000034719706,0,10.665499687194824,25.014400482177734,-0.09600000083446503,1,0.8596969842910767,0.44703200459480286,0.24715100228786469,0,-0.49948200583457947,0.6343830227851868,0.5899789929389954,0,0.10695099830627441,-0.6306509971618652,0.7686619758605957,0,0,22.733400344848633,0,1,-0.41964200139045715,0.9074530005455017,0.020712999626994133,0,-0.9074620008468628,-0.4199390113353729,0.012804999947547913,0,0.02031799964606762,-0.01342300046235323,0.9997029900550842,0,0,53.267799377441406,0,1,0.7209969758987427,-0.40592899918556213,-0.5615910291671753,0,0.5383509993553162,0.8384090065956116,0.08514200150966644,0,0.4362809956073761,-0.36371999979019165,0.8230230212211609,0,0,48.94649887084961,0,1,0.8371250033378601,0.5237159729003906,-0.1579349935054779,0,-0.5375400185585022,0.8410930037498474,-0.0601160004734993,0,0.10135400295257568,0.13522100448608398,0.985617995262146,0,-7.220099925994873,5.92080020904541,0,1,0.9076129794120789,-0.419609010219574,-0.012873999774456024,0,0.4191640019416809,0.9040989875793457,0.08310399949550629,0,-0.023231999948620796,-0.08082299679517746,0.9964579939842224,0,-0.19339999556541443,7.467299938201904,0,1,0.9878690242767334,-0.15522199869155884,0.004648999776691198,0,0.1552789956331253,0.987729012966156,-0.01673699915409088,0,-0.0019940000493079424,0.017255999147892,0.9998490214347839,0,-0.07540000230073929,10.21150016784668,0,1,0.9999120235443115,-0.01309799961745739,0.0020890000741928816,0,0.013162000104784966,0.9604880213737488,-0.2780109941959381,0,0.0016349999932572246,0.27801400423049927,0.9605759978294373,0,0,11.067999839782715,0.17139999568462372,1,0.999754011631012,0.02139200083911419,0.005901999771595001,0,-0.020904000848531723,0.8185949921607971,0.5739910006523132,0,0.007447000127285719,-0.5739730000495911,0.8188400268554688,0,0.2676999866962433,15.237099647521973,0,1,0.9984930157661438,0.054809000343084335,0.002761000068858266,0,-0.05309800058603287,0.9521520137786865,0.30097800493240356,0,0.013867000117897987,-0.3006710112094879,0.9536269903182983,0,-0.27320000529289246,11.754599571228027,0,1,0.37852299213409424,-0.0443819984793663,0.9245269894599915,0,-0.845429003238678,-0.4231880009174347,0.32582300901412964,0,0.3767879903316498,-0.9049540162086487,-0.19770899415016174,0,-10.665499687194824,25.013500213623047,0.04820000007748604,1,0.9282039999961853,0.15911699831485748,-0.3363319933414459,0,0.09446299821138382,0.7735459804534912,0.6266599893569946,0,0.3598800003528595,-0.6134399771690369,0.7029780149459839,0,0,22.733400344848633,0,1,-0.5884450078010559,-0.808413028717041,-0.014156999997794628,0,0.8084200024604797,-0.5885679721832275,0.006756999995559454,0,-0.013794999569654465,-0.007468999829143286,0.9998769760131836,0,0,53.26279830932617,0,1,0.7821300029754639,0.49797800183296204,0.37455400824546814,0,-0.6049479842185974,0.7509220242500305,0.2648639976978302,0,-0.14936499297618866,-0.43374401330947876,0.8885700106620789,0,0,48.94879913330078,0,1,0.7481390237808228,-0.6279129981994629,0.21450500190258026,0,0.6032710075378418,0.7782829999923706,0.17418499290943146,0,-0.2763189971446991,-0.000910000002477318,0.9610660076141357,0,8.018799781799316,6.1006999015808105,0,1,0.8172950148582458,0.5609710216522217,-0.13168400526046753,0,-0.5514990091323853,0.8277509808540344,0.10333000123500824,0,0.1669660061597824,-0.011827000416815281,0.9858919978141785,0,1.1370999813079834,7.980000019073486,0,1,0.9853940010070801,-0.1449120044708252,-0.08943299949169159,0,0.13903500139713287,0.9878939986228943,-0.06881000101566315,0,0.09832199662923813,0.0553710013628006,0.9936130046844482,0,1.0223000049591064,9.384200096130371,0,1,0.9999679923057556,0.007978999987244606,0.0005280000041238964,0,-0.00748400017619133,0.957086980342865,-0.2897050082683563,0,-0.0028170000296086073,0.2896920144557953,0.9571160078048706,0,0,12.017200469970703,0.17100000381469727,1,0.9999880194664001,-0.004912000149488449,0.00041099998634308577,0,0.003768000053241849,0.8154630064964294,0.5787969827651978,0,-0.00317799998447299,-0.5787889957427979,0.8154709935188293,0,-0.27889999747276306,14.73859977722168,0,1,0.997871994972229,-0.0650779977440834,-0.004081999883055687,0,0.06324099749326706,0.9506509900093079,0.3037469983100891,0,-0.015886999666690826,-0.3033590018749237,0.9527440071105957,0,0.359499990940094,11.803400039672852,0,1,-0.950793981552124,-0.0031220000237226486,0.30980899930000305,0,0.2393600046634674,-0.6423029899597168,0.728115975856781,0,0.1967180073261261,0.7664440274238586,0.6114450097084045,0,16.968599319458008,-10.666000366210938,0.600600004196167,1,0.9890239834785461,0.08196599781513214,0.1229339987039566,0,0.023718999698758125,0.7331500053405762,-0.679652988910675,0,-0.1458369940519333,0.6751090288162231,0.7231590151786804,0,0,64.0801010131836,0,1,0.968529999256134,-0.07923199981451035,0.23594699800014496,0,-0.16748499870300293,0.49376699328422546,0.8533130288124084,0,-0.18411299586296082,-0.8659769892692566,0.4649589955806732,0,0,55.26919937133789,0,1,0.9911220073699951,-0.0000019999999949504854,-0.13295699656009674,0,0.08387400209903717,0.7759280204772949,0.6252210140228271,0,0.10316400229930878,-0.6308209896087646,0.7690389752388,0,0,36.55550003051758,0,1,-0.9308739900588989,-0.12208099663257599,-0.3443410098552704,0,-0.1854420006275177,-0.6541879773139954,0.7332460284233093,0,-0.31477901339530945,0.7464150190353394,0.5863270163536072,0,-16.968599319458008,-10.666000366210938,0.4724000096321106,1,0.9942960143089294,-0.10639700293540955,0.007393000181764364,0,0.08628600090742111,0.7617329955101013,-0.6421200037002563,0,0.06268800050020218,0.6390950083732605,0.7665690183639526,0,0,64.064697265625,0,1,0.9657509922981262,0.10778599977493286,-0.2360219955444336,0,0.14989300072193146,0.5107319951057434,0.8465719819068909,0,0.21179300546646118,-0.852957010269165,0.4770840108394623,0,0,55.25870132446289,0,1,0.9915400147438049,0,0.12980100512504578,0,-0.08115799725055695,0.7804290056228638,0.6199550032615662,0,-0.10130099952220917,-0.6252440214157104,0.7738270163536072,0,0,36.84489822387695,0,1
