7.400,30,222,41
B0,mixamorig_Hips,-1,0.9283238053321838,-0.06290183961391449,0.3664059638977051,0,0.045415010303258896,0.9973775148391724,0.05615207180380821,0,-0.3689872920513153,-0.035485174506902695,0.9287470579147339,0,21.438413619995117,151.63868713378906,-4.158631801605225,1
B1,mixamorig_Spine,0,0.9955883622169495,-0.08564502000808716,0.03749923035502434,0,0.083944171667099,0.9954403638839722,0.04497567191720009,0,-0.04117325693368912,-0.04159994795918465,0.9982684254646301,0,0,19.2117919921875,-0.1207680031657219,1
B2,mixamorig_Spine1,1,0.9998868107795715,-0.012554100714623928,0.008113706484436989,0,0.012563343159854412,0.999920129776001,-0.0010219591204077005,0,-0.008100015111267567,0.0011253837728872895,0.9999656677246094,0,0,22.4141845703125,0,1
B3,mixamorig_Spine2,2,0.9998857975006104,-0.012768695130944252,0.007905391044914722,0,0.012775937095284462,0.9999176859855652,-0.0008500494295731187,0,-0.007893700152635574,0.0009514741832390428,0.9999671578407288,0,0,25.616214752197266,0,1
B4,mixamorig_Neck,3,0.9961159825325012,0.08737627416849136,-0.010448971763253212,0,-0.08750785887241364,0.9960756897926331,-0.012921360321342945,0,0.00927682500332594,0.013785021379590034,0.9998617172241211,0,0,28.8182430267334,0,1
B5,mixamorig_Head,4,0.9136894345283508,0.311192125082016,-0.26127365231513977,0,-0.23614582419395447,0.9299413561820984,0.28177720308303833,0,0.33067023754119873,-0.19573524594306946,0.9232128262519836,0,0,24.812225341796875,-0.20795400440692902,1
B6,mixamorig_HeadTop_End,5,1,0,0,0,0,1,0,0,0,0,1,0,0,103.31423950195312,-0.8658869862556458,1
B7,mixamorig_LeftShoulder,3,0.09515885263681412,0.04132961481809616,-0.9945968389511108,0,0.8770405650138855,-0.47608432173728943,0.06413327902555466,0,-0.4708651900291443,-0.8784180283546448,-0.08153712749481201,0,10.665525436401367,25.014419555664062,-0.09603600203990936,1
B8,mixamorig_LeftArm,7,0.8626037240028381,0.5055193305015564,0.016754116863012314,0,-0.3830621838569641,0.631382942199707,0.674237847328186,0,0.33026278018951416,-0.5880086421966553,0.7382878661155701,0,0,22.733402252197266,0,1
B9,mixamorig_LeftForeArm,8,0.911864697933197,0.41025733947753906,0.0019247591262683272,0,-0.410261332988739,0.911846399307251,0.0057886638678610325,0,0.0006223469972610474,-0.006067839451134205,0.9999811053276062,0,0,53.26781463623047,0,1
B10,mixamorig_LeftHand,9,0.8103646636009216,0.04702765494585037,-0.5836138129234314,0,-0.211928129196167,0.9514536261558533,-0.21845579147338867,0,0.5457850694656372,0.30106741189956665,0.7807585000991821,0,0,48.9465217590332,0,1
B11,mixamorig_LeftHandThumb1,10,0.757066011428833,0.6361510157585144,-0.14887000620365143,0,-0.5745369791984558,0.7567269802093506,0.31188398599624634,0,0.31106001138687134,-0.15058499574661255,0.938385009765625,0,-7.220077991485596,5.920783996582031,-0.000007000000096013537,1
B12,mixamorig_LeftHandThumb2,11,0.8846977949142456,-0.43129101395606995,-0.1769098937511444,0,0.44700682163238525,0.8925537467002869,0.059441834688186646,0,0.13226494193077087,-0.13166816532611847,0.9824301600456238,0,-0.19343799352645874,7.4673380851745605,0,1
B13,mixamorig_LeftHandThumb3,12,0.9817973971366882,-0.16699206829071045,0.09048240631818771,0,0.17985662817955017,0.97053062915802,-0.16038085520267487,0,-0.06103389337658882,0.17373518645763397,0.9828996658325195,0,-0.07535800337791443,10.211470603942871,0,1
B14,mixamorig_LeftHandThumb4,13,1,0,0,0,0,1,0,0,0,0,1,0,0.26879701018333435,8.70872688293457,0,1
B15,mixamorig_LeftHandIndex1,10,0.9930139183998108,0.11618505418300629,0.020140446722507477,0,-0.11793484538793564,0.9736007452011108,0.19345495104789734,0,0.002941796788945794,-0.194480299949646,0.9805077314376831,0,0,11.06796646118164,0.1714390069246292,1
B16,mixamorig_LeftHandIndex2,15,0.9999819397926331,-0.005748748313635588,-0.0007166510913521051,0,0.00571667542681098,0.9581519961357117,0.2859152555465698,0,-0.000937131408136338,-0.2859147787094116,0.9581700563430786,0,0.2676999866962433,15.237060546875,0,1
B17,mixamorig_LeftHandIndex3,16,0.9991395473480225,0.04146439582109451,-0.000816540967207402,0,-0.040903300046920776,0.9884825348854065,0.1456715613603592,0,0.006848602555692196,-0.14551280438899994,0.9893285632133484,0,-0.2732299864292145,11.75461483001709,9.999999974752427e-7,1
B18,mixamorig_LeftHandIndex4,17,1,0,0,0,0,1,0,0,0,0,1,0,0.005530000198632479,9.809103012084961,0,1
B19,mixamorig_RightShoulder,3,-0.045741744339466095,-0.0478229746222496,0.9978034496307373,0,-0.8000794053077698,-0.5963209867477417,-0.06525484472513199,0,0.5981336236000061,-0.8013150691986084,-0.010977840051054955,0,-10.665525436401367,25.013511657714844,0.048207998275756836,1
B20,mixamorig_RightArm,19,0.998376727104187,-0.025389552116394043,0.05069096013903618,0,-0.020382752642035484,0.6736039519309998,0.7388004064559937,0,-0.0529068186879158,-0.7386364340782166,0.6720146536827087,0,0,22.733402252197266,0,1
B21,mixamorig_RightForeArm,20,0.9527707695960999,-0.30366671085357666,-0.001275521470233798,0,0.30366918444633484,0.9527667760848999,0.002537461230531335,0,0.00044503010576590896,-0.002805151976644993,0.9999960064888,0,0,53.26276779174805,0,1
B22,mixamorig_RightHand,21,0.9390094876289368,0.08879701048135757,0.3319821357727051,0,-0.12254970520734787,0.9890068173408508,0.08174258470535278,0,-0.3210103511810303,-0.11751385778188705,0.9396312832832336,0,0,48.94882583618164,0,1
B23,mixamorig_RightHandThumb1,22,0.7960410118103027,-0.5971419811248779,0.09869344532489777,0,0.5457220077514648,0.7786660194396973,0.30962300300598145,0,-0.26173800230026245,-0.19261300563812256,0.9457240104675293,0,8.01883316040039,6.1007280349731445,0.000007000000096013537,1
B24,mixamorig_RightHandThumb2,23,0.8445754051208496,0.5165693759918213,0.14088109135627747,0,-0.5314608216285706,0.8407679200172424,0.10323569178581238,0,-0.06511957198381424,-0.16206327080726624,0.9846290946006775,0,1.13714599609375,7.979971885681152,0,1
B25,mixamorig_RightHandThumb3,24,0.9812498092651367,-0.15550541877746582,-0.11386854201555252,0,0.10839331895112991,0.93375164270401,-0.3411148190498352,0,0.15937043726444244,0.32237640023231506,0.9330992698669434,0,1.0223289728164673,9.384204864501953,0,1
B26,mixamorig_RightHandThumb4,25,1,0,0,0,0,1,0,0,0,0,1,0,-2.159475088119507,7.527187824249268,0,1
B27,mixamorig_RightHandIndex1,22,0.9900649189949036,-0.12683862447738647,-0.060652341693639755,0,0.1404692679643631,0.9110348224639893,0.3875347375869751,0,0.00608553271740675,-0.39220568537712097,0.9198030233383179,0,0,12.017215728759766,0.170973002910614,1
B28,mixamorig_RightHandIndex2,27,0.9999995231628418,-0.00034301570849493146,0.0005094751832075417,0,0.0001211424678331241,0.9246038794517517,0.3808228075504303,0,-0.0006115691503509879,-0.3808228075504303,0.9246042966842651,0,-0.2789439857006073,14.738595008850098,0,1
B29,mixamorig_RightHandIndex3,28,0.9982582330703735,-0.058991096913814545,-0.0002744157100096345,0,0.05830315127968788,0.9858849048614502,0.15684567391872406,0,-0.008986261673271656,-0.15658830106258392,0.9876073002815247,0,0.3595370054244995,11.803382873535156,0,1
B30,mixamorig_RightHandIndex4,29,1,0,0,0,0,1,0,0,0,0,1,0,-0.08059299737215042,9.220705032348633,0,1
B31,mixamorig_LeftUpLeg,0,-0.9945836663246155,0.018068501725792885,0.10234971344470978,0,0.0055753448978066444,-0.9740628004074097,0.2261715531349182,0,0.1037813350558281,0.22551730275154114,0.9686864614486694,0,16.968603134155273,-10.665969848632812,0.6005799770355225,1
B32,mixamorig_LeftLeg,31,0.9875746965408325,0.019580300897359848,0.1559227854013443,0,0.04352404922246933,0.9193105697631836,-0.3911154270172119,0,-0.15099823474884033,0.39304232597351074,0.9070366024971008,0,0,64.08012390136719,0,1
B33,mixamorig_LeftFoot,32,0.7982458472251892,-0.03967764228582382,0.601020872592926,0,-0.5324682593345642,0.4199511408805847,0.7349216938018799,0,-0.28156420588493347,-0.9066754579544067,0.3140961825847626,0,0,55.26921844482422,0,1
B34,mixamorig_LeftToeBase,33,0.9954312443733215,-0.003939023707062006,-0.09540057182312012,0,0.07461646944284439,0.6554995179176331,0.7515001893043518,0,0.05957561358809471,-0.7551850080490112,0.652798593044281,0,0,36.5555305480957,9.999999974752427e-7,1
B35,mixamorig_LeftToe_End,34,1,0,0,0,0,1,0,0,0,0,1,0,0,13.579986572265625,0,1
B36,mixamorig_RightUpLeg,0,-0.9683505296707153,0.18513911962509155,-0.16738514602184296,0,-0.21765819191932678,-0.9546102285385132,0.20332475006580353,0,-0.12214452773332596,0.2333235740661621,0.9646971225738525,0,-16.968603134155273,-10.665969848632812,0.47241300344467163,1
B37,mixamorig_RightLeg,36,0.9931010603904724,0.11641992628574371,0.01369186956435442,0,-0.10882436484098434,0.959182858467102,-0.260896235704422,0,-0.04350677505135536,0.25760626792907715,0.9652352333068848,0,0,64.0646743774414,0,1
B38,mixamorig_RightFoot,37,0.9536122679710388,0.12471553683280945,-0.2739872336387634,0,0.20777396857738495,0.385925829410553,0.8988237977027893,0,0.21783730387687683,-0.9140573740005493,0.3421103060245514,0,0,55.258724212646484,-9.999999974752427e-7,1
B39,mixamorig_RightToeBase,38,0.9950190782546997,0.0027429270558059216,0.09964333474636078,0,-0.07442180067300797,0.6854666471481323,0.7242910265922546,0,-0.06631595641374588,-0.7280986905097961,0.6822566986083984,0,0,36.844871520996094,-9.999999974752427e-7,1
B40,mixamorig_RightToe_End,39,1,0,0,0,0,1,0,0,0,0,1,0,0,13.579154014587402,0,1
@34,0,1,2,3,4,5,7,8,9,10,11,12,13,15,16,17,19,20,21,22,23,24,25,27,28,29,31,32,33,34,36,37,38,39
K0.000,0.9995359778404236,0.010715999640524387,0.028502000495791435,0,-0.008636999875307083,0.9973599910736084,-0.07210499793291092,0,-0.029200000688433647,0.07182499766349792,0.9969900250434875,0,-0.04931500181555748,151.01844787597656,-0.9751729965209961,1,0.9987170100212097,-0.03916399925947189,-0.03209500014781952,0,0.04082399979233742,0.9977710247039795,0.05279200151562691,0,0.029955999925732613,-0.054033998399972916,0.9980900287628174,0,0,19.2117919921875,-0.1207680031657219,1,0.9999470114707947,-0.004418000113219023,-0.009278999641537666,0,0.004532999824732542,0.9999129772186279,0.012365000322461128,0,0.00922400038689375,-0.012405999936163425,0.9998800158500671,0,0,22.4141845703125,0,1,0.9999470114707947,-0.004490000195801258,-0.009215000085532665,0,0.004604000132530928,0.9999129772186279,0.01235199999064207,0,0.009158999659121037,-0.012393999844789505,0.9998810291290283,0,0,25.616214752197266,0,1,0.999908983707428,0.002051000017672777,0.01329800020903349,0,-0.002736999886110425,0.9986550211906433,0.0517750009894371,0,-0.013174000196158886,-0.05180700123310089,0.9985700249671936,0,0,28.8182430267334,0,1,0.9918280243873596,-0.030976999551057816,0.12376099824905396,0,-0.010804999619722366,0.9461929798126221,0.32342201471328735,0,-0.1271210014820099,-0.32211700081825256,0.9381260275840759,0,0,24.812225341796875,-0.20795400440692902,1,0.06797699630260468,0.049368999898433685,-0.9964650273323059,0,0.8572980165481567,-0.513759970664978,0.03302900120615959,0,-0.5103139877319336,-0.8565120100975037,-0.0772479996085167,0,10.665525436401367,25.014419555664062,-0.09603600203990936,1,0.9779790043830872,0.20184999704360962,0.053047001361846924,0,-0.1857450008392334,0.7259100079536438,0.6622329950332642,0,0.09516400098800659,-0.6575040221214294,0.7474169731140137,0,0,22.733402252197266,0,1,0.9574530124664307,0.28858599066734314,0.001281999982893467,0,-0.2885890007019043,0.9574440121650696,0.004071999806910753,0,-0.00005199999941396527,-0.004269000142812729,0.9999909996986389,0,0,53.26781463623047,0,1,0.7974119782447815,0.21752600371837616,-0.5628650188446045,0,-0.08626200258731842,0.9642789959907532,0.2504499852657318,0,0.5972380042076111,-0.15115800499916077,0.7876920104026794,0,0,48.9465217590332,0,1,0.757066011428833,0.6361510157585144,-0.14887000620365143,0,-0.5745369791984558,0.7567269802093506,0.31188398599624634,0,0.31106001138687134,-0.15058599412441254,0.938385009765625,0,-7.220077991485596,5.920783996582031,-0.000007000000096013537,1,0.8895480036735535,-0.420289009809494,-0.17905600368976593,0,0.4346509873867035,0.8992930054664612,0.048475999385118484,0,0.14065000414848328,-0.12094800174236298,0.9826440215110779,0,-0.19343799352645874,7.4673380851745605,0,1,0.9870920181274414,-0.11538200080394745,0.11106699705123901,0,0.14291200041770935,0.9476060271263123,-0.2856900095939636,0,-0.07228399813175201,0.29787498712539673,0.9518640041351318,0,-0.07535800337791443,10.211470603942871,0,1,0.9901769757270813,0.12652499973773956,0.05950399860739708,0,-0.13961100578308105,0.8714820146560669,0.47013598680496216,0,0.007627000100910664,-0.47382500767707825,0.8805860280990601,0,0,11.06796646118164,0.1714390069246292,1,0.9999960064888,-0.002623999956995249,-0.0003800000122282654,0,0.002612000098451972,0.9505249857902527,0.3106360137462616,0,-0.00045399999362416565,-0.3106360137462616,0.9505289793014526,0,0.2676999866962433,15.237060546875,0,1,0.9992870092391968,0.037723999470472336,-0.0013269999762997031,0,-0.03732199966907501,0.9926850199699402,0.11481600254774094,0,0.005648000165820122,-0.11468400061130524,0.9933859705924988,0,-0.2732299864292145,11.75461483001709,0,1,0.02863899990916252,-0.03393099829554558,0.9990140199661255,0,-0.8353449702262878,-0.5497009754180908,0.005276999901980162,0,0.5489799976348877,-0.8346719741821289,-0.0440870001912117,0,-10.665525436401367,25.013511657714844,0.048207998275756836,1,0.9917479753494263,-0.12794999778270721,0.008055999875068665,0,0.08504900336265564,0.7036359906196594,0.7054529786109924,0,-0.09593100100755692,-0.6989459991455078,0.7087110280990601,0,0,22.733402252197266,0,1,0.9777550101280212,-0.20974799990653992,-0.001066999975591898,0,0.2097499966621399,0.9777539968490601,0.0017529999604448676,0,0.0006760000251233578,-0.0019379999721422791,0.9999979734420776,0,0,53.26276779174805,0,1,0.9156420230865479,-0.24575300514698029,0.31812599301338196,0,0.19255200028419495,0.9628040194511414,0.1895579993724823,0,-0.35287800431251526,-0.11231199651956558,0.9289039969444275,0,0,48.94882583618164,0,1,0.7960410118103027,-0.5971419811248779,0.09869399666786194,0,0.5457220077514648,0.7786660194396973,0.30962300300598145,0,-0.26173800230026245,-0.19261300563812256,0.9457240104675293,0,8.01883316040039,6.1007280349731445,0.000007000000096013537,1,0.8434720039367676,0.5181729793548584,0.14160600304603577,0,-0.53329998254776,0.839368999004364,0.1051189973950386,0,-0.06439000368118286,-0.16418300569057465,0.9843260049819946,0,1.13714599609375,7.979971885681152,0,1,0.9804069995880127,-0.12428899854421616,-0.15281899273395538,0,0.07754699885845184,0.9566910266876221,-0.28058600425720215,0,0.18107500672340393,0.26323801279067993,0.9475849866867065,0,1.0223289728164673,9.384204864501953,0,1,0.9908109903335571,-0.1240060031414032,-0.05399499833583832,0,0.13511799275875092,0.925246000289917,0.3544889986515045,0,0.006000000052154064,-0.3585279881954193,0.9334999918937683,0,0,12.017215728759766,0.170973002910614,1,1,0.0006099999882280827,0.0006549999816343188,0,-0.0008110000053420663,0.9274790287017822,0.3738749921321869,0,-0.0003800000122282654,-0.3738749921321869,0.9274790287017822,0,-0.2789439857006073,14.738595008850098,0,1,0.998242974281311,-0.05924500152468681,-0.00033099998836405575,0,0.05854500085115433,0.9855629801750183,0.15886500477790833,0,-0.009085999801754951,-0.15860499441623688,0.9872999787330627,0,0.3595370054244995,11.803382873535156,0,1,-0.9817410111427307,-0.12010999768972397,0.14751000702381134,0,0.12899699807167053,-0.9902700185775757,0.05220500007271767,0,0.13980400562286377,0.0702809989452362,0.9876819849014282,0,16.968603134155273,-10.665969848632812,0.6005799770355225,1,0.984341025352478,-0.018727999180555344,0.17527900636196136,0,0.077674001455307,0.9386849999427795,-0.3359130024909973,0,-0.15824100375175476,0.34426701068878174,0.9254400134086609,0,0,64.08012390136719,0,1,0.9459069967269897,-0.10169599950313568,0.3080880045890808,0,-0.22287699580192566,0.4863860011100769,0.8448399901390076,0,-0.23576700687408447,-0.867805004119873,0.43740999698638916,0,0,55.26921844482422,0,1,0.9905670285224915,0.000029999999242136255,-0.13702699542045593,0,0.08441200107336044,0.7875970005989075,0.6103820204734802,0,0.10794000327587128,-0.616191029548645,0.7801650166511536,0,0,36.5555305480957,0,1,-0.9746440052986145,0.1505270004272461,-0.16556400060653687,0,-0.1547819972038269,-0.9878630042076111,0.013031999580562115,0,-0.1615930050611496,0.03832799941301346,0.9861130118370056,0,-16.968603134155273,-10.665969848632812,0.47241300344467163,1,0.9813339710235596,0.05998099967837334,-0.1827169954776764,0,-0.1213269978761673,0.9302669763565063,-0.3462409973144531,0,0.14920799434185028,0.3619470000267029,0.9201800227165222,0,0,64.0646743774414,0,1,0.9491879940032959,0.08657500147819519,-0.3025659918785095,0,0.237528994679451,0.4336110055446625,0.8692299723625183,0,0.2064490020275116,-0.8969320058822632,0.3910149931907654,0,0,55.258724212646484,0,1,0.9922260046005249,0.00017499999376013875,0.12444599717855453,0,-0.08032800257205963,0.7646740078926086,0.6393910050392151,0,-0.09504800289869308,-0.6444169878959656,0.7587440013885498,0,0,36.844871520996094,0,1
K0.033,0.9997900128364563,0.013010013848543167,0.015804879367351532,0,-0.01172702293843031,0.9968270063400269,-0.0787290707230568,0,-0.01677888259291649,0.07852807641029358,0.996770977973938,0,-0.4117060899734497,150.87335205078125,-1.7352079153060913,1,0.99857097864151,-0.03651396557688713,-0.039030060172080994,0,0.03879797086119652,0.9974780082702637,0.059434063732624054,0,0.03676106035709381,-0.06086306273937225,0.9974690079689026,0,0,19.2117919921875,-0.1207680031657219,1,0.9999309778213501,-0.003520990489050746,-0.011179016903042793,0,0.003671990940347314,0.9999009966850281,0.013556012883782387,0,0.011130017228424549,-0.013596013188362122,0.9998459815979004,0,0,22.4141845703125,0,1,0.9999319911003113,-0.0036129907239228487,-0.011100015603005886,0,0.0037639911752194166,0.9999009966850281,0.013551012612879276,0,0.011050015687942505,-0.013592013157904148,0.9998469948768616,0,0,25.616214752197266,0,1,0.9998800158500671,0.0019709994085133076,0.015392018482089043,0,-0.0027379998937249184,0.9987490177154541,0.049937985837459564,0,-0.015274018980562687,-0.0499739833176136,0.9986339807510376,0,0,28.8182430267334,0,1,0.988968014717102,-0.03316101059317589,0.1443701982498169,0,-0.014910043217241764,0.9473860263824463,0.3197469711303711,0,-0.14737717807292938,-0.31837198138237,0.9364399909973145,0,0,24.812225341796875,-0.20795400440692902,1,0.06905101984739304,0.049274999648332596,-0.9963949918746948,0,0.857679009437561,-0.5130550265312195,0.03406601399183273,0,-0.5095270276069641,-0.856939971446991,-0.07768900692462921,0,10.665525436401367,25.014419555664062,-0.09603600203990936,1,0.9828970432281494,0.17550671100616455,0.05577002093195915,0,-0.16769079864025116,0.7278289794921875,0.6649399995803833,0,0.07610979676246643,-0.6629190444946289,0.74481201171875,0,0,22.733402252197266,0,1,0.9640570878982544,0.26569274067878723,0.0011879989178851247,0,-0.2656947374343872,0.9640500545501709,0.0037489961832761765,0,-0.00015000105486251414,-0.003929995931684971,0.9999920129776001,0,0,53.26781463623047,0,1,0.7855658531188965,0.2070658653974533,-0.5831031799316406,0,-0.07114981859922409,0.966323971748352,0.2472979724407196,0,0.6146740913391113,-0.15278103947639465,0.7738438844680786,0,0,48.9465217590332,0,1,0.757066011428833,0.6361510157585144,-0.14887000620365143,0,-0.5745369791984558,0.7567269802093506,0.31188398599624634,0,0.31106001138687134,-0.15058499574661255,0.938385009765625,0,-7.220077991485596,5.920783996582031,-0.000007000000096013537,1,0.8888930082321167,-0.42166200280189514,-0.17908300459384918,0,0.4362480044364929,0.8984400033950806,0.04992201179265976,0,0.13984599709510803,-0.12250000983476639,0.9825670123100281,0,-0.19343799352645874,7.4673380851745605,0,1,0.9868410229682922,-0.11830805242061615,0.11021898686885834,0,0.14498504996299744,0.949211061000824,-0.2792428731918335,0,-0.07158398628234863,0.29154887795448303,0.9538740515708923,0,-0.07535800337791443,10.211470603942871,0,1,0.9905110001564026,0.12488198280334473,0.0573749765753746,0,-0.137177973985672,0.8730649948120117,0.46790996193885803,0,0.008341007865965366,-0.47134098410606384,0.8819119930267334,0,0,11.06796646118164,0.1714390069246292,1,0.9999979734420776,-0.001750989817082882,-0.0002689986431505531,0,0.001745989895425737,0.9482529759407043,0.31751108169555664,0,-0.0003009981301147491,-0.31751108169555664,0.9482550024986267,0,0.2676999866962433,15.237060546875,0,1,0.9992870092391968,0.037720002233982086,-0.0013269995106384158,0,-0.03731800243258476,0.9926890134811401,0.11478403210639954,0,0.005647000856697559,-0.11465302854776382,0.9933900237083435,0,-0.2732299864292145,11.75461483001709,0,1,0.03569706901907921,-0.03394699841737747,0.9987859725952148,0,-0.8353869915008545,-0.5495489835739136,0.01117805764079094,0,0.5485020279884338,-0.834771990776062,-0.047976039350032806,0,-10.665525436401367,25.013511657714844,0.048207998275756836,1,0.989533007144928,-0.14396415650844574,-0.00990010891109705,0,0.1098811998963356,0.7072360515594482,0.6983859539031982,0,-0.09354101866483688,-0.692164957523346,0.7156520485877991,0,0,22.733402252197266,0,1,0.9736919403076172,-0.2278672754764557,-0.001101000583730638,0,0.22786827385425568,0.9736899137496948,0.001904002157971263,0,0.0006379994447343051,-0.0021050022915005684,0.9999979734420776,0,0,53.26276779174805,0,1,0.9165949821472168,-0.253223180770874,0.3094058632850647,0,0.1966671198606491,0.9593269228935242,0.20251722633838654,0,-0.34810394048690796,-0.1247761994600296,0.9291149973869324,0,0,48.94882583618164,0,1,0.7960410118103027,-0.5971419811248779,0.09869399666786194,0,0.5457220077514648,0.7786660194396973,0.30962300300598145,0,-0.26173800230026245,-0.19261300563812256,0.9457240104675293,0,8.01883316040039,6.1007280349731445,0.000007000000096013537,1,0.8425729870796204,0.5194730162620544,0.142193004488945,0,-0.5347909927368164,0.8382269740104675,0.10665000230073929,0,-0.06378799676895142,-0.1659040004014969,0.984076976776123,0,1.13714599609375,7.979971885681152,0,1,0.9805020093917847,-0.12808603048324585,-0.1490279734134674,0,0.08103302866220474,0.9544429779052734,-0.28717905282974243,0,0.17902298271656036,0.26950305700302124,0.9462130069732666,0,1.0223289728164673,9.384204864501953,0,1,0.9901580214500427,-0.1270430088043213,-0.05871903523802757,0,0.13979902863502502,0.9176939129829407,0.3718791604042053,0,0.006641001906245947,-0.37642815709114075,0.9264219403266907,0,0,12.017215728759766,0.170973002910614,1,0.9999989867210388,-0.001134015852585435,0.0003919973678421229,0,0.0008940154802985489,0.9222489595413208,0.38659611344337463,0,-0.0008000039961189032,-0.38659512996673584,0.9222489595413208,0,-0.2789439857006073,14.738595008850098,0,1,0.998166024684906,-0.0605350136756897,-0.0006380034028552473,0,0.059771012514829636,0.9837779998779297,0.16914311051368713,0,-0.009611005894839764,-0.16887110471725464,0.9855909943580627,0,0.3595370054244995,11.803382873535156,0,1,-0.9818810224533081,-0.12011999636888504,0.14656198024749756,0,0.13020001351833344,-0.9895970225334167,0.0612010583281517,0,0.13768598437309265,0.07917506247758865,0.9873059988021851,0,16.968603134155273,-10.665969848632812,0.6005799770355225,1,0.9844740033149719,-0.015806974843144417,0.17481400072574615,0,0.0775739923119545,0.9325769543647766,-0.3525371253490448,0,-0.15745499730110168,0.3606241047382355,0.9193249344825745,0,0,64.08012390136719,0,1,0.9497530460357666,-0.1032320037484169,0.2954868674278259,0,-0.21304890513420105,0.47838693857192993,0.8519130349159241,0,-0.22930194437503815,-0.8720600605010986,0.43235597014427185,0,0,55.26921844482422,0,1,0.990568995475769,0.000029999999242136255,-0.13701200485229492,0,0.08440999686717987,0.7875540256500244,0.6104379892349243,0,0.10792200267314911,-0.6162459850311279,0.7801240086555481,0,0,36.5555305480957,0,1,-0.9756590127944946,0.14728398621082306,-0.16247400641441345,0,-0.15252798795700073,-0.9880920052528381,0.020216021686792374,0,-0.1575620025396347,0.0445060171186924,0.9865059852600098,0,-16.968603134155273,-10.665969848632812,0.47241300344467163,1,0.9818170070648193,0.05108495429158211,-0.1828240007162094,0,-0.11639098823070526,0.9228349328041077,-0.3671901226043701,0,0.149958997964859,0.3817931115627289,0.9120019674301147,0,0,64.0646743774414,0,1,0.9442929625511169,0.09316802769899368,-0.3156411051750183,0,0.24861809611320496,0.42646798491477966,0.8696630001068115,0,0.21563605964183807,-0.8996919989585876,0.3795469403266907,0,0,55.258724212646484,0,1,0.9922299981117249,0.0001770000089891255,0.12441399693489075,0,-0.08032199740409851,0.7645800113677979,0.6395050287246704,0,-0.09501100331544876,-0.6445289850234985,0.7586529850959778,0,0,36.844871520996094,0,1
K0.067,0.999888002872467,0.014450985938310623,0.0037841193843632936,0,-0.014072977006435394,0.9962149858474731,-0.0857759341597557,0,-0.005009117070585489,0.08571392297744751,0.9963070154190063,0,-0.7212879061698914,150.77137756347656,-2.4265902042388916,1,0.9984390139579773,-0.03301803395152092,-0.045056939125061035,0,0.03593802824616432,0.9971969723701477,0.06561794131994247,0,0.04276394098997116,-0.06713394075632095,0.9968270063400269,0,0,19.2117919921875,-0.1207680031657219,1,0.9999150037765503,-0.002567009534686804,-0.012811983935534954,0,0.0027580091264098883,0.9998859763145447,0.014852986671030521,0,0.012772982940077782,-0.014886987395584583,0.9998080134391785,0,0,22.4141845703125,0,1,0.9999160170555115,-0.002682009246200323,-0.01271798461675644,0,0.002871008822694421,0.9998850226402283,0.014857986941933632,0,0.01267598383128643,-0.014892986975610256,0.9998090267181396,0,0,25.616214752197266,0,1,0.9998499751091003,0.0019080005586147308,0.01723998226225376,0,-0.0027389999013394117,0.9988309741020203,0.04826701432466507,0,-0.017127981409430504,-0.048307016491889954,0.9986860156059265,0,0,28.8182430267334,0,1,0.9860209822654724,-0.0342789888381958,0.1630588173866272,0,-0.019153956323862076,0.9488049745559692,0.31528303027153015,0,-0.16551882028579712,-0.3139980435371399,0.9348840117454529,0,0,24.812225341796875,-0.20795400440692902,1,0.07094497978687286,0.04940100014209747,-0.9962559938430786,0,0.8575810194015503,-0.5131139755249023,0.03562598675489426,0,-0.5094329714775085,-0.8568980097770691,-0.07876899093389511,0,10.665525436401367,25.014419555664062,-0.09603600203990936,1,0.9874899387359619,0.1466812789440155,0.05785897746682167,0,-0.14752919971942902,0.7299450039863586,0.6673949956893921,0,0.05566020309925079,-0.6675819158554077,0.7424529790878296,0,0,22.733402252197266,0,1,0.9711249470710754,0.2385672628879547,0.001089000958018005,0,-0.23856927454471588,0.9711199402809143,0.00336600374430418,0,-0.0002539989654906094,-0.0035280040465295315,0.9999939799308777,0,0,53.26781463623047,0,1,0.7758281230926514,0.19422613084316254,-0.6003048419952393,0,-0.053296178579330444,0.9682130217552185,0.24438202381134033,0,0.6286888718605042,-0.15760496258735657,0.7615191340446472,0,0,48.9465217590332,0,1,0.757066011428833,0.6361510157585144,-0.14887000620365143,0,-0.5745369791984558,0.7567269802093506,0.31188398599624634,0,0.31106001138687134,-0.15058499574661255,0.938385009765625,0,-7.220077991485596,5.920783996582031,-0.000007000000096013537,1,0.8884239792823792,-0.42263901233673096,-0.1791059970855713,0,0.43738600611686707,0.897828996181488,0.05095499008893967,0,0.13927100598812103,-0.12360799312591553,0.9825090169906616,0,-0.19343799352645874,7.4673380851745605,0,1,0.9863409996032715,-0.1238519474864006,0.10859201848506927,0,0.14888595044612885,0.9523709416389465,-0.2661251127719879,0,-0.07045901566743851,0.2786581218242645,0.9578019380569458,0,-0.07535800337791443,10.211470603942871,0,1,0.9908350110054016,0.12323901802301407,0.05530402064323425,0,-0.13477502763271332,0.8744549751281738,0.4660080373287201,0,0.009068992920219898,-0.4691910445690155,0.8830500245094299,0,0,11.06796646118164,0.1714390069246292,1,1,-0.0007340101292356849,-0.0001310013612965122,0,0.0007370100356638432,0.9455369710922241,0.32551389932632446,0,-0.00011500185064505786,-0.32551389932632446,0.9455369710922241,0,0.2676999866962433,15.237060546875,0,1,0.9992740154266357,0.03808099776506424,-0.0012830004561692476,0,-0.037664994597435,0.9923269748687744,0.11776196956634521,0,0.005757999140769243,-0.11762797087430954,0.9930409789085388,0,-0.2732299864292145,11.75461483001709,0,1,0.042725928127765656,-0.034077998250722885,0.9985049962997437,0,-0.8351609706878662,-0.5497440099716187,0.016973942518234253,0,0.5483440160751343,-0.8346379995346069,-0.05194896087050438,0,-10.665525436401367,25.013511657714844,0.048207998275756836,1,0.9869329929351807,-0.15978683531284332,-0.020754892379045486,0,0.1297038048505783,0.7114049196243286,0.6907100677490234,0,-0.09560097754001617,-0.6843770742416382,0.7228339314460754,0,0,22.733402252197266,0,1,0.9671990871429443,-0.25401774048805237,-0.0011549993650987744,0,0.25401872396469116,0.967197060585022,0.0021229980047792196,0,0.0005780005594715476,-0.0023469976149499416,0.9999970197677612,0,0,53.26276779174805,0,1,0.916608989238739,-0.2700798213481903,0.29476213455200195,0,0.20815888047218323,0.951892077922821,0.22487877309322357,0,-0.3413170576095581,-0.14476880431175232,0.9287329912185669,0,0,48.94882583618164,0,1,0.7960410118103027,-0.5971419811248779,0.09869399666786194,0,0.5457220077514648,0.7786669731140137,0.30962198972702026,0,-0.26173800230026245,-0.19261300563812256,0.9457240104675293,0,8.01883316040039,6.1007280349731445,0.000007000000096013537,1,0.8428289890289307,0.5191239714622498,0.14194700121879578,0,-0.5343869924545288,0.8385180234909058,0.10638599842786789,0,-0.06379800289869308,-0.16551999747753143,0.9841409921646118,0,1.13714599609375,7.979971885681152,0,1,0.9806230068206787,-0.1310579627752304,-0.14560802280902863,0,0.08377297222614288,0.9524170160293579,-0.29306092858314514,0,0.17708700895309448,0.27518394589424133,0.944940984249115,0,1.0223289728164673,9.384204864501953,0,1,0.9897279739379883,-0.12884297966957092,-0.061946965754032135,0,0.14279797673225403,0.9116770625114441,0.38529789447784424,0,0.0068329982459545135,-0.3901858627796173,0.9207110404968262,0,0,12.017215728759766,0.170973002910614,1,0.9999960064888,-0.0027189841493964195,0.00013100258365739137,0,0.002441984601318836,0.9173300862312317,0.3981208801269531,0,-0.0012019959976896644,-0.39811888337135315,0.9173330664634705,0,-0.2789439857006073,14.738595008850098,0,1,0.9980829954147339,-0.06187598407268524,-0.000972996698692441,0,0.06104099005460739,0.9818019866943359,0.17982789874076843,0,-0.01017199456691742,-0.17954190075397491,0.9836980104446411,0,0.3595370054244995,11.803382873535156,0,1,-0.9820420145988464,-0.12041399627923965,0.14524000883102417,0,0.13119198381900787,-0.9890879988670349,0.06703094393014908,0,0.1355840116739273,0.08488193899393082,0.9871230125427246,0,16.968603134155273,-10.665969848632812,0.6005799770355225,1,0.9846109747886658,-0.013134026899933815,0.17426300048828125,0,0.07694701105356216,0.9278900623321533,-0.36482688784599304,0,-0.15690599381923676,0.37262189388275146,0.9146220684051514,0,0,64.08012390136719,0,1,0.9533359408378601,-0.10386998951435089,0.2834811210632324,0,-0.20357008278369904,0.4722520709037781,0.857634961605072,0,-0.2229570597410202,-0.8753229379653931,0.42907002568244934,0,0,55.26921844482422,0,1,0.9905710220336914,0.000029999999242136255,-0.13699699938297272,0,0.0844080001115799,0.7875109910964966,0.6104940176010132,0,0.10790500044822693,-0.6163010001182556,0.7800830006599426,0,0,36.5555305480957,0,1,-0.9759690165519714,0.14565300941467285,-0.16207799315452576,0,-0.15121202170848846,-0.9882469773292542,0.022439977154135704,0,-0.15690399706363678,0.04640898108482361,0.9865229725837708,0,-16.968603134155273,-10.665969848632812,0.47241300344467163,1,0.9820060133934021,0.04672704637050629,-0.18297900259494781,0,-0.11455901712179184,0.9176700711250305,-0.380470871925354,0,0.15013599395751953,0.3945868909358978,0.906510055065155,0,0,64.0646743774414,0,1,0.9403670430183411,0.09639296680688858,-0.3262188732624054,0,0.25816792249679565,0.4222080409526825,0.8689590096473694,0,0.2214939445257187,-0.9013590216636658,0.37214505672454834,0,0,55.258724212646484,0,1,0.9922339916229248,0.0001779999874997884,0.12438199669122696,0,-0.08031699806451797,0.7644850015640259,0.6396179795265198,0,-0.09497500211000443,-0.6446409821510315,0.7585629820823669,0,0,36.844871520996094,0,1
K0.100,0.9998229742050171,0.01575700007379055,-0.010251998901367188,0,-0.01663300022482872,0.9956309795379639,-0.09188500046730042,0,0.008759998716413975,0.09203899651765823,0.9957169890403748,0,-1.0085879564285278,150.6990203857422,-3.0362820625305176,1,0.9983479976654053,-0.030226999893784523,-0.048854000866413116,0,0.033601999282836914,0.9969930052757263,0.06982199847698212,0,0.04659700021147728,-0.07134799659252167,0.9963619709014893,0,0,19.2117919921875,-0.1207680031657219,1,0.9999030232429504,-0.0017450000159442425,-0.013837000355124474,0,0.001967000076547265,0.9998689889907837,0.016085000708699226,0,0.013806999661028385,-0.016110999509692192,0.9997749924659729,0,0,22.4141845703125,0,1,0.9999039769172668,-0.0018779999809339643,-0.013725999742746353,0,0.0020989999175071716,0.9998679757118225,0.01610100083053112,0,0.01369400043040514,-0.016127999871969223,0.9997760057449341,0,0,25.616214752197266,0,1,0.9998229742050171,0.0019440000178292394,0.01870499923825264,0,-0.0028200000524520874,0.9988939762115479,0.04693499952554703,0,-0.01859300024807453,-0.04697899892926216,0.9987229704856873,0,0,28.8182430267334,0,1,0.9833549857139587,-0.03393600136041641,0.17849799990653992,0,-0.023744000121951103,0.9499769806861877,0.31141701340675354,0,-0.18013699352741241,-0.3104709982872009,0.9333580136299133,0,0,24.812225341796875,-0.20795400440692902,1,0.07226499915122986,0.04945699870586395,-0.996159017086029,0,0.8575959801673889,-0.5130090117454529,0.03674300014972687,0,-0.5092210173606873,-0.8569570183753967,-0.07948599755764008,0,10.665525436401367,25.014419555664062,-0.09603600203990936,1,0.9915450215339661,0.11563199758529663,0.05888599902391434,0,-0.12509599328041077,0.7311930060386658,0.6706029772758484,0,0.03448599949479103,-0.6722990274429321,0.7394760251045227,0,0,22.733402252197266,0,1,0.977387011051178,0.2114569991827011,0.0010010000551119447,0,-0.2114589959383011,0.9773820042610168,0.002982999896630645,0,-0.00034699999378062785,-0.0031270000617951155,0.9999949932098389,0,0,53.26781463623047,0,1,0.768930971622467,0.17580099403858185,-0.6146860122680664,0,-0.030101001262664795,0.9703390002250671,0.2398650050163269,0,0.6386229991912842,-0.16593700647354126,0.751416027545929,0,0,48.9465217590332,0,1,0.757066011428833,0.6361510157585144,-0.14887000620365143,0,-0.5745369791984558,0.7567269802093506,0.31188398599624634,0,0.31106001138687134,-0.15058599412441254,0.938385009765625,0,-7.220077991485596,5.920783996582031,-0.000007000000096013537,1,0.8883829712867737,-0.42272499203681946,-0.17910799384117126,0,0.4374859929084778,0.8977749943733215,0.05104599893093109,0,0.1392199993133545,-0.12370499968528748,0.9825040102005005,0,-0.19343799352645874,7.4673380851745605,0,1,0.9859210252761841,-0.12835299968719482,0.10717300325632095,0,0.1520320028066635,0.9549310207366943,-0.25493699312210083,0,-0.0696209967136383,0.26764199137687683,0.9610000252723694,0,-0.07535800337791443,10.211470603942871,0,1,0.991025984287262,0.12229499965906143,0.053950998932123184,0,-0.13333599269390106,0.8761280179023743,0.46327298879623413,0,0.009387999773025513,-0.4663090109825134,0.8845720291137695,0,0,11.06796646118164,0.1714390069246292,1,1,0.0001539999502710998,-0.000003000005790454452,0,-0.00014399996143765748,0.9431080222129822,0.3324880003929138,0,0.00005399999281507917,-0.3324880003929138,0.9431080222129822,0,0.2676999866962433,15.237060546875,0,1,0.9992650151252747,0.03831100091338158,-0.0012540000025182962,0,-0.03788600116968155,0.9920920133590698,0.11965800076723099,0,0.005828999914228916,-0.11952199786901474,0.9928140044212341,0,-0.2732299864292145,11.75461483001709,0,1,0.047825999557971954,-0.034366998821496964,0.9982640147209167,0,-0.8345900177955627,-0.5504699945449829,0.021034000441432,0,0.5487920045852661,-0.8341469764709473,-0.05500900000333786,0,-10.665525436401367,25.013511657714844,0.048207998275756836,1,0.983892023563385,-0.1771090030670166,-0.02428399957716465,0,0.14573100209236145,0.7159649729728699,0.6827560067176819,0,-0.10353600233793259,-0.6752970218658447,0.7302430272102356,0,0,22.733402252197266,0,1,0.9578139781951904,-0.2873860001564026,-0.0012339999666437507,0,0.28738799691200256,0.9578109979629517,0.0024019998963922262,0,0.0004910000134259462,-0.0026549999602138996,0.9999960064888,0,0,53.26276779174805,0,1,0.9163540005683899,-0.286734014749527,0.2794269919395447,0,0.21845600008964539,0.9429590106010437,0.25120899081230164,0,-0.3355189859867096,-0.16915300488471985,0.92672199010849,0,0,48.94882583618164,0,1,0.7960410118103027,-0.5971419811248779,0.09869399666786194,0,0.5457220077514648,0.7786660194396973,0.30962300300598145,0,-0.26173800230026245,-0.19261300563812256,0.9457240104675293,0,8.01883316040039,6.1007280349731445,0.000007000000096013537,1,0.8419659733772278,0.5203480124473572,0.14259099960327148,0,-0.5357959866523743,0.8374530076980591,0.10768300294876099,0,-0.06338000297546387,-0.16706499457359314,0.9839069843292236,0,1.13714599609375,7.979971885681152,0,1,0.9806659817695618,-0.1338759958744049,-0.14273099601268768,0,0.08642999827861786,0.950685977935791,-0.297870010137558,0,0.17556999623775482,0.2797749936580658,0.9438760280609131,0,1.0223289728164673,9.384204864501953,0,1,0.9892489910125732,-0.13082200288772583,-0.06536699831485748,0,0.1460929960012436,0.9043110013008118,0.4010950028896332,0,0.006639999803155661,-0.40633299946784973,0.9137009978294373,0,0,12.017215728759766,0.170973002910614,1,0.9999909996986389,-0.00417400011792779,-0.00012799998512491584,0,0.0038620000705122948,0.9126729965209961,0.4086720049381256,0,-0.001588999992236495,-0.40866899490356445,0.912680983543396,0,-0.2789439857006073,14.738595008850098,0,1,0.9980019927024841,-0.06317099928855896,-0.0013099999632686377,0,0.0622670017182827,0.9797760248184204,0.19016499817371368,0,-0.010728999972343445,-0.18986600637435913,0.981751024723053,0,0.3595370054244995,11.803382873535156,0,1,-0.9822199940681458,-0.12051700055599213,0.14394399523735046,0,0.13187099993228912,-0.9886419773101807,0.07209599763154984,0,0.1336199939250946,0.08979599922895432,0.986956000328064,0,16.968603134155273,-10.665969848632812,0.6005799770355225,1,0.9847080111503601,-0.011304999701678753,0.1738470047712326,0,0.07664799690246582,0.924235999584198,-0.37404900789260864,0,-0.15644699335098267,0.3816539943218231,0.9109690189361572,0,0,64.08012390136719,0,1,0.9571070075035095,-0.10322000086307526,0.27072298526763916,0,-0.19363699853420258,0.4671730101108551,0.8627020120620728,0,-0.21552300453186035,-0.8781200051307678,0.4271470010280609,0,0,55.26921844482422,0,1,0.9905740022659302,0.000029999999242136255,-0.13698099553585052,0,0.08440600335597992,0.7874670028686523,0.6105499863624573,0,0.10788699984550476,-0.6163560152053833,0.7800419926643372,0,0,36.5555305480957,0,1,-0.97605299949646,0.14452600479125977,-0.16258199512958527,0,-0.15011799335479736,-0.9884099960327148,0.02258799970149994,0,-0.15743400156497955,0.046452999114990234,0.9864360094070435,0,-16.968603134155273,-10.665969848632812,0.47241300344467163,1,0.9821059703826904,0.04387599974870682,-0.18314500153064728,0,-0.11353100091218948,0.9138429760932922,-0.3898729979991913,0,0.15026000142097473,0.4036889970302582,0.902472972869873,0,0,64.0646743774414,0,1,0.9359710216522217,0.09917999804019928,-0.33781901001930237,0,0.26860201358795166,0.41917699575424194,0.8672620058059692,0,0.22762100398540497,-0.9024710059165955,0.3656980097293854,0,0,55.258724212646484,0,1,0.9922379851341248,0.00018000000272877514,0.12435100227594376,0,-0.08031199872493744,0.7643910050392151,0.6397320032119751,0,-0.0949380025267601,-0.6447529792785645,0.7584720253944397,0,0,36.844871520996094,0,1
