4.000,30,120,41
B0,mixamorig_Hips,-1,0.9706727266311646,-0.03505408391356468,0.23782993853092194,0,-0.006379191763699055,0.9852075576782227,0.17124618589878082,0,-0.24031446874141693,-0.16774286329746246,0.9560908079147339,0,3.0346407890319824,134.14332580566406,0.1669122725725174,1
B1,mixamorig_Spine,0,0.9992323517799377,0.0160228218883276,0.035747066140174866,0,-0.02117539383471012,0.9886431097984314,0.14878171682357788,0,-0.032957546412944794,-0.14942419528961182,0.988223671913147,0,0,19.2117919921875,-0.1207680031657219,1
B2,mixamorig_Spine1,1,0.9978779554367065,0.002654316835105419,0.06506006419658661,0,-0.021051058545708656,0.9586609601974487,0.28376930952072144,0,-0.061617400497198105,-0.2845364212989807,0.9566826820373535,0,0,22.4141845703125,0,1
B3,mixamorig_Spine2,2,0.9979239106178284,0.0014730283292010427,0.06438306719064713,0,-0.019735945388674736,0.95862877368927,0.2839743196964264,0,-0.06130087003111839,-0.2846546173095703,0.9566677212715149,0,0,25.616214752197266,0,1
B4,mixamorig_Neck,3,0.9889339804649353,-0.07539062201976776,-0.12775485217571259,0,0.06719213724136353,0.9954653978347778,-0.06731300055980682,0,0.1322510838508606,0.05798181891441345,0.9895177483558655,0,0,28.8182430267334,0,1
B5,mixamorig_Head,4,0.7836928963661194,-0.37559470534324646,-0.49464499950408936,0,0.07894051820039749,0.850206196308136,-0.5204781889915466,0,0.6160524487495422,0.36882323026657104,0.6959748268127441,0,0,24.812225341796875,-0.20795400440692902,1
B6,mixamorig_HeadTop_End,5,1,0,0,0,0,1,0,0,0,0,1,0,0,103.31423950195312,-0.8658869862556458,1
B7,mixamorig_LeftShoulder,3,-0.054078731685876846,0.01392382476478815,-0.9984398484230042,0,0.8740087151527405,-0.48289188742637634,-0.05407322570681572,0,-0.4828919768333435,-0.8755688667297363,0.013944631442427635,0,10.665525436401367,25.014419555664062,-0.09603600203990936,1
B8,mixamorig_LeftArm,7,0.7745832204818726,0.6207342147827148,0.12121160328388214,0,-0.6097436547279358,0.6820200681686401,0.4037095606327057,0,0.16790275275707245,-0.38663727045059204,0.9067830443382263,0,0,22.733402252197266,0,1
B9,mixamorig_LeftForeArm,8,0.4094524681568146,0.9122868180274963,0.00901351310312748,0,-0.9122958183288574,0.40932929515838623,0.012872490100562572,0,0.00805386807769537,-0.013494489714503288,0.9998767971992493,0,0,53.26781463623047,0,1
B10,mixamorig_LeftHand,9,0.8516833782196045,-0.058474499732255936,-0.5207549929618835,0,-0.186111718416214,0.8951859474182129,-0.404906302690506,0,0.4898865222930908,0.441785603761673,0.7515389919281006,0,0,48.9465217590332,0,1
B11,mixamorig_LeftHandThumb1,10,0.6819319725036621,0.7245611548423767,-0.09989400207996368,0,-0.6913620233535767,0.6831250190734863,0.2352840006351471,0,0.23871800303459167,-0.09138417989015579,0.9667800068855286,0,-7.220077991485596,5.920783996582031,-0.000007000000096013537,1
B12,mixamorig_LeftHandThumb2,11,0.8840839862823486,-0.4601919949054718,0.08135800063610077,0,0.4448719918727875,0.8820670247077942,0.1550700068473816,0,-0.1431249976158142,-0.10090100020170212,0.9845479726791382,0,-0.19343799352645874,7.4673380851745605,0,1
B13,mixamorig_LeftHandThumb3,12,0.9829019904136658,-0.17474700510501862,0.05802517756819725,0,0.17429199814796448,0.9846100211143494,0.012858999893069267,0,-0.059379179030656815,-0.0025259999092668295,0.9982320070266724,0,-0.07535800337791443,10.211470603942871,0,1
B14,mixamorig_LeftHandThumb4,13,1,0,0,0,0,1,0,0,0,0,1,0,0.26879701018333435,8.70872688293457,0,1
B15,mixamorig_LeftHandIndex1,10,0.9984440207481384,0.053082000464200974,0.017107000574469566,0,-0.05561399832367897,0.9246019721031189,0.3768540024757385,0,0.00418699998408556,-0.37721818685531616,0.9261149764060974,0,0,11.06796646118164,0.1714390069246292,1
B16,mixamorig_LeftHandIndex2,15,0.9999989867210388,0.0011138221016153693,-9.999999974752427e-7,0,-0.0010219999821856618,0.918179988861084,0.3961620032787323,0,0.0004419999895617366,-0.3961620032787323,0.9181810021400452,0,0.2676999866962433,15.237060546875,0,1
B17,mixamorig_LeftHandIndex3,16,0.999002993106842,0.04464700073003769,0.000052999999752501026,0,-0.043733999133110046,0.9783520102500916,0.20227199792861938,0,0.00897900015115738,-0.20207199454307556,0.979328989982605,0,-0.2732299864292145,11.75461483001709,9.999999974752427e-7,1
B18,mixamorig_LeftHandIndex4,17,1,0,0,0,0,1,0,0,0,0,1,0,0.005530000198632479,9.809103012084961,0,1
B19,mixamorig_RightShoulder,3,0.10602188110351562,-0.033707164227962494,0.9937922954559326,0,-0.866745114326477,-0.49296534061431885,0.07574719935655594,0,0.48735153675079346,-0.8693958520889282,-0.08148051053285599,0,-10.665525436401367,25.013511657714844,0.048207998275756836,1
B20,mixamorig_RightArm,19,0.7534001469612122,-0.5545559525489807,-0.3533310294151306,0,0.6476025581359863,0.5326315760612488,0.5448957681655884,0,-0.1139846071600914,-0.6393478512763977,0.7604165077209473,0,0,22.733402252197266,0,1
B21,mixamorig_RightForeArm,20,0.10677794367074966,-0.99424809217453,-0.008346245624125004,0,0.9942552447319031,0.10670894384384155,0.008310000412166119,0,-0.007371422369033098,-0.009185178205370903,0.9999309778213501,0,0,53.26276779174805,0,1
B22,mixamorig_RightHand,21,0.8070386052131653,0.0004922297084704041,0.5904979109764099,0,0.07200520485639572,0.9924550652503967,-0.09923738241195679,0,-0.5860913991928101,0.1226072758436203,0.800914466381073,0,0,48.94882583618164,0,1
B23,mixamorig_RightHandThumb1,22,0.7572050094604492,-0.6396949887275696,0.1320279985666275,0,0.6059889793395996,0.7634329795837402,0.2234880030155182,0,-0.24375900626182556,-0.08921899646520615,0.9657229781150818,0,8.01883316040039,6.1007280349731445,0.000007000000096013537,1
B24,mixamorig_RightHandThumb2,23,0.885765016078949,0.4586629867553711,-0.07105699926614761,0,-0.4416300058364868,0.8799750208854675,0.1749478280544281,0,0.14277000725269318,-0.12358181923627853,0.982010006904602,0,1.13714599609375,7.979971885681152,0,1
B25,mixamorig_RightHandThumb3,24,0.9754229784011841,-0.20495200157165527,-0.08089300245046616,0,0.20384499430656433,0.9787600040435791,-0.02180499956011772,0,0.08364400267601013,0.004779822193086147,0.9964839816093445,0,1.0223289728164673,9.384204864501953,0,1
B26,mixamorig_RightHandThumb4,25,1,0,0,0,0,1,0,0,0,0,1,0,-2.159475088119507,7.527187824249268,0,1
B27,mixamorig_RightHandIndex1,22,0.9987109899520874,-0.048576001077890396,-0.01471600029617548,0,0.050540998578071594,0.9250860214233398,0.37637799978256226,0,-0.004669177811592817,-0.3766370117664337,0.9263489842414856,0,0,12.017215728759766,0.170973002910614,1
B28,mixamorig_RightHandIndex2,27,0.9999030232429504,0.013512000441551208,0.003481999970972538,0,-0.013783999718725681,0.9178140163421631,0.39677199721336365,0,0.0021651778370141983,-0.3967820107936859,0.9179101586341858,0,-0.2789439857006073,14.738595008850098,0,1
B29,mixamorig_RightHandIndex3,28,0.998399019241333,-0.056550998240709305,-0.0008971778443083167,0,0.05555899813771248,0.9776830077171326,0.20260800421237946,0,-0.010579999536275864,-0.202333003282547,0.9792600274085999,0,0.3595370054244995,11.803382873535156,0,1
B30,mixamorig_RightHandIndex4,29,1,0,0,0,0,1,0,0,0,0,1,0,-0.08059299737215042,9.220705032348633,0,1
B31,mixamorig_LeftUpLeg,0,-0.9215879440307617,-0.1916375309228897,0.3375612795352936,0,0.3811753988265991,-0.6110932230949402,0.6937342882156372,0,0.0733380988240242,0.7680084705352783,0.6362255811691284,0,16.968603134155273,-10.665969848632812,0.6005799770355225,1
B32,mixamorig_LeftLeg,31,0.9984209537506104,0.01338566280901432,0.054548028856515884,0,0.037966083735227585,0.5547393560409546,-0.8311461210250854,0,-0.041384994983673096,0.8319051861763,0.5533554553985596,0,0,64.08012390136719,0,1
B33,mixamorig_LeftFoot,32,0.9490776658058167,-0.21377673745155334,0.23140765726566315,0,-0.11390756815671921,0.45196613669395447,0.8847225308418274,0,-0.29371944069862366,-0.8660298585891724,0.40460172295570374,0,0,55.26921844482422,0,1
B34,mixamorig_LeftToeBase,33,0.991500735282898,-0.00007015453593339771,-0.13010165095329285,0,0.0834425836801529,0.7675788402557373,0.635499119758606,0,0.09981848299503326,-0.640953779220581,0.761060893535614,0,0,36.5555305480957,9.999999974752427e-7,1
B35,mixamorig_LeftToe_End,34,1,0,0,0,0,1,0,0,0,0,1,0,0,13.579986572265625,0,1
B36,mixamorig_RightUpLeg,0,-0.8901875615119934,0.200644388794899,-0.40902745723724365,0,-0.4169897735118866,-0.72048419713974,0.5540887117385864,0,-0.18352733552455902,0.6638058423995972,0.7250354886054993,0,-16.968603134155273,-10.665969848632812,0.47241300344467163,1
B37,mixamorig_RightLeg,36,0.9963365793228149,-0.00042156685958616436,-0.08551637083292007,0,-0.0703403577208519,0.5646757483482361,-0.8223086595535278,0,0.04863499477505684,0.8253114819526672,0.5625776648521423,0,0,64.0646743774414,0,1
B38,mixamorig_RightFoot,37,0.9369690418243408,0.2947383522987366,-0.18764759600162506,0,0.07328066229820251,0.35933154821395874,0.9303262233734131,0,0.3416292071342468,-0.8854382038116455,0.3150874972343445,0,0,55.258724212646484,-9.999999974752427e-7,1
B39,mixamorig_RightToeBase,38,0.9915400147438049,0,0.1298011839389801,0,-0.08115717768669128,0.7804290056228638,0.6199550032615662,0,-0.10130099952220917,-0.6252442002296448,0.7738268375396729,0,0,36.844871520996094,-9.999999974752427e-7,1
B40,mixamorig_RightToe_End,39,1,0,0,0,0,1,0,0,0,0,1,0,0,13.579154014587402,0,1
@34,0,1,2,3,4,5,7,8,9,10,11,12,13,15,16,17,19,20,21,22,23,24,25,27,28,29,31,32,33,34,36,37,38,39
K0.000,0.9782950282096863,-0.045830998569726944,0.20208700001239777,0,0.011934000067412853,0.9860780239105225,0.1658570021390915,0,-0.2068749964237213,-0.1598449945449829,0.9652209877967834,0,0.18192900717258453,133.99960327148438,-2.521204948425293,1,0.9994289875030518,0.01746699959039688,0.02891400083899498,0,-0.021748999133706093,0.9876499772071838,0.15515799820423126,0,-0.025846999138593674,-0.1556989997625351,0.9874659776687622,0,0,19.2117919921875,-0.1207680031657219,1,0.9986590147018433,-0.004342000000178814,0.051587000489234924,0,-0.011118999682366848,0.9552310109138489,0.29565098881721497,0,-0.050560999661684036,-0.29582899808883667,0.953902006149292,0,0,22.4141845703125,0,1,0.9987059831619263,-0.005259000230580568,0.05057999864220619,0,-0.009952999651432037,0.955187976360321,0.2958320081233978,0,-0.049869000911712646,-0.29595300555229187,0.9538999795913696,0,0,25.616214752197266,0,1,0.9994059801101685,-0.030491000041365623,-0.016068000346422195,0,0.029012000188231468,0.9959250092506409,-0.08539599925279617,0,0.018605999648571014,0.08488000184297562,0.9962170124053955,0,0,28.8182430267334,0,1,0.9977009892463684,0.017683999612927437,-0.06542100012302399,0,-0.050273001194000244,0.8404830098152161,-0.5394999980926514,0,0.045444998890161514,0.541549026966095,0.8394399881362915,0,0,24.812225341796875,-0.20795400440692902,1,-0.05455100163817406,0.013807999901473522,-0.9984149932861328,0,0.8738999962806702,-0.4830479919910431,-0.05442899838089943,0,-0.48303401470184326,-0.8754850029945374,0.014283999800682068,0,10.665525436401367,25.014419555664062,-0.09603600203990936,1,0.8094549775123596,0.57676100730896,0.11013499647378922,0,-0.5536019802093506,0.6870970129966736,0.47055599093437195,0,0.1957249939441681,-0.4418649971485138,0.875469982624054,0,0,22.733402252197266,0,1,0.3960849940776825,0.9181680083274841,0.009201999753713608,0,-0.9181770086288452,0.3959589898586273,0.012954999692738056,0,0.008251000195741653,-0.01358100026845932,0.9998739957809448,0,0,53.26781463623047,0,1,0.8418570160865784,0.0013139999937266111,-0.5396999716758728,0,-0.23456799983978271,0.9014989733695984,-0.3636989891529083,0,0.4860610067844391,0.4327790141105652,0.759240984916687,0,0,48.9465217590332,0,1,0.6819319725036621,0.7245619893074036,-0.09989400207996368,0,-0.6913629770278931,0.6831250190734863,0.2352840006351471,0,0.23871800303459167,-0.09138400107622147,0.9667800068855286,0,-7.220077991485596,5.920783996582031,-0.000007000000096013537,1,0.8840829730033875,-0.460193008184433,0.08135800063610077,0,0.44487300515174866,0.8820670247077942,0.1550700068473816,0,-0.1431259959936142,-0.10090100020170212,0.9845479726791382,0,-0.19343799352645874,7.4673380851745605,0,1,0.9829019904136658,-0.17474700510501862,0.05802600085735321,0,0.1742909997701645,0.9846100211143494,0.012858999893069267,0,-0.059379998594522476,-0.0025259999092668295,0.9982320070266724,0,-0.07535800337791443,10.211470603942871,0,1,0.9984440207481384,0.053082000464200974,0.017108000814914703,0,-0.05561399832367897,0.9246019721031189,0.3768540024757385,0,0.00418600020930171,-0.37721899151802063,0.9261149764060974,0,0,11.06796646118164,0.1714390069246292,1,0.9999989867210388,0.0011129999766126275,0,0,-0.0010219999821856618,0.918179988861084,0.3961620032787323,0,0.0004419999895617366,-0.3961620032787323,0.9181810021400452,0,0.2676999866962433,15.237060546875,0,1,0.999002993106842,0.04464700073003769,0.000052999999752501026,0,-0.043733999133110046,0.9783520102500916,0.20227199792861938,0,0.00897900015115738,-0.20207199454307556,0.979328989982605,0,-0.2732299864292145,11.75461483001709,0,1,0.10001300275325775,-0.03043700009584427,0.9945200085639954,0,-0.8707209825515747,-0.486378014087677,0.07267799973487854,0,0.4814999997615814,-0.8732179999351501,-0.07514700293540955,0,-10.665525436401367,25.013511657714844,0.048207998275756836,1,0.7505649924278259,-0.5558459758758545,-0.3573330044746399,0,0.6559290289878845,0.561191976070404,0.5047969818115234,0,-0.08005700260400772,-0.6132680177688599,0.7858070135116577,0,0,22.733402252197266,0,1,0.10822000354528427,-0.9940919876098633,-0.008333999663591385,0,0.9940999746322632,0.10815100371837616,0.008307999931275845,0,-0.00735800014808774,-0.009184000082314014,0.9999309778213501,0,0,53.26276779174805,0,1,0.8181660175323486,0.0007609999738633633,0.5749819874763489,0,0.06939899921417236,0.9925580024719238,-0.10006500035524368,0,-0.570779025554657,0.12177299708127975,0.8120239973068237,0,0,48.94882583618164,0,1,0.7572050094604492,-0.6396949887275696,0.1320279985666275,0,0.6059889793395996,0.7634329795837402,0.2234880030155182,0,-0.24375900626182556,-0.08921899646520615,0.9657229781150818,0,8.01883316040039,6.1007280349731445,0.000007000000096013537,1,0.885765016078949,0.4586629867553711,-0.07105699926614761,0,-0.4416300058364868,0.8799750208854675,0.17494699358940125,0,0.14277000725269318,-0.12358099967241287,0.982010006904602,0,1.13714599609375,7.979971885681152,0,1,0.9754229784011841,-0.20495200157165527,-0.08089300245046616,0,0.20384499430656433,0.9787600040435791,-0.02180499956011772,0,0.08364400267601013,0.004778999835252762,0.9964839816093445,0,1.0223289728164673,9.384204864501953,0,1,0.9987109899520874,-0.048576001077890396,-0.01471600029617548,0,0.050540998578071594,0.9250860214233398,0.37637799978256226,0,-0.004670000169426203,-0.3766370117664337,0.9263489842414856,0,0,12.017215728759766,0.170973002910614,1,0.9999030232429504,0.013512000441551208,0.0034809999633580446,0,-0.013783999718725681,0.9178140163421631,0.39677199721336365,0,0.00216599996201694,-0.3967820107936859,0.9179099798202515,0,-0.2789439857006073,14.738595008850098,0,1,0.998399019241333,-0.056550998240709305,-0.0008970000199042261,0,0.05555899813771248,0.9776830077171326,0.20260800421237946,0,-0.010579999536275864,-0.202333003282547,0.9792600274085999,0,0.3595370054244995,11.803382873535156,0,1,-0.9164419770240784,-0.20800499618053436,0.34185901284217834,0,0.3958260118961334,-0.5966820120811462,0.6980630159378052,0,0.05878100171685219,0.7750509977340698,0.6291589736938477,0,16.968603134155273,-10.665969848632812,0.6005799770355225,1,0.999688982963562,-0.0028200000524520874,0.024793000891804695,0,0.02167700044810772,0.590283989906311,-0.8069040179252625,0,-0.01235899981111288,0.807191014289856,0.5901619791984558,0,0,64.08012390136719,0,1,0.9488040208816528,-0.21089300513267517,0.23514899611473083,0,-0.10142499953508377,0.5016220211982727,0.8591210246086121,0,-0.29913899302482605,-0.8389869928359985,0.45455101132392883,0,0,55.26921844482422,0,1,0.9914000034332275,-0.000048000001697801054,-0.13086900115013123,0,0.08356299996376038,0.7698370218276978,0.6327459812164307,0,0.10071799904108047,-0.6382399797439575,0.7632200121879578,0,0,36.5555305480957,0,1,-0.8975560069084167,0.17605699598789215,-0.4042240083217621,0,-0.39465299248695374,-0.7295740246772766,0.5585430264472961,0,-0.19657599925994873,0.6608520150184631,0.7243149876594543,0,-16.968603134155273,-10.665969848632812,0.47241300344467163,1,0.9936540126800537,-0.013109000399708748,-0.11171499639749527,0,-0.08711399883031845,0.5386049747467041,-0.8380429744720459,0,0.07115700095891953,0.8424559831619263,0.5340449810028076,0,0,64.0646743774414,0,1,0.9422950148582458,0.27712300419807434,-0.18783999979496002,0,0.088018998503685,0.33626601099967957,0.9376450181007385,0,0.3230069875717163,-0.9000710248947144,0.2924700081348419,0,0,55.258724212646484,0,1,0.9915400147438049,0,0.12980100512504578,0,-0.08115799725055695,0.7804290056228638,0.6199550032615662,0,-0.10130099952220917,-0.6252440214157104,0.7738270163536072,0,0,36.844871520996094,0,1
K0.033,0.9792140126228333,-0.042478982359170914,0.19833096861839294,0,0.008030973374843597,0.9851760268211365,0.17135605216026306,0,-0.20266996324062347,-0.16620205342769623,0.9650400280952454,0,-0.05072402581572533,134.1331787109375,-2.344210386276245,1,0.9993789792060852,0.017903003841638565,0.030353015288710594,0,-0.022367006167769432,0.9878479838371277,0.1538029909133911,0,-0.027231013402342796,-0.1543869823217392,0.9876350164413452,0,0,19.2117919921875,-0.1207680031657219,1,0.9984999895095825,-0.0034349909983575344,0.05463903024792671,0,-0.012749016284942627,0.9560040235519409,0.2930779755115509,0,-0.053242027759552,-0.2933349609375,0.9545260071754456,0,0,22.4141845703125,0,1,0.9985489845275879,-0.004413991700857878,0.05366303026676178,0,-0.011535015888512135,0.9559599757194519,0.2932709753513336,0,-0.05259402468800545,-0.29346397519111633,0.9545220136642456,0,0,25.616214752197266,0,1,0.9989619851112366,-0.03129801154136658,-0.03309616819024086,0,0.028359998017549515,0.9959089756011963,-0.0857980027794838,0,0.035646166652441025,0.08476999402046204,0.9957630038261414,0,0,28.8182430267334,0,1,0.9894488453865051,-0.04492860659956932,-0.13774371147155762,0,-0.03578085079789162,0.8454850316047668,-0.5327989459037781,0,0.14039792120456696,0.5321058630943298,0.8349558711051941,0,0,24.812225341796875,-0.20795400440692902,1,-0.053339987993240356,0.013805000111460686,-0.9984809756278992,0,0.8747789859771729,-0.4815720021724701,-0.05338999256491661,0,-0.48157799243927,-0.8762980103492737,0.013610994443297386,0,10.665525436401367,25.014419555664062,-0.09603600203990936,1,0.8088089823722839,0.5776010155677795,0.1104770079255104,0,-0.5537710189819336,0.6848530173301697,0.4736170172691345,0,0.19790101051330566,-0.44424501061439514,0.873773992061615,0,0,22.733402252197266,0,1,0.40035802125930786,0.9163129925727844,0.009142998605966568,0,-0.9163219928741455,0.40023303031921387,0.012930000200867653,0,0.008188999257981777,-0.013554000295698643,0.999875009059906,0,0,53.26781463623047,0,1,0.8412839770317078,0.001709996722638607,-0.5405899882316589,0,-0.23424199223518372,0.902396023273468,-0.3616809844970703,0,0.4872080087661743,0.43090498447418213,0.7595720291137695,0,0,48.9465217590332,0,1,0.6819329857826233,0.7245609760284424,-0.09989400207996368,0,-0.6913620233535767,0.6831250190734863,0.2352840006351471,0,0.23871800303459167,-0.09138400107622147,0.9667800068855286,0,-7.220077991485596,5.920783996582031,-0.000007000000096013537,1,0.8840839862823486,-0.4601919949054718,0.08135800063610077,0,0.4448719918727875,0.8820670247077942,0.1550700068473816,0,-0.1431249976158142,-0.10090100020170212,0.9845479726791382,0,-0.19343799352645874,7.4673380851745605,0,1,0.9829019904136658,-0.17474700510501862,0.05802600085735321,0,0.17429199814796448,0.9846100211143494,0.012858999893069267,0,-0.059379998594522476,-0.0025259999092668295,0.9982320070266724,0,-0.07535800337791443,10.211470603942871,0,1,0.9984440207481384,0.053082000464200974,0.017107000574469566,0,-0.05561399832367897,0.9246019721031189,0.3768540024757385,0,0.00418699998408556,-0.37721899151802063,0.9261149764060974,0,0,11.06796646118164,0.1714390069246292,1,0.9999989867210388,0.0011139999842271209,0,0,-0.0010229999898001552,0.918179988861084,0.3961620032787323,0,0.0004419999895617366,-0.3961620032787323,0.918179988861084,0,0.2676999866962433,15.237060546875,0,1,0.999002993106842,0.0446459986269474,0.000052999999752501026,0,-0.043733999133110046,0.9783520102500916,0.20227199792861938,0,0.00897900015115738,-0.20207199454307556,0.979328989982605,0,-0.2732299864292145,11.75461483001709,0,1,0.10062700510025024,-0.031369008123874664,0.9944300055503845,0,-0.8694959878921509,-0.48858001828193665,0.07257299870252609,0,0.4835820198059082,-0.8719549775123596,-0.0764390155673027,0,-10.665525436401367,25.013511657714844,0.048207998275756836,1,0.7476099729537964,-0.5559719800949097,-0.36328205466270447,0,0.6588659882545471,0.5520999431610107,0.5109610557556152,0,-0.08351203799247742,-0.6213540434837341,0.7790659666061401,0,0,22.733402252197266,0,1,0.10886500775814056,-0.994022011756897,-0.008329000324010849,0,0.9940289855003357,0.10879700630903244,0.008307999931275845,0,-0.00735200010240078,-0.009184000082314014,0.9999309778213501,0,0,53.26276779174805,0,1,0.8162569999694824,0.0006199986673891544,0.5776879787445068,0,0.06996601074934006,0.9925320148468018,-0.0999239981174469,0,-0.5734360218048096,0.12198200076818466,0.8101180195808411,0,0,48.94882583618164,0,1,0.7572050094604492,-0.6396949887275696,0.1320279985666275,0,0.6059889793395996,0.7634329795837402,0.2234880030155182,0,-0.24375900626182556,-0.08921899646520615,0.9657229781150818,0,8.01883316040039,6.1007280349731445,0.000007000000096013537,1,0.885765016078949,0.4586629867553711,-0.07105699926614761,0,-0.4416300058364868,0.8799750208854675,0.17494800686836243,0,0.14277000725269318,-0.12358199805021286,0.982010006904602,0,1.13714599609375,7.979971885681152,0,1,0.9754229784011841,-0.20495299994945526,-0.08089300245046616,0,0.20384499430656433,0.9787600040435791,-0.02180499956011772,0,0.08364400267601013,0.004778999835252762,0.9964839816093445,0,1.0223289728164673,9.384204864501953,0,1,0.9987109899520874,-0.048576001077890396,-0.01471600029617548,0,0.050540998578071594,0.9250860214233398,0.37637799978256226,0,-0.004670000169426203,-0.3766370117664337,0.9263489842414856,0,0,12.017215728759766,0.170973002910614,1,0.9999030232429504,0.013512000441551208,0.003481999970972538,0,-0.013783999718725681,0.9178140163421631,0.39677199721336365,0,0.00216599996201694,-0.3967820107936859,0.9179099798202515,0,-0.2789439857006073,14.738595008850098,0,1,0.998399019241333,-0.056550998240709305,-0.0008970000199042261,0,0.05555899813771248,0.9776830077171326,0.20260800421237946,0,-0.010579999536275864,-0.202333003282547,0.9792600274085999,0,0.3595370054244995,11.803382873535156,0,1,-0.9199510216712952,-0.20736099779605865,0.33270391821861267,0,0.3884059488773346,-0.5972890257835388,0.7017030715942383,0,0.0532139427959919,0.7747560143470764,0.6300169825553894,0,16.968603134155273,-10.665969848632812,0.6005799770355225,1,0.9995660185813904,0.00475306436419487,0.029080035164952278,0,0.020507989451289177,0.5964380502700806,-0.8023969531059265,0,-0.02115907520055771,0.8026449680328369,0.5960820317268372,0,0,64.08012390136719,0,1,0.9479259848594666,-0.21526303887367249,0.23472900688648224,0,-0.09762696176767349,0.5051360130310059,0.8575000166893005,0,-0.3031580150127411,-0.8357629776000977,0.4578160345554352,0,0,55.26921844482422,0,1,0.9911379814147949,-0.000003999979981017532,-0.13283999264240265,0,0.08385699987411499,0.7755870223045349,0.6256470084190369,0,0.10302600264549255,-0.6312410235404968,0.7687129974365234,0,0,36.5555305480957,0,1,-0.8929019570350647,0.17734000086784363,-0.41385507583618164,0,-0.4024330675601959,-0.7265539765357971,0.5569260120391846,0,-0.20192305743694305,0.6638299822807312,0.7201089262962341,0,-16.968603134155273,-10.665969848632812,0.47241300344467163,1,0.9931790232658386,-0.005922914482653141,-0.11644605547189713,0,-0.094912089407444,0.5390170216560364,-0.8369309902191162,0,0.06772295385599136,0.842274010181427,0.5347779989242554,0,0,64.0646743774414,0,1,0.9437980055809021,0.271545946598053,-0.18843701481819153,0,0.09120403975248337,0.33402296900749207,0.9381420016288757,0,0.3176899552345276,-0.9026029706001282,0.2904849648475647,0,0,55.258724212646484,0,1,0.9915400147438049,0,0.12980100512504578,0,-0.08115799725055695,0.7804279923439026,0.6199560165405273,0,-0.10130099952220917,-0.6252449750900269,0.773826003074646,0,0,36.844871520996094,0,1
K0.067,0.9798830151557922,-0.04046201705932617,0.19543002545833588,0,0.005341026466339827,0.9841979742050171,0.17698794603347778,0,-0.19950303435325623,-0.17238393425941467,0.964614987373352,0,-0.25307199358940125,134.24111938476562,-2.1802666187286377,1,0.9993289709091187,0.018220996484160423,0.03177398443222046,0,-0.02286299504339695,0.9880459904670715,0.1524520218372345,0,-0.028615986928343773,-0.15307600796222687,0.9878000020980835,0,0,19.2117919921875,-0.1207680031657219,1,0.9983360171318054,-0.002531009027734399,0.05761096999049187,0,-0.014338984154164791,0.9567670226097107,0.29050204157829285,0,-0.055855974555015564,-0.29084503650665283,0.9551380276679993,0,0,22.4141845703125,0,1,0.9983869791030884,-0.003570008324459195,0.05667097121477127,0,-0.01308098528534174,0.9567229747772217,0.2907060384750366,0,-0.05525597557425499,-0.2909780442714691,0.9551330208778381,0,0,25.616214752197266,0,1,0.99822598695755,-0.03253098949790001,-0.04986783117055893,0,0.02816600166261196,0.9959080219268799,-0.08586599677801132,0,0.05245683342218399,0.08430900424718857,0.995058000087738,0,0,28.8182430267334,0,1,0.9722991585731506,-0.10568339377641678,-0.20848329365253448,0,-0.020956147462129593,0.8489399552345276,-0.5280730724334717,0,0.23279806971549988,0.5178140997886658,0.8232091069221497,0,0,24.812225341796875,-0.20795400440692902,1,-0.052315011620521545,0.013801000081002712,-0.9985349774360657,0,0.8755390048027039,-0.48028600215911865,-0.05250900611281395,0,-0.480307012796402,-0.8770040273666382,0.01304300595074892,0,10.665525436401367,25.014419555664062,-0.09603600203990936,1,0.807699978351593,0.5789679884910583,0.11143099516630173,0,-0.5549830198287964,0.682781994342804,0.4751869738101959,0,0.19903498888015747,-0.44565001130104065,0.8728010058403015,0,0,22.733402252197266,0,1,0.40420496463775635,0.9146230220794678,0.0090880012139678,0,-0.9146320223808289,0.40407997369766235,0.012906000018119812,0,0.008132001385092735,-0.013527999632060528,0.999875009059906,0,0,53.26781463623047,0,1,0.8408929705619812,0.0013820033054798841,-0.5411999821662903,0,-0.2333030104637146,0.9032350182533264,-0.3601889908313751,0,0.48833298683166504,0.429144024848938,0.7598459720611572,0,0,48.9465217590332,0,1,0.6819319725036621,0.7245609760284424,-0.09989400207996368,0,-0.6913620233535767,0.6831250190734863,0.2352840006351471,0,0.23871800303459167,-0.09138400107622147,0.9667800068855286,0,-7.220077991485596,5.920783996582031,-0.000007000000096013537,1,0.8840829730033875,-0.460193008184433,0.08135800063610077,0,0.44487300515174866,0.8820670247077942,0.1550700068473816,0,-0.1431249976158142,-0.10090000182390213,0.9845479726791382,0,-0.19343799352645874,7.4673380851745605,0,1,0.9829019904136658,-0.17474700510501862,0.05802600085735321,0,0.17429199814796448,0.9846100211143494,0.012858999893069267,0,-0.059379998594522476,-0.0025259999092668295,0.9982320070266724,0,-0.07535800337791443,10.211470603942871,0,1,0.9984440207481384,0.053082000464200974,0.017108000814914703,0,-0.05561299994587898,0.9246019721031189,0.3768540024757385,0,0.00418600020930171,-0.37721899151802063,0.9261149764060974,0,0,11.06796646118164,0.1714390069246292,1,0.9999989867210388,0.0011129999766126275,0,0,-0.0010219999821856618,0.918179988861084,0.3961620032787323,0,0.0004419999895617366,-0.3961620032787323,0.9181810021400452,0,0.2676999866962433,15.237060546875,0,1,0.999002993106842,0.04464700073003769,0.000052999999752501026,0,-0.04373500123620033,0.9783520102500916,0.20227199792861938,0,0.00897900015115738,-0.20207199454307556,0.979328989982605,0,-0.2732299864292145,11.75461483001709,0,1,0.10131299495697021,-0.03227999433875084,0.9943310022354126,0,-0.8682950139045715,-0.49071598052978516,0.07254000008106232,0,0.48559296131134033,-0.8707209825515747,-0.07774398475885391,0,-10.665525436401367,25.013511657714844,0.048207998275756836,1,0.7451320290565491,-0.5558080077171326,-0.36858493089675903,0,0.6611729860305786,0.5432670712471008,0.5174079537391663,0,-0.08733896166086197,-0.6292359232902527,0.7722910642623901,0,0,22.733402252197266,0,1,0.10948499292135239,-0.9939540028572083,-0.008322999812662601,0,0.993960976600647,0.10941599309444427,0.008306999690830708,0,-0.0073460000567138195,-0.00918199960142374,0.9999309778213501,0,0,53.26276779174805,0,1,0.8144810199737549,0.00048700132174417377,0.5801900029182434,0,0.07049399614334106,0.9925079941749573,-0.09979300200939178,0,-0.5758910179138184,0.12217900156974792,0.8083450198173523,0,0,48.94882583618164,0,1,0.7572050094604492,-0.6396949887275696,0.1320279985666275,0,0.6059889793395996,0.7634329795837402,0.2234880030155182,0,-0.24375900626182556,-0.08921799808740616,0.9657229781150818,0,8.01883316040039,6.1007280349731445,0.000007000000096013537,1,0.885765016078949,0.4586629867553711,-0.07105699926614761,0,-0.4416309893131256,0.8799750208854675,0.17494800686836243,0,0.14277000725269318,-0.12358199805021286,0.982010006904602,0,1.13714599609375,7.979971885681152,0,1,0.9754229784011841,-0.20495200157165527,-0.08089300245046616,0,0.20384499430656433,0.9787600040435791,-0.02180499956011772,0,0.08364400267601013,0.004780000075697899,0.9964839816093445,0,1.0223289728164673,9.384204864501953,0,1,0.9987109899520874,-0.048576001077890396,-0.01471600029617548,0,0.050540998578071594,0.9250860214233398,0.37637901306152344,0,-0.004668999928981066,-0.3766370117664337,0.9263489842414856,0,0,12.017215728759766,0.170973002910614,1,0.9999030232429504,0.013512000441551208,0.003481999970972538,0,-0.013783999718725681,0.9178140163421631,0.39677199721336365,0,0.0021649999544024467,-0.3967820107936859,0.9179109930992126,0,-0.2789439857006073,14.738595008850098,0,1,0.998399019241333,-0.056550998240709305,-0.0008970000199042261,0,0.05555899813771248,0.9776830077171326,0.20260800421237946,0,-0.010579999536275864,-0.202333003282547,0.9792600274085999,0,0.3595370054244995,11.803382873535156,0,1,-0.9225819706916809,-0.2075989991426468,0.325185090303421,0,0.3828480541706085,-0.5967379808425903,0.7052169442176819,0,0.04764805734157562,0.7751169800758362,0.6300190091133118,0,16.968603134155273,-10.665969848632812,0.6005799770355225,1,0.9994059801101685,0.011187936179339886,0.032590966671705246,0,0.01931901089847088,0.6012569665908813,-0.7988220453262329,0,-0.028532927855849266,0.7989780306816101,0.6006829142570496,0,0,64.08012390136719,0,1,0.9470760226249695,-0.2193969488143921,0.23433199524879456,0,-0.09421103447675705,0.5078690052032471,0.856266975402832,0,-0.3068719804286957,-0.8330270051956177,0.46032097935676575,0,0,55.26921844482422,0,1,0.9911220073699951,-0.000002000019776460249,-0.13295400142669678,0,0.08387300372123718,0.7759190201759338,0.6252319812774658,0,0.10316000133752823,-0.6308330297470093,0.769029974937439,0,0,36.5555305480957,0,1,-0.8886050581932068,0.17796699702739716,-0.4227399230003357,0,-0.4092259407043457,-0.7238799929618835,0.5554559826850891,0,-0.20715995132923126,0.6665769815444946,0.7160720825195312,0,-16.968603134155273,-10.665969848632812,0.47241300344467163,1,0.9926030039787292,0.0026219149585813284,-0.12137794494628906,0,-0.10359691083431244,0.5395830273628235,-0.8355339765548706,0,0.06330304592847824,0.8419280052185059,0.5358629822731018,0,0,64.0646743774414,0,1,0.9454190135002136,0.265205055475235,-0.18933998048305511,0,0.0947999656200409,0.3320670425891876,0.938480019569397,0,0.31176304817199707,-0.905206024646759,0.28880104422569275,0,0,55.258724212646484,0,1,0.9915400147438049,0,0.12980100512504578,0,-0.08115799725055695,0.7804279923439026,0.6199569702148438,0,-0.10130000114440918,-0.625245988368988,0.7738249897956848,0,0,36.844871520996094,0,1
K0.100,0.9796810150146484,-0.040150001645088196,0.1965000033378601,0,0.0038469999562948942,0.9833390116691589,0.18174000084400177,0,-0.2005230039358139,-0.17729200422763824,0.9635130167007446,0,-0.32793399691581726,134.31301879882812,-2.011931896209717,1,0.9992820024490356,0.018439000472426414,0.03308999910950661,0,-0.023240000009536743,0.9882370233535767,0.15115100145339966,0,-0.029913000762462616,-0.15181200206279755,0.9879570007324219,0,0,19.2117919921875,-0.1207680031657219,1,0.9981740117073059,-0.0016410000389441848,0.060380998998880386,0,-0.01584799960255623,0.9574949741363525,0.2880139946937561,0,-0.05828699842095375,-0.28844499588012695,0.9557210206985474,0,0,22.4141845703125,0,1,0.99822598695755,-0.0027379998937249184,0.059484001249074936,0,-0.014549000188708305,0.9574519991874695,0.28822600841522217,0,-0.05774199962615967,-0.2885800004005432,0.9557129740715027,0,0,25.616214752197266,0,1,0.997223973274231,-0.03466000035405159,-0.06590499728918076,0,0.029006000608205795,0.9959679841995239,-0.08488500118255615,0,0.0685809999704361,0.082737997174263,0.9942089915275574,0,0,28.8182430267334,0,1,0.9477409720420837,-0.16221199929714203,-0.274726003408432,0,-0.006529000587761402,0.8510580062866211,-0.5250319838523865,0,0.31897398829460144,0.4993880093097687,0.8055229783058167,0,0,24.812225341796875,-0.20795400440692902,1,-0.05148100107908249,0.013801000081002712,-0.9985790252685547,0,0.8761569857597351,-0.4792349934577942,-0.05179399996995926,0,-0.47926801443099976,-0.8775780200958252,0.01257999986410141,0,10.665525436401367,25.014419555664062,-0.09603600203990936,1,0.8061710000038147,0.5808449983596802,0.1127220019698143,0,-0.5570849776268005,0.6809399724006653,0.47537100315093994,0,0.19935999810695648,-0.4460259974002838,0.8725339770317078,0,0,22.733402252197266,0,1,0.40754398703575134,0.9131410121917725,0.00904100015759468,0,-0.9131500124931335,0.40742000937461853,0.012884999625384808,0,0.008081999607384205,-0.013507000170648098,0.9998760223388672,0,0,53.26781463623047,0,1,0.840703010559082,0.00019100005738437176,-0.5414959788322449,0,-0.23163600265979767,0.904013991355896,-0.35930898785591125,0,0.4894520044326782,0.42750200629234314,0.7600520253181458,0,0,48.9465217590332,0,1,0.6819319725036621,0.7245619893074036,-0.09989400207996368,0,-0.6913629770278931,0.6831250190734863,0.2352840006351471,0,0.23871800303459167,-0.09138400107622147,0.9667800068855286,0,-7.220077991485596,5.920783996582031,-0.000007000000096013537,1,0.8840839862823486,-0.4601919949054718,0.08135800063610077,0,0.4448719918727875,0.8820670247077942,0.1550700068473816,0,-0.1431249976158142,-0.10090100020170212,0.9845479726791382,0,-0.19343799352645874,7.4673380851745605,0,1,0.9829019904136658,-0.17474700510501862,0.058024998754262924,0,0.17429199814796448,0.9846100211143494,0.012858999893069267,0,-0.059379998594522476,-0.0025259999092668295,0.9982320070266724,0,-0.07535800337791443,10.211470603942871,0,1,0.9984440207481384,0.05308299884200096,0.017107000574469566,0,-0.05561399832367897,0.9246019721031189,0.3768540024757385,0,0.00418699998408556,-0.37721899151802063,0.9261149764060974,0,0,11.06796646118164,0.1714390069246292,1,0.9999989867210388,0.0011139999842271209,0,0,-0.0010219999821856618,0.918179988861084,0.3961620032787323,0,0.0004419999895617366,-0.3961620032787323,0.9181810021400452,0,0.2676999866962433,15.237060546875,0,1,0.999002993106842,0.04464700073003769,0.000052999999752501026,0,-0.043733999133110046,0.9783520102500916,0.20227199792861938,0,0.00897900015115738,-0.20207199454307556,0.979328989982605,0,-0.2732299864292145,11.75461483001709,0,1,0.10203099995851517,-0.03313300013542175,0.9942290186882019,0,-0.8671709895133972,-0.49269500374794006,0.07257299870252609,0,0.48744699358940125,-0.8695709705352783,-0.0790020003914833,0,-10.665525436401367,25.013511657714844,0.048207998275756836,1,0.7431409955024719,-0.5554460287094116,-0.3731229901313782,0,0.662880003452301,0.5350469946861267,0.5237500071525574,0,-0.09127700328826904,-0.6365560293197632,0.7658100128173828,0,0,22.733402252197266,0,1,0.10998900234699249,-0.9938979744911194,-0.008318999782204628,0,0.9939060211181641,0.10992100089788437,0.008306000381708145,0,-0.007340999785810709,-0.00918199960142374,0.9999309778213501,0,0,53.26276779174805,0,1,0.8128319978713989,0.00037200000951997936,0.5824980139732361,0,0.0709730014204979,0.9924860000610352,-0.09967099875211716,0,-0.5781580209732056,0.12235700339078903,0.8066980242729187,0,0,48.94882583618164,0,1,0.757203996181488,-0.6396949887275696,0.1320289969444275,0,0.6059889793395996,0.7634329795837402,0.2234880030155182,0,-0.24375900626182556,-0.08921799808740616,0.9657229781150818,0,8.01883316040039,6.1007280349731445,0.000007000000096013537,1,0.885765016078949,0.4586629867553711,-0.07105699926614761,0,-0.4416300058364868,0.8799750208854675,0.17494800686836243,0,0.14277000725269318,-0.12358199805021286,0.982010006904602,0,1.13714599609375,7.979971885681152,0,1,0.9754229784011841,-0.20495299994945526,-0.08089300245046616,0,0.20384599268436432,0.9787600040435791,-0.02180499956011772,0,0.08364400267601013,0.004780000075697899,0.9964839816093445,0,1.0223289728164673,9.384204864501953,0,1,0.9987109899520874,-0.048576999455690384,-0.01471600029617548,0,0.050540998578071594,0.9250869750976562,0.37637799978256226,0,-0.004670000169426203,-0.3766370117664337,0.9263489842414856,0,0,12.017215728759766,0.170973002910614,1,0.9999030232429504,0.013512000441551208,0.0034809999633580446,0,-0.013783999718725681,0.9178140163421631,0.39677199721336365,0,0.00216599996201694,-0.39678099751472473,0.9179109930992126,0,-0.2789439857006073,14.738595008850098,0,1,0.998399019241333,-0.056550998240709305,-0.0008970000199042261,0,0.055560000240802765,0.9776830077171326,0.20260800421237946,0,-0.010580999776721,-0.202333003282547,0.9792600274085999,0,0.3595370054244995,11.803382873535156,0,1,-0.9225010275840759,-0.20722100138664246,0.325654000043869,0,0.38306400179862976,-0.595229983329773,0.7063729763031006,0,0.047463998198509216,0.7763770222663879,0.62847900390625,0,16.968603134155273,-10.665969848632812,0.6005799770355225,1,0.9993619918823242,0.0116779999807477,0.03374100103974342,0,0.019881999120116234,0.6029340028762817,-0.7975429892539978,0,-0.029657000675797462,0.7977060079574585,0.6023179888725281,0,0,64.08012390136719,0,1,0.9468349814414978,-0.22055600583553314,0.23422099649906158,0,-0.0935949981212616,0.5076990127563477,0.856436014175415,0,-0.30780598521232605,-0.8328250050544739,0.46006399393081665,0,0,55.26921844482422,0,1,0.9911100268363953,0,-0.13304300606250763,0,0.08388599753379822,0.7761750221252441,0.6249120235443115,0,0.10326399654150009,-0.6305170059204102,0.7692750096321106,0,0,36.5555305480957,0,1,-0.8878189921379089,0.17732900381088257,-0.4246540069580078,0,-0.41056200861930847,-0.7220609784126282,0.5568360090255737,0,-0.20788300037384033,0.6687170267105103,0.7138649821281433,0,-16.968603134155273,-10.665969848632812,0.47241300344467163,1,0.9923809766769409,0.006767999846488237,-0.12302300333976746,0,-0.10708600282669067,0.5412030220031738,-0.8340460062026978,0,0.06093600019812584,0.8408650159835815,0.5378040075302124,0,0,64.0646743774414,0,1,0.9460440278053284,0.2625789940357208,-0.1898760050535202,0,0.09624999761581421,0.3318139910697937,0.9384220242500305,0,0.30941298604011536,-0.906063973903656,0.2886370122432709,0,0,55.258724212646484,0,1,0.9915400147438049,0,0.12980100512504578,0,-0.08115699887275696,0.7804290056228638,0.6199550032615662,0,-0.10130099952220917,-0.6252449750900269,0.773826003074646,0,0,36.844871520996094,0,1
