0.500,30,15,41
B0,mixamorig_Hips,-1,0.7949825525283813,-0.07064391672611237,0.6025044322013855,0,0.09031166136264801,0.9959108233451843,-0.0023919944651424885,0,-0.5998720526695251,0.056314390152692795,0.7981113195419312,0,1.199362874031067,77.81385040283203,-0.9302603006362915,1
B1,mixamorig_Spine,0,0.9944429397583008,-0.06817741692066193,-0.08021402359008789,0,0.10167991369962692,0.8194288015365601,0.5640900731086731,0,0.027271922677755356,-0.5691114664077759,0.8218077421188354,0,0,19.21179962158203,-0.12080000340938568,1
B2,mixamorig_Spine1,1,0.9940670132637024,0.0509830005466938,0.09608200192451477,0,-0.08247800171375275,0.9291970133781433,0.36026400327682495,0,-0.07091200351715088,-0.36605098843574524,0.9278889894485474,0,0,22.414199829101562,0,1
B3,mixamorig_Spine2,2,0.9773062467575073,0.2015027552843094,0.06533703953027725,0,-0.20030875504016876,0.9794286489486694,-0.02440500073134899,0,-0.06891103833913803,0.010763715021312237,0.9975646138191223,0,0,25.616199493408203,0,1
B4,mixamorig_Neck,3,0.9837250113487244,-0.07531153410673141,-0.1631346493959427,0,0.07260125875473022,0.997106671333313,-0.022521281614899635,0,0.16435858607292175,0.010310874320566654,0.9863469004631042,0,0,28.818199157714844,0,1
B5,mixamorig_Head,4,0.8873525261878967,-0.2613081634044647,-0.3798995614051819,0,0.08265697956085205,0.9007144570350647,-0.42647498846054077,0,0.45362263917922974,0.347031831741333,0.820850133895874,0,0,24.81220054626465,-0.20800000429153442,1
B6,mixamorig_HeadTop_End,5,1,0,0,0,0,1,0,0,0,0,1,0,0,103.31420135498047,-0.8658999800682068,1
B7,mixamorig_LeftShoulder,3,0.41432368755340576,0.16059285402297974,-0.8958491683006287,0,0.8574284315109253,0.2612096071243286,0.4433799684047699,0,0.30520761013031006,-0.9518296122550964,-0.029471077024936676,0,10.665499687194824,25.014400482177734,-0.09600000083446503,1
B8,mixamorig_LeftArm,7,0.7163994312286377,-0.0551832877099514,0.6955044269561768,0,0.10218223929405212,0.994416356086731,-0.02635195665061474,0,-0.6901671886444092,0.08994652330875397,0.7180385589599609,0,0,22.733400344848633,0,1
B9,mixamorig_LeftForeArm,8,-0.08188746124505997,0.16880129277706146,0.9822420477867126,0,-0.9888842105865479,-0.13648660480976105,-0.058986030519008636,0,0.12410567700862885,-0.9761539101600647,0.17810170352458954,0,0,53.267799377441406,0,1
B10,mixamorig_LeftHand,9,0.963552713394165,0.110331229865551,-0.24370336532592773,0,-0.10677114874124527,0.9938937425613403,0.02781231515109539,0,0.24528318643569946,-0.0007780969026498497,0.9694503545761108,0,0,48.94649887084961,0,1
B11,mixamorig_LeftHandThumb1,10,0.784974992275238,0.6191179752349854,0.02253899909555912,0,-0.5204570293426514,0.6392756700515747,0.5660840272903442,0,0.33606401085853577,-0.4560920000076294,0.8240389823913574,0,-7.220099925994873,5.92080020904541,0,1
B12,mixamorig_LeftHandThumb2,11,0.930281937122345,-0.2915569245815277,-0.22264234721660614,0,0.30732065439224243,0.9508063197135925,0.03898933529853821,0,0.2003222405910492,-0.10469349473714828,0.9741201996803284,0,-0.19339999556541443,7.467299938201904,0,1
B13,mixamorig_LeftHandThumb3,12,0.6225797533988953,0.18999655544757843,-0.7591419219970703,0,0.31971123814582825,0.8236725926399231,0.46834516525268555,0,0.7142682671546936,-0.5342880487442017,0.4520573616027832,0,-0.07540000230073929,10.21150016784668,0,1
B14,mixamorig_LeftHandThumb4,13,1,0,0,0,0,1,0,0,0,0,1,0,0.2687999904155731,8.708700180053711,0,1
B15,mixamorig_LeftHandIndex1,10,0.9022566676139832,0.3449634909629822,0.2587125599384308,0,-0.31349095702171326,0.11281779408454895,0.9428627490997314,0,0.29606786370277405,-0.9318087697029114,0.20993368327617645,0,0,11.067999839782715,0.17139999568462372,1
B16,mixamorig_LeftHandIndex2,15,0.9607132077217102,0.2533750832080841,0.11327248066663742,0,-0.20346328616142273,0.3653840720653534,0.9083483815193176,0,0.18876513838768005,-0.895709216594696,0.4025816023349762,0,0.2676999866962433,15.237099647521973,0,1
B17,mixamorig_LeftHandIndex3,16,0.9694027900695801,0.21973811089992523,0.10941990464925766,0,-0.1807439923286438,0.33732640743255615,0.9238730072975159,0,0.16610006988048553,-0.9153820276260376,0.3667219877243042,0,-0.27320000529289246,11.754599571228027,0,1
B18,mixamorig_LeftHandIndex4,17,1,0,0,0,0,1,0,0,0,0,1,0,0.005499999970197678,9.809100151062012,0,1
B19,mixamorig_RightShoulder,3,-0.043158505111932755,-0.05638071894645691,0.9974761009216309,0,-0.8968049883842468,-0.4378385543823242,-0.06355094164609909,0,0.44031649827957153,-0.8972840309143066,-0.03166559711098671,0,-10.665499687194824,25.013500213623047,0.04820000007748604,1
B20,mixamorig_RightArm,19,0.8963403701782227,-0.05817084014415741,-0.4395342469215393,0,0.24064789712429047,0.8964502811431885,0.37210962176322937,0,0.3723750710487366,-0.4393097758293152,0.8175233006477356,0,0,22.733400344848633,0,1
B21,mixamorig_RightForeArm,20,0.9595441818237305,-0.15133000910282135,-0.23743312060832977,0,0.1682007908821106,0.9843609929084778,0.052365027368068695,0,0.22579537332057953,-0.09018343687057495,0.9699913263320923,0,0,53.26279830932617,0,1
B22,mixamorig_RightHand,21,0.9757834672927856,0.04368666186928749,0.21433278918266296,0,-0.003102049231529236,0.982518196105957,-0.18614035844802856,0,-0.2187180519104004,0.18096823990345,0.958860456943512,0,0,48.94879913330078,0,1
B23,mixamorig_RightHandThumb1,22,0.9496229887008667,-0.2120523899793625,0.23075899481773376,0,-0.06021500006318092,0.5991460084915161,0.7983723282814026,0,-0.3075549900531769,-0.7720479965209961,0.556194007396698,0,8.018799781799316,6.1006999015808105,0,1
B24,mixamorig_RightHandThumb2,23,0.9626016616821289,0.01946300081908703,0.27022069692611694,0,0.045274343341588974,0.9718332886695862,-0.23127757012844086,0,-0.2671106159687042,0.23486195504665375,0.934607207775116,0,1.1370999813079834,7.980000019073486,0,1
B25,mixamorig_RightHandThumb3,24,0.9604392051696777,-0.09900006651878357,-0.26029762625694275,0,0.038651008158922195,0.9730203747749329,-0.22745977342128754,0,0.27579373121261597,0.2084004133939743,0.9383536577224731,0,1.0223000049591064,9.384200096130371,0,1
B26,mixamorig_RightHandThumb4,25,1,0,0,0,0,1,0,0,0,0,1,0,-2.1594998836517334,7.527200222015381,0,1
B27,mixamorig_RightHandIndex1,22,0.9823985695838928,-0.13608606159687042,-0.12796074151992798,0,0.17777152359485626,0.47074657678604126,0.8641723990440369,0,-0.057364411652088165,-0.8717101216316223,0.4866531789302826,0,0,12.017200469970703,0.17100000381469727,1
B28,mixamorig_RightHandIndex2,27,0.9688471555709839,-0.23056523501873016,-0.09041332453489304,0,0.18130667507648468,0.4116308093070984,0.893133819103241,0,-0.1687086820602417,-0.881702721118927,0.4406101107597351,0,-0.27889999747276306,14.73859977722168,0,1
B29,mixamorig_RightHandIndex3,28,0.9761156439781189,-0.2049340009689331,-0.07211499661207199,0,0.1675799936056137,0.49900099635124207,0.8502439856529236,0,-0.13825899362564087,-0.8420220017433167,0.5214250087738037,0,0.359499990940094,11.803400039672852,0,1
B30,mixamorig_RightHandIndex4,29,1,0,0,0,0,1,0,0,0,0,1,0,-0.08060000091791153,9.22070026397705,0,1
B31,mixamorig_LeftUpLeg,0,-0.6961656212806702,-0.32193416357040405,0.6416476964950562,0,0.6876559853553772,-0.04242722690105438,0.724795937538147,0,-0.2061138153076172,0.9458107948303223,0.25091612339019775,0,16.968599319458008,-10.666000366210938,0.600600004196167,1
B32,mixamorig_LeftLeg,31,0.9874260425567627,-0.09294287115335464,0.12787386775016785,0,0.03692028298974037,-0.650949239730835,-0.7582228183746338,0,0.15371111035346985,0.7534099817276001,-0.6393324136734009,0,0,64.0801010131836,0,1
B33,mixamorig_LeftFoot,32,0.9598119854927063,-0.24006150662899017,0.14536598324775696,0,-0.16508904099464417,-0.06409158557653427,0.9841939806938171,0,-0.22695031762123108,-0.9686393141746521,-0.10114727169275284,0,0,55.26919937133789,0,1
B34,mixamorig_LeftToeBase,33,0.9922369718551636,-0.004809000063687563,-0.124269999563694,0,0.08536200225353241,0.7530239820480347,0.6524320244789124,0,0.09044100344181061,-0.6579750180244446,0.7475889921188354,0,0,36.55550003051758,0,1
B35,mixamorig_LeftToe_End,34,1,0,0,0,0,1,0,0,0,0,1,0,0,13.579999923706055,0,1
B36,mixamorig_RightUpLeg,0,-0.3639211356639862,0.7767287492752075,-0.5140560865402222,0,-0.9203760027885437,-0.21510300040245056,0.3265557587146759,0,0.14307008683681488,0.5919653177261353,0.793163001537323,0,-16.968599319458008,-10.666000366210938,0.4724000096321106,1
B37,mixamorig_RightLeg,36,0.9651731252670288,0.2376251518726349,-0.10941457748413086,0,-0.022024184465408325,-0.3429538905620575,-0.9390942454338074,0,-0.26067647337913513,0.9087983965873718,-0.32577580213546753,0,0,64.064697265625,0,1
B38,mixamorig_RightFoot,37,0.8305471539497375,0.545190691947937,-0.11383358389139175,0,-0.0077800205908715725,0.2157258838415146,0.9764227867126465,0,0.5568942427635193,-0.8100799322128296,0.1834121197462082,0,0,55.25870132446289,0,1
B39,mixamorig_RightToeBase,38,0.9510078430175781,0.3034629821777344,0.05910753831267357,0,-0.23876872658729553,0.5994633436203003,0.7639584541320801,0,0.19640015065670013,-0.7406442165374756,0.642551600933075,0,0,36.84489822387695,0,1
B40,mixamorig_RightToe_End,39,1,0,0,0,0,1,0,0,0,0,1,0,0,13.57919979095459,0,1
@34,0,1,2,3,4,5,7,8,9,10,11,12,13,15,16,17,19,20,21,22,23,24,25,27,28,29,31,32,33,34,36,37,38,39
K0.000,0.7946419715881348,-0.07062099874019623,0.602957010269165,0,0.09176900237798691,0.9957709908485413,-0.004315000027418137,0,-0.6001020073890686,0.058761999011039734,0.7977619767189026,0,1.1452850103378296,77.85861206054688,-1.0402560234069824,1,0.9943429827690125,-0.06824299693107605,-0.08138900250196457,0,0.10247399657964706,0.817933976650238,0.5661129951477051,0,0.027938000857830048,-0.5712509751319885,0.8202999830245972,0,0,19.21179962158203,-0.12080000340938568,1,0.9940670132637024,0.0509830005466938,0.09608200192451477,0,-0.08247800171375275,0.9291970133781433,0.36026400327682495,0,-0.07091200351715088,-0.36605098843574524,0.9278889894485474,0,0,22.414199829101562,0,1,0.9773210287094116,0.20148900151252747,0.06516499817371368,0,-0.20029599964618683,0.9794309735298157,-0.024404000490903854,0,-0.06874199956655502,0.010797999799251556,0.9975759983062744,0,0,25.616199493408203,0,1,0.9837539792060852,-0.07637199759483337,-0.16246600449085236,0,0.07334800064563751,0.997003972530365,-0.02454400062561035,0,0.16385400295257568,0.012229000218212605,0.9864090085029602,0,0,28.818199157714844,0,1,0.8874329924583435,-0.2648929953575134,-0.37721800804138184,0,0.08545199781656265,0.898734986782074,-0.4300859868526459,0,0.4529460072517395,0.34943801164627075,0.8202030062675476,0,0,24.81220054626465,-0.20800000429153442,1,0.41212400794029236,0.15953199565410614,-0.8970530033111572,0,0.8588560223579407,0.26066499948501587,0.4409320056438446,0,0.30417299270629883,-0.9521570205688477,-0.02958800084888935,0,10.665499687194824,25.014400482177734,-0.09600000083446503,1,0.7173780202865601,-0.053957998752593994,0.6945919990539551,0,0.10007400065660477,0.9946380257606506,-0.026089999824762344,0,-0.6894590258598328,0.08822699636220932,0.7189310193061829,0,0,22.733400344848633,0,1,-0.08248800039291382,0.17602600157260895,0.9809229969978333,0,-0.9892550110816956,-0.13367600739002228,-0.05920099839568138,0,0.1207050010561943,-0.9752669930458069,0.18516099452972412,0,0,53.267799377441406,0,1,0.9628509879112244,0.11180800199508667,-0.24580000340938568,0,-0.11021900177001953,0.9937009811401367,0.020256999880075455,0,0.24651600420475006,0.007588000036776066,0.9691089987754822,0,0,48.94649887084961,0,1,0.784974992275238,0.6191179752349854,0.02253899909555912,0,-0.5204570293426514,0.6392760276794434,0.5660840272903442,0,0.33606401085853577,-0.4560920000076294,0.8240389823913574,0,-7.220099925994873,5.92080020904541,0,1,0.9294880032539368,-0.2947849929332733,-0.22170600295066833,0,0.31129199266433716,0.9493499994277954,0.04279800131917,0,0.1978600025177002,-0.10879600048065186,0.9741740226745605,0,-0.19339999556541443,7.467299938201904,0,1,0.624118983745575,0.19293199479579926,-0.7571340203285217,0,0.32305601239204407,0.8186010122299194,0.47489601373672485,0,0.7114139795303345,-0.5409889817237854,0.44857698678970337,0,-0.07540000230073929,10.21150016784668,0,1,0.9013109803199768,0.3442150056362152,0.26297399401664734,0,-0.31392601132392883,0.10073400288820267,0.9440889954566956,0,0.29847899079322815,-0.9334710240364075,0.19885100424289703,0,0,11.067999839782715,0.17139999568462372,1,0.9605780243873596,0.2537040114402771,0.1136849969625473,0,-0.20358499884605408,0.36344900727272034,0.9090980291366577,0,0.18932299315929413,-0.8964040279388428,0.40077099204063416,0,0.2676999866962433,15.237099647521973,0,1,0.9695029854774475,0.21956400573253632,0.10888800024986267,0,-0.18057000637054443,0.3395270109176636,0.923101007938385,0,0.1657090038061142,-0.9146109819412231,0.368818998336792,0,-0.27320000529289246,11.754599571228027,0,1,-0.042750000953674316,-0.05670199915766716,0.9974759817123413,0,-0.8960729837417603,-0.43935900926589966,-0.06337899714708328,0,0.44184398651123047,-0.8965200185775757,-0.032026998698711395,0,-10.665499687194824,25.013500213623047,0.04820000007748604,1,0.8963260054588318,-0.05885399878025055,-0.4394730031490326,0,0.2419160008430481,0.8955429792404175,0.3734689950942993,0,0.37158700823783875,-0.4410650134086609,0.8169360160827637,0,0,22.733400344848633,0,1,0.9576050043106079,-0.15061500668525696,-0.24557499587535858,0,0.1682180017232895,0.9843649864196777,0.05222700163722038,0,0.23386900126934052,-0.09132300317287445,0.9679700136184692,0,0,53.26279830932617,0,1,0.9758070111274719,0.043731000274419785,0.2142139971256256,0,-0.0036750000435858965,0.9829339981079102,-0.1839209944009781,0,-0.2186020016670227,0.17868399620056152,0.9593150019645691,0,0,48.94879913330078,0,1,0.9496229887008667,-0.21205300092697144,0.23075899481773376,0,-0.06021500006318092,0.5991449952125549,0.7983729839324951,0,-0.3075549900531769,-0.7720479965209961,0.556194007396698,0,8.018799781799316,6.1006999015808105,0,1,0.9627180099487305,0.0193099994212389,0.26981601119041443,0,0.04506999999284744,0.972055971622467,-0.23037999868392944,0,-0.26672500371932983,0.23395200073719025,0.9349460005760193,0,1.1370999813079834,7.980000019073486,0,1,0.9602029919624329,-0.09822600334882736,-0.2614609897136688,0,0.03773299977183342,0.9731580018997192,-0.22702400386333466,0,0.27674299478530884,0.20812299847602844,0.938135027885437,0,1.0223000049591064,9.384200096130371,0,1,0.9824069738388062,-0.136011004447937,-0.12797300517559052,0,0.17762500047683716,0.4689199924468994,0.8651959896087646,0,-0.057666998356580734,-0.8727059960365295,0.48482900857925415,0,0,12.017200469970703,0.17100000381469727,1,0.9690920114517212,-0.22991900146007538,-0.08942899852991104,0,0.18088600039482117,0.41573598980903625,0.8913159966468811,0,-0.1677519977092743,-0.8799440264701843,0.44447600841522217,0,-0.27889999747276306,14.73859977722168,0,1,0.9761160016059875,-0.2049340009689331,-0.07211499661207199,0,0.1675799936056137,0.49900099635124207,0.8502439856529236,0,-0.13825899362564087,-0.8420220017433167,0.5214250087738037,0,0.359499990940094,11.803400039672852,0,1,-0.6949480175971985,-0.3241029977798462,0.6418759822845459,0,0.6887419819831848,-0.04355600103735924,0.7236970067024231,0,-0.20659500360488892,0.945019006729126,0.25349199771881104,0,16.968599319458008,-10.666000366210938,0.600600004196167,1,0.9872459769248962,-0.09419099986553192,0.12835100293159485,0,0.03676899895071983,-0.6495069861412048,-0.7594659924507141,0,0.15489999949932098,0.7544990181922913,-0.6377589702606201,0,0,64.0801010131836,0,1,0.9598119854927063,-0.23979100584983826,0.14581499993801117,0,-0.16498500108718872,-0.061802998185157776,0.984358012676239,0,-0.2270279973745346,-0.9688550233840942,-0.09888099879026413,0,0,55.26919937133789,0,1,0.9922369718551636,-0.004809000063687563,-0.124269999563694,0,0.08536200225353241,0.7530239820480347,0.6524320244789124,0,0.09044100344181061,-0.6579750180244446,0.7475889921188354,0,0,36.55550003051758,0,1,-0.3648979961872101,0.7773360013961792,-0.5124430060386658,0,-0.9200699925422668,-0.21679499745368958,0.3262979984283447,0,0.14254799485206604,0.5905489921569824,0.7943120002746582,0,-16.968599319458008,-10.666000366210938,0.4724000096321106,1,0.9650689959526062,0.23792000114917755,-0.10970699787139893,0,-0.02201100066304207,-0.34362900257110596,-0.9388480186462402,0,-0.26106899976730347,0.9084680080413818,-0.32638901472091675,0,0,64.064697265625,0,1,0.8302909731864929,0.5457490086555481,-0.11303099989891052,0,-0.007846999913454056,0.21423399448394775,0.9767510294914246,0,0.5572760105133057,-0.8101000189781189,0.18215900659561157,0,0,55.25870132446289,0,1,0.9510830044746399,0.30344998836517334,0.05795099958777428,0,-0.2378389984369278,0.599494993686676,0.7642239928245544,0,0.19716300070285797,-0.7406240105628967,0.6423419713973999,0,0,36.84489822387695,0,1
K0.033,0.7948060035705566,-0.07081000506877899,0.6027179956436157,0,0.09146299958229065,0.9958019852638245,-0.0036209917161613703,0,-0.599931001663208,0.0580039918422699,0.7979459762573242,0,1.1658411026000977,77.87052917480469,-0.9852946996688843,1,0.9943910241127014,-0.06842799484729767,-0.08064699172973633,0,0.10219499468803406,0.8180840015411377,0.5659459829330444,0,0.027249997481703758,-0.5710129737854004,0.8204879760742188,0,0,19.21179962158203,-0.12080000340938568,1,0.9940670132637024,0.0509830005466938,0.09608200192451477,0,-0.08247800171375275,0.9291970133781433,0.36026400327682495,0,-0.07091200351715088,-0.36605098843574524,0.9278889894485474,0,0,22.414199829101562,0,1,0.9773160219192505,0.2014939934015274,0.0652260035276413,0,-0.20030100643634796,0.9794300198554993,-0.02440500073134899,0,-0.06880199909210205,0.010785998776555061,0.9975720047950745,0,0,25.616199493408203,0,1,0.983739972114563,-0.07587999850511551,-0.1627819985151291,0,0.07297000288963318,0.9970499873161316,-0.02379099652171135,0,0.16410699486732483,0.011525996029376984,0.9863749742507935,0,0,28.818199157714844,0,1,0.8869100213050842,-0.2651459872722626,-0.3782700300216675,0,0.08554698526859283,0.8989790081977844,-0.4295559823513031,0,0.45395201444625854,0.34861698746681213,0.8199959993362427,0,0,24.81220054626465,-0.20800000429153442,1,0.4127520024776459,0.15991100668907166,-0.8966959714889526,0,0.8583639860153198,0.26104798913002014,0.44166100025177,0,0.30470800399780273,-0.9519889950752258,-0.029513999819755554,0,10.665499687194824,25.014400482177734,-0.09600000083446503,1,0.7172729969024658,-0.055096011608839035,0.6946110129356384,0,0.10161701589822769,0.9944829940795898,-0.026050999760627747,0,-0.6893429756164551,0.0892690047621727,0.7189139723777771,0,0,22.733400344848633,0,1,-0.0820700004696846,0.1699730008840561,0.9820250272750854,0,-0.9895139932632446,-0.13140803575515747,-0.059950992465019226,0,0.1188560351729393,-0.9766479730606079,0.17897599935531616,0,0,53.267799377441406,0,1,0.9633939862251282,0.11110301315784454,-0.24398201704025269,0,-0.10777502506971359,0.9938089847564697,0.026991959661245346,0,0.24547100067138672,0.0002910464827436954,0.9694039821624756,0,0,48.94649887084961,0,1,0.784974992275238,0.6191179752349854,0.02253899909555912,0,-0.5204570293426514,0.6392760276794434,0.5660840272903442,0,0.33606401085853577,-0.4560920000076294,0.8240399956703186,0,-7.220099925994873,5.92080020904541,0,1,0.9297299981117249,-0.2938559651374817,-0.2219260036945343,0,0.3101409673690796,0.9497759938240051,0.04168097674846649,0,0.19853101670742035,-0.10757997632026672,0.9741719961166382,0,-0.19339999556541443,7.467299938201904,0,1,0.6235929727554321,0.1919809877872467,-0.7578089833259583,0,0.3220119774341583,0.8202379941940308,0.47277697920799255,0,0.7123479843139648,-0.5388439297676086,0.4496750235557556,0,-0.07540000230073929,10.21150016784668,0,1,0.9015210270881653,0.34452199935913086,0.26184695959091187,0,-0.3138290047645569,0.10390806198120117,0.9437770247459412,0,0.29794400930404663,-0.9330099821090698,0.2017960548400879,0,0,11.067999839782715,0.17139999568462372,1,0.9606279730796814,0.25359299778938293,0.1135069951415062,0,-0.20350000262260437,0.364065021276474,0.9088699817657471,0,0.18915900588035583,-0.8961849808692932,0.40133702754974365,0,0.2676999866962433,15.237099647521973,0,1,0.9694749712944031,0.21956300735473633,0.10913900285959244,0,-0.18062399327754974,0.3385140001773834,0.923462986946106,0,0.16581299901008606,-0.9149870276451111,0.3678390085697174,0,-0.27320000529289246,11.754599571228027,0,1,-0.0419900007545948,-0.05667800083756447,0.9975090026855469,0,-0.8962330222129822,-0.4391329884529114,-0.06267800182104111,0,0.4415909945964813,-0.8966330289840698,-0.03235799819231033,0,-10.665499687194824,25.013500213623047,0.04820000007748604,1,0.8960970044136047,-0.0584850013256073,-0.43998798727989197,0,0.24133999645709991,0.8961430191993713,0.37240201234817505,0,0.37251201272010803,-0.43989500403404236,0.8171449899673462,0,0,22.733400344848633,0,1,0.9587739706039429,-0.1510470062494278,-0.24070297181606293,0,0.16822299361228943,0.9843569993972778,0.052362002432346344,0,0.22902897000312805,-0.09069500118494034,0.9691849946975708,0,0,53.26279830932617,0,1,0.9757919907569885,0.0447859987616539,0.21406400203704834,0,-0.0044089979492127895,0.9826369881629944,-0.18548502027988434,0,-0.21865500509738922,0.1800510138273239,0.9590470194816589,0,0,48.94879913330078,0,1,0.9496229887008667,-0.21205300092697144,0.23075899481773376,0,-0.06021500006318092,0.5991460084915161,0.7983729839324951,0,-0.30755600333213806,-0.7720479965209961,0.556194007396698,0,8.018799781799316,6.1006999015808105,0,1,0.9627019762992859,0.01916300319135189,0.26988300681114197,0,0.045138001441955566,0.972133994102478,-0.23003801703453064,0,-0.26677098870277405,0.23364001512527466,0.9350110292434692,0,1.1370999813079834,7.980000019073486,0,1,0.9602540135383606,-0.09853799641132355,-0.26115500926971436,0,0.03800400346517563,0.973056972026825,-0.22741000354290009,0,0.2765269875526428,0.20844699442386627,0.9381269812583923,0,1.0223000049591064,9.384200096130371,0,1,0.9823399782180786,-0.13618099689483643,-0.12830600142478943,0,0.1779869943857193,0.4687109887599945,0.8652340173721313,0,-0.05768999829888344,-0.8727909922599792,0.48467299342155457,0,0,12.017200469970703,0.17100000381469727,1,0.9688469767570496,-0.23056800663471222,-0.0904109999537468,0,0.18104900419712067,0.4102869927883148,0.8938040137290955,0,-0.16898800432682037,-0.8823279738426208,0.43924999237060547,0,-0.27889999747276306,14.73859977722168,0,1,0.9761149883270264,-0.2049340009689331,-0.07211499661207199,0,0.1675799936056137,0.49900099635124207,0.8502439856529236,0,-0.13825899362564087,-0.8420220017433167,0.5214250087738037,0,0.359499990940094,11.803400039672852,0,1,-0.6953210234642029,-0.3232960104942322,0.6418790221214294,0,0.6885319948196411,-0.043610990047454834,0.7238929867744446,0,-0.20603899657726288,0.9452919960021973,0.25292399525642395,0,16.968599319458008,-10.666000366210938,0.600600004196167,1,0.9873059988021851,-0.09371799975633621,0.1282310038805008,0,0.03691300004720688,-0.6498540043830872,-0.7591620087623596,0,0.1544789969921112,0.7542589902877808,-0.6381459832191467,0,0,64.0801010131836,0,1,0.9598960280418396,-0.2395540028810501,0.14565199613571167,0,-0.16507400572299957,-0.06300699710845947,0.9842659831047058,0,-0.22660799324512482,-0.9688360095024109,-0.10002399981021881,0,0,55.26919937133789,0,1,0.9922369718551636,-0.004809000063687563,-0.124269999563694,0,0.08536200225353241,0.7530239820480347,0.6524329781532288,0,0.09044100344181061,-0.6579750180244446,0.7475889921188354,0,0,36.55550003051758,0,1,-0.36452001333236694,0.7772510051727295,-0.512840986251831,0,-0.9202920198440552,-0.21666499972343445,0.3257580101490021,0,0.14208100736141205,0.5907089710235596,0.794277012348175,0,-16.968599319458008,-10.666000366210938,0.4724000096321106,1,0.9649379849433899,0.23840200901031494,-0.10981100797653198,0,-0.02227100171148777,-0.34248998761177063,-0.9392579793930054,0,-0.2615300416946411,0.9087709784507751,-0.3251720070838928,0,0,64.064697265625,0,1,0.8301389813423157,0.5459079742431641,-0.11337500810623169,0,-0.008089995943009853,0.21511401236057281,0.9765549898147583,0,0.5574979782104492,-0.8097590208053589,0.18299099802970886,0,0,55.25870132446289,0,1,0.9510459899902344,0.30351999402046204,0.05819699540734291,0,-0.23823699355125427,0.6000679731369019,0.7636500000953674,0,0.19686099886894226,-0.7401310205459595,0.6430019736289978,0,0,36.84489822387695,0,1
K0.067,0.7951509952545166,-0.07119598984718323,0.602217972278595,0,0.09126699715852737,0.9958230257034302,-0.0027770083397626877,0,-0.5995039939880371,0.05717000737786293,0.7983270287513733,0,1.1812409162521362,77.85795593261719,-0.957602322101593,1,0.994500994682312,-0.06787201017141342,-0.07975300401449203,0,0.10117901116609573,0.8191999793052673,0.5645120143890381,0,0.02701900154352188,-0.5694779753684998,0.8215630054473877,0,0,19.21179962158203,-0.12080000340938568,1,0.9940670132637024,0.0509830005466938,0.09608200192451477,0,-0.08247800171375275,0.9291970133781433,0.36026400327682495,0,-0.07091200351715088,-0.36605098843574524,0.9278889894485474,0,0,22.414199829101562,0,1,0.9772949814796448,0.20151400566101074,0.06547299772500992,0,-0.20031900703907013,0.9794269800186157,-0.02440599910914898,0,-0.06904499977827072,0.01073600072413683,0.9975559711456299,0,0,25.616199493408203,0,1,0.9836339950561523,-0.07580099999904633,-0.163455992937088,0,0.07294400036334991,0.997061014175415,-0.023419003933668137,0,0.16475099325180054,0.011113003827631474,0.9862729907035828,0,0,28.818199157714844,0,1,0.8864380121231079,-0.26385000348091125,-0.38027796149253845,0,0.0842360183596611,0.899848997592926,-0.42799103260040283,0,0.45511800050735474,0.347353994846344,0.8198860287666321,0,0,24.81220054626465,-0.20800000429153442,1,0.4135409891605377,0.15990899503231049,-0.8963329792022705,0,0.8581609725952148,0.260466992855072,0.4423980116844177,0,0.30420899391174316,-0.9521480202674866,-0.029512999579310417,0,10.665499687194824,25.014400482177734,-0.09600000083446503,1,0.7170659899711609,-0.056054987013339996,0.6947469711303711,0,0.10296198725700378,0.9943439960479736,-0.026041999459266663,0,-0.6893579959869385,0.09020699560642242,0.7187820076942444,0,0,22.733400344848633,0,1,-0.0817900002002716,0.16922900080680847,0.9821770191192627,0,-0.989126980304718,-0.13463197648525238,-0.05917200818657875,0,0.12221896648406982,-0.9763380289077759,0.17839999496936798,0,0,53.267799377441406,0,1,0.9629660248756409,0.11240198463201523,-0.24507498741149902,0,-0.11015398055315018,0.9936509728431702,0.02290804125368595,0,0.2460940033197403,0.004935953766107559,0.969232976436615,0,0,48.94649887084961,0,1,0.784974992275238,0.6191179752349854,0.02253899909555912,0,-0.5204570293426514,0.6392760276794434,0.5660840272903442,0,0.33606401085853577,-0.4560920000076294,0.8240389823913574,0,-7.220099925994873,5.92080020904541,0,1,0.9301930069923401,-0.2920650243759155,-0.22234900295734406,0,0.3079190254211426,0.9505910277366638,0.03953102231025696,0,0.1998169869184494,-0.10523702204227448,0.9741650223731995,0,-0.19339999556541443,7.467299938201904,0,1,0.6229360103607178,0.19061002135276794,-0.7586960196495056,0,0.3203330338001251,0.8226630091667175,0.46969303488731384,0,0.7136790156364441,-0.535624086856842,0.4514079689979553,0,-0.07540000230073929,10.21150016784668,0,1,0.9020100235939026,0.3449159860610962,0.2596370279788971,0,-0.3135960102081299,0.11014494299888611,0.9431470036506653,0,0.29670798778533936,-0.9321489930152893,0.20751594007015228,0,0,11.067999839782715,0.17139999568462372,1,0.9607290029525757,0.253385990858078,0.11311601102352142,0,-0.20344799757003784,0.36598795652389526,0.9081090092658997,0,0.1887030005455017,-0.8954600095748901,0.4031659662723541,0,0.2676999866962433,15.237099647521973,0,1,0.9694849848747253,0.21956300735473633,0.10904599726200104,0,-0.1806039959192276,0.3388890027999878,0.9233289957046509,0,0.16577400267124176,-0.9148480296134949,0.36820098757743835,0,-0.27320000529289246,11.754599571228027,0,1,-0.041829999536275864,-0.05663200095295906,0.997518002986908,0,-0.8964110016822815,-0.4387950003147125,-0.06250099837779999,0,0.4412449896335602,-0.8968009948730469,-0.03241100162267685,0,-10.665499687194824,25.013500213623047,0.04820000007748604,1,0.8962249755859375,-0.058368999511003494,-0.43974199891090393,0,0.24065600335597992,0.8967229723930359,0.37144699692726135,0,0.3726460039615631,-0.4387269914150238,0.8177130222320557,0,0,22.733400344848633,0,1,0.9596269726753235,-0.15128199756145477,-0.23712703585624695,0,0.16821500658988953,0.9843369722366333,0.05276099592447281,0,0.22543102502822876,-0.0905190035700798,0.9700449705123901,0,0,53.26279830932617,0,1,0.9757670164108276,0.04490499943494797,0.21415700018405914,0,-0.0042430018074810505,0.9824140071868896,-0.18666498363018036,0,-0.2187730073928833,0.1812329888343811,0.9587979912757874,0,0,48.94879913330078,0,1,0.9496229887008667,-0.21205300092697144,0.23075899481773376,0,-0.06021500006318092,0.5991449952125549,0.7983729839324951,0,-0.3075549900531769,-0.7720479965209961,0.556194007396698,0,8.018799781799316,6.1006999015808105,0,1,0.9625610113143921,0.01961999572813511,0.2703559994697571,0,0.04531000182032585,0.9716989994049072,-0.23183698952198029,0,-0.26725301146507263,0.23540697991847992,0.9344300031661987,0,1.1370999813079834,7.980000019073486,0,1,0.9604480266571045,-0.09867600351572037,-0.2603909969329834,0,0.0384489968419075,0.9731450080871582,-0.2269580066204071,0,0.2757929861545563,0.20796999335289001,0.9384490251541138,0,1.0223000049591064,9.384200096130371,0,1,0.9824519753456116,-0.13590900599956512,-0.12773600220680237,0,0.17740899324417114,0.4695659875869751,0.8648899793624878,0,-0.057565998286008835,-0.8723739981651306,0.4854370057582855,0,0,12.017200469970703,0.17100000381469727,1,0.9688379764556885,-0.23060500621795654,-0.09041699767112732,0,0.1812250018119812,0.41109099984169006,0.8933990001678467,0,-0.1688529998064041,-0.8819440007209778,0.4400720000267029,0,-0.27889999747276306,14.73859977722168,0,1,0.9761160016059875,-0.2049340009689331,-0.07211499661207199,0,0.1675799936056137,0.49900099635124207,0.8502439856529236,0,-0.13825899362564087,-0.8420220017433167,0.5214250087738037,0,0.359499990940094,11.803400039672852,0,1,-0.6956790089607239,-0.32263800501823425,0.6418229937553406,0,0.6880750060081482,-0.0426190122961998,0.724386990070343,0,-0.20636099576950073,0.9455620050430298,0.2516480088233948,0,16.968599319458008,-10.666000366210938,0.600600004196167,1,0.9873440265655518,-0.09346800297498703,0.1281210035085678,0,0.03691200166940689,-0.6502400040626526,-0.7588319778442383,0,0.15423600375652313,0.7539569735527039,-0.6385599970817566,0,0,64.0801010131836,0,1,0.9599720239639282,-0.2392680048942566,0.14561499655246735,0,-0.1650879979133606,-0.06335800141096115,0.9842420220375061,0,-0.22627200186252594,-0.9688839912414551,-0.10032200068235397,0,0,55.26919937133789,0,1,0.9922369718551636,-0.004809000063687563,-0.124269999563694,0,0.08536200225353241,0.7530239820480347,0.6524320244789124,0,0.09043999761343002,-0.6579750180244446,0.7475889921188354,0,0,36.55550003051758,0,1,-0.363647997379303,0.7770649790763855,-0.5137420296669006,0,-0.9207010269165039,-0.21594500541687012,0.3250809907913208,0,0.14167000353336334,0.5912169814109802,0.7939720153808594,0,-16.968599319458008,-10.666000366210938,0.4724000096321106,1,0.9644860029220581,0.23993799090385437,-0.11043499410152435,0,-0.022457998245954514,-0.3420979976654053,-0.9393960237503052,0,-0.26317596435546875,0.9085149765014648,-0.3245599865913391,0,0,64.064697265625,0,1,0.8305479884147644,0.5451260209083557,-0.11413998901844025,0,-0.007688004057854414,0.2161399871110916,0.9763320088386536,0,0.5568940043449402,-0.8100129961967468,0.18370500206947327,0,0,55.25870132446289,0,1,0.9510790109634399,0.30346500873565674,0.05794200301170349,0,-0.23788200318813324,0.5996459722518921,0.7640920281410217,0,0.1971309930086136,-0.7404959797859192,0.6424990296363831,0,0,36.84489822387695,0,1
K0.100,0.7951509952545166,-0.07100500166416168,0.6022400259971619,0,0.09053400158882141,0.9958909749984741,-0.0021170000545680523,0,-0.5996149778366089,0.05620599910616875,0.7983120083808899,0,1.1913670301437378,77.83560180664062,-0.93927001953125,1,0.9944900274276733,-0.06790799647569656,-0.07986100018024445,0,0.1012599989771843,0.8194169998168945,0.5641829967498779,0,0.02712699957191944,-0.5691609978675842,0.8217779994010925,0,0,19.21179962158203,-0.12080000340938568,1,0.9940670132637024,0.0509830005466938,0.09608200192451477,0,-0.08247800171375275,0.9291970133781433,0.36026400327682495,0,-0.07091200351715088,-0.36605098843574524,0.9278889894485474,0,0,22.414199829101562,0,1,0.977304995059967,0.20150400698184967,0.06535500288009644,0,-0.20031000673770905,0.9794279932975769,-0.02440500073134899,0,-0.06892900168895721,0.010759999975562096,0.9975640177726746,0,0,25.616199493408203,0,1,0.9836729764938354,-0.07547999918460846,-0.16336999833583832,0,0.07275299727916718,0.9970930218696594,-0.022621000185608864,0,0.16460199654102325,0.010366000235080719,0.9863060116767883,0,0,28.818199157714844,0,1,0.8870019912719727,-0.2618730068206787,-0.38032999634742737,0,0.08280500024557114,0.9004939794540405,-0.42691099643707275,0,0.4542810022830963,0.34717801213264465,0.8204240202903748,0,0,24.81220054626465,-0.20800000429153442,1,0.41409701108932495,0.16060400009155273,-0.8959519863128662,0,0.8575040102005005,0.26131799817085266,0.4431700110435486,0,0.30530300736427307,-0.9517980217933655,-0.029506999999284744,0,10.665499687194824,25.014400482177734,-0.09600000083446503,1,0.7167109847068787,-0.056063998490571976,0.6951130032539368,0,0.10266099870204926,0.9943860173225403,-0.025648999959230423,0,-0.6897720098495483,0.08974400162696838,0.718442976474762,0,0,22.733400344848633,0,1,-0.08192399889230728,0.16946400701999664,0.9821249842643738,0,-0.9890180230140686,-0.13545599579811096,-0.059126000851392746,0,0.12301500141620636,-0.9761829972267151,0.17870000004768372,0,0,53.267799377441406,0,1,0.9633309841156006,0.11193100363016129,-0.24385200440883636,0,-0.10852699726819992,0.9937160015106201,0.027393000200390816,0,0.245386004447937,0.00007600021490361542,0.9694250226020813,0,0,48.94649887084961,0,1,0.784974992275238,0.6191179752349854,0.02253899909555912,0,-0.5204570293426514,0.6392750144004822,0.5660840272903442,0,0.33606401085853577,-0.4560920000076294,0.8240389823913574,0,-7.220099925994873,5.92080020904541,0,1,0.9304770231246948,-0.2909579873085022,-0.22261199355125427,0,0.3065440058708191,0.9510899782180786,0.038203999400138855,0,0.2006089985370636,-0.10378800332546234,0.974157989025116,0,-0.19339999556541443,7.467299938201904,0,1,0.6223629713058472,0.18952399492263794,-0.7594379782676697,0,0.31912100315093994,0.8245049715042114,0.4672830104827881,0,0.7147210240364075,-0.5331720113754272,0.4526599943637848,0,-0.07540000230073929,10.21150016784668,0,1,0.9024270176887512,0.34527501463890076,0.2577030062675476,0,-0.31338998675346375,0.11558999866247177,0.942562997341156,0,0.2956559956073761,-0.9313560128211975,0.21251699328422546,0,0,11.067999839782715,0.17139999568462372,1,0.9607070088386536,0.2533150017261505,0.11346200108528137,0,-0.20348000526428223,0.3647350072860718,0.9086059927940369,0,0.18877999484539032,-0.8959910273551941,0.4019480049610138,0,0.2676999866962433,15.237099647521973,0,1,0.9693390130996704,0.21987499296665192,0.10971099883317947,0,-0.1808529943227768,0.33610999584198,0.9242960214614868,0,0.1663540005683899,-0.9157969951629639,0.3655700087547302,0,-0.27320000529289246,11.754599571228027,0,1,-0.042803000658750534,-0.05647300183773041,0.9974859952926636,0,-0.8968489766120911,-0.4377889931201935,-0.06327100098133087,0,0.44026198983192444,-0.897301971912384,-0.031909000128507614,0,-10.665499687194824,25.013500213623047,0.04820000007748604,1,0.8964110016822815,-0.05801599845290184,-0.4394110143184662,0,0.24045899510383606,0.8964719772338867,0.3721790015697479,0,0.3723280131816864,-0.439285010099411,0.8175579905509949,0,0,22.733400344848633,0,1,0.9594810009002686,-0.15130400657653809,-0.23770500719547272,0,0.1682330071926117,0.9843479990959167,0.0525050014257431,0,0.22604000568389893,-0.09036800265312195,0.9699169993400574,0,0,53.26279830932617,0,1,0.9758070111274719,0.04340299963951111,0.21428200602531433,0,-0.002901999978348613,0.9825819730758667,-0.18580900132656097,0,-0.21861399710178375,0.18069200217723846,0.9589359760284424,0,0,48.94879913330078,0,1,0.9496229887008667,-0.21205300092697144,0.23075899481773376,0,-0.06021500006318092,0.5991460084915161,0.7983729839324951,0,-0.3075549900531769,-0.7720479965209961,0.556194007396698,0,8.018799781799316,6.1006999015808105,0,1,0.9625409841537476,0.019655000418424606,0.2704220116138458,0,0.0453529991209507,0.9716449975967407,-0.2320529967546463,0,-0.26731500029563904,0.2356249988079071,0.9343569874763489,0,1.1370999813079834,7.980000019073486,0,1,0.9605469703674316,-0.09925399720668793,-0.25980401039123535,0,0.03902199864387512,0.9730079770088196,-0.2274480015039444,0,0.27536699175834656,0.2083359956741333,0.938493013381958,0,1.0223000049591064,9.384200096130371,0,1,0.9824889898300171,-0.13585999608039856,-0.1275079995393753,0,0.17729400098323822,0.471220999956131,0.8640120029449463,0,-0.05730000138282776,-0.8714889883995056,0.48705700039863586,0,0,12.017200469970703,0.17100000381469727,1,0.968841016292572,-0.23059000074863434,-0.09042199701070786,0,0.18128499388694763,0.41141900420188904,0.893235981464386,0,-0.16877000033855438,-0.8817949891090393,0.44040200114250183,0,-0.27889999747276306,14.73859977722168,0,1,0.9761149883270264,-0.2049340009689331,-0.07211499661207199,0,0.1675799936056137,0.49900099635124207,0.8502439856529236,0,-0.13825899362564087,-0.8420220017433167,0.5214250087738037,0,0.359499990940094,11.803400039672852,0,1,-0.6960949897766113,-0.32197999954223633,0.6417009830474854,0,0.6876429915428162,-0.042054999619722366,0.7248299717903137,0,-0.2063950002193451,0.9458119869232178,0.25068199634552,0,16.968599319458008,-10.666000366210938,0.600600004196167,1,0.9873999953269958,-0.09312000125646591,0.12794199585914612,0,0.03692400082945824,-0.6506209969520569,-0.7585039734840393,0,0.1538739949464798,0.7536720037460327,-0.6389849781990051,0,0,64.0801010131836,0,1,0.9598770141601562,-0.23971900343894958,0.1455010026693344,0,-0.16509400308132172,-0.06367599964141846,0.984220027923584,0,-0.2266709953546524,-0.9687520265579224,-0.10069700330495834,0,0,55.26919937133789,0,1,0.9922369718551636,-0.004809000063687563,-0.124269999563694,0,0.08536200225353241,0.7530239820480347,0.6524320244789124,0,0.09044100344181061,-0.6579750180244446,0.7475889921188354,0,0,36.55550003051758,0,1,-0.36359599232673645,0.7767819762229919,-0.5142059922218323,0,-0.9205939769744873,-0.2151859998703003,0.32588499784469604,0,0.14249099791049957,0.5918650031089783,0.7933419942855835,0,-16.968599319458008,-10.666000366210938,0.4724000096321106,1,0.9645860195159912,0.23955999314785004,-0.11038199812173843,0,-0.02242800034582615,-0.3424769937992096,-0.9392589926719666,0,-0.2628119885921478,0.9084720015525818,-0.32497501373291016,0,0,64.064697265625,0,1,0.8305490016937256,0.5450909733772278,-0.11429499834775925,0,-0.007644999772310257,0.21635699272155762,0.9762840270996094,0,0.556892991065979,-0.8099790215492249,0.18386299908161163,0,0,55.25870132446289,0,1,0.95107102394104,0.3034760057926178,0.05801500007510185,0,-0.2379709929227829,0.5997340083122253,0.7639949917793274,0,0.19706100225448608,-0.7404199838638306,0.6426079869270325,0,0,36.84489822387695,0,1
