1.433,30,42,41
B0,mixamorig_Hips,-1,0.6249215006828308,0.4630967378616333,0.6281457543373108,0,-0.10745969414710999,0.8480852246284485,-0.5187160968780518,0,-0.7729714512825012,0.25669556856155396,0.5797033905982971,0,-4.11467981338501,130.6563720703125,2.2157042026519775,1
B1,mixamorig_Spine,0,0.9759845733642578,0.18549282848834991,-0.11411649733781815,0,-0.18238626420497894,0.9824181199073792,0.03711922839283943,0,0.11906284093856812,-0.015406327322125435,0.9926717877388,0,0,19.21179962158203,-0.12080000340938568,1
B2,mixamorig_Spine1,1,0.9927322268486023,0.049583856016397476,-0.10962475091218948,0,-0.028654351830482483,0.9823191165924072,0.18480877578258514,0,0.11687178164720535,-0.18032459914684296,0.9766048789024353,0,0,22.414199829101562,0,1
B3,mixamorig_Spine2,2,0.993048906326294,0.05161169916391373,-0.10575205832719803,0,-0.031174393370747566,0.9819256067276001,0.18648074567317963,0,0.11348824948072433,-0.1818872094154358,0.9767135381698608,0,0,25.616199493408203,0,1
B4,mixamorig_Neck,3,0.9961286187171936,0.034981511533260345,0.08057073503732681,0,-0.024703767150640488,0.9916914701461792,-0.125566765666008,0,-0.08426382392644882,0.12308613955974579,0.9887244701385498,0,0,28.818199157714844,0,1
B5,mixamorig_Head,4,0.9898676872253418,-0.1324787139892578,-0.050021905452013016,0,0.020551884546875954,0.48348188400268555,-0.8743233680725098,0,0.13966207206249237,0.8645744323730469,0.4813830256462097,0,0,24.81220054626465,-0.20800000429153442,1
B6,mixamorig_HeadTop_End,5,1,0,0,0,0,1,0,0,0,0,1,0,0,103.31420135498047,-0.8658999800682068,1
B7,mixamorig_LeftShoulder,3,-0.07426347583532333,-0.025248855352401733,-0.996911346912384,0,0.9927228093147278,-0.09625331312417984,-0.07152830809354782,0,-0.09415406733751297,-0.994979739189148,0.03225114941596985,0,10.665499687194824,25.014400482177734,-0.09600000083446503,1
B8,mixamorig_LeftArm,7,0.7537153363227844,-0.3336450755596161,0.565662145614624,0,-0.08380842208862305,0.8051186203956604,0.5870176553726196,0,-0.6513572931289673,-0.4899863600730896,0.5787544250488281,0,0,22.733400344848633,0,1
B9,mixamorig_LeftForeArm,8,0.9985092878341675,0.05079221725463867,0.0007026547682471573,0,-0.050793081521987915,0.9985092878341675,0.0007163349073380232,0,-0.0006593452417291701,-0.0007509823772124946,0.9999991059303284,0,0,53.267799377441406,0,1
B10,mixamorig_LeftHand,9,0.9329133629798889,0.21445734798908234,0.28822290897369385,0,-0.309887558221817,0.8857530355453491,0.34429940581321716,0,-0.181904599070549,-0.41096022725105286,0.8931419849395752,0,0,48.94649887084961,0,1
B11,mixamorig_LeftHandThumb1,10,0.6750320196151733,0.7356939911842346,0.05555000156164169,0,-0.7084749937057495,0.6253600120544434,0.3270910084247589,0,0.20589999854564667,-0.26015299558639526,0.9433590173721313,0,-7.220099925994873,5.92080020904541,0,1
B12,mixamorig_LeftHandThumb2,11,0.7473649978637695,-0.6623830199241638,0.05190899968147278,0,0.6391358971595764,0.7380790114402771,0.21620799601078033,0,-0.18152500689029694,-0.1284099966287613,0.9749659895896912,0,-0.19339999556541443,7.467299938201904,0,1
B13,mixamorig_LeftHandThumb3,12,0.9405689835548401,-0.3177120089530945,-0.11995299905538559,0,0.2627680003643036,0.9046159982681274,-0.3355939984321594,0,0.21513399481773376,0.2841298580169678,0.9343379735946655,0,-0.07540000230073929,10.21150016784668,0,1
B14,mixamorig_LeftHandThumb4,13,1,0,0,0,0,1,0,0,0,0,1,0,0.2687999904155731,8.708700180053711,0,1
B15,mixamorig_LeftHandIndex1,10,0.9906569719314575,0.11091099679470062,0.0793551355600357,0,-0.13397812843322754,0.6828740239143372,0.718146026134491,0,0.025459999218583107,-0.7220680117607117,0.6913530230522156,0,0,11.067999839782715,0.17139999568462372,1
B16,mixamorig_LeftHandIndex2,15,0.9907690286636353,0.10009299963712692,0.09142586588859558,0,-0.09562399983406067,0.03797213360667229,0.9946929812431335,0,0.09608999639749527,-0.9942529797554016,0.047192998230457306,0,0.2676999866962433,15.237099647521973,0,1
B17,mixamorig_LeftHandIndex3,16,0.9922009706497192,0.11713100224733353,0.0426269993185997,0,-0.10714913159608841,0.62677401304245,0.7717990279197693,0,0.0636841356754303,-0.770346999168396,0.6344360113143921,0,-0.27320000529289246,11.754599571228027,0,1
B18,mixamorig_LeftHandIndex4,17,1,0,0,0,0,1,0,0,0,0,1,0,0.005499999970197678,9.809100151062012,0,1
B19,mixamorig_RightShoulder,3,0.40409278869628906,-0.10380819439888,0.9088022112846375,0,-0.7463284730911255,-0.6118476986885071,0.26195865869522095,0,0.528854250907898,-0.7841296792030334,-0.3247261941432953,0,-10.665499687194824,25.013500213623047,0.04820000007748604,1
B20,mixamorig_RightArm,19,0.66041100025177,-0.7029871344566345,-0.2630278170108795,0,0.6608425378799438,0.7110265493392944,-0.23954352736473083,0,0.35541731119155884,-0.01560316700488329,0.9341331124305725,0,0,22.733400344848633,0,1
B21,mixamorig_RightForeArm,20,0.08189450949430466,-0.9948212504386902,-0.008554643020033836,0,0.9948292374610901,0.08182363957166672,0.008314479142427444,0,-0.0076012504287064075,-0.009190880693495274,0.9999291300773621,0,0,53.26279830932617,0,1
B22,mixamorig_RightHand,21,0.9563642144203186,-0.22959770262241364,-0.18024656176567078,0,0.26973220705986023,0.9310803413391113,0.24530647695064545,0,0.11155574768781662,-0.2833300232887268,0.9524838328361511,0,0,48.94879913330078,0,1
B23,mixamorig_RightHandThumb1,22,0.7282879948616028,-0.6848719716072083,-0.023382000625133514,0,0.6525499820709229,0.6826919913291931,0.3287999927997589,0,-0.20922300219535828,-0.25471898913383484,0.9441099762916565,0,8.018799781799316,6.1006999015808105,0,1
B24,mixamorig_RightHandThumb2,23,0.7336438894271851,0.6779639720916748,-0.046167999505996704,0,-0.6541871428489685,0.7230290174484253,0.22196300327777863,0,0.18386399745941162,-0.13264000415802002,0.9739609956741333,0,1.1370999813079834,7.980000019073486,0,1
B25,mixamorig_RightHandThumb3,24,0.9854789972305298,0.08029600232839584,0.14960899949073792,0,-0.033139001578092575,0.955128014087677,-0.2943321466445923,0,-0.16652913391590118,0.2851009964942932,0.9439200162887573,0,1.0223000049591064,9.384200096130371,0,1
B26,mixamorig_RightHandThumb4,25,1,0,0,0,0,1,0,0,0,0,1,0,-2.1594998836517334,7.527200222015381,0,1
B27,mixamorig_RightHandIndex1,22,0.9900410175323486,-0.11685299873352051,-0.07851800322532654,0,0.13791599869728088,0.6930469870567322,0.7075769901275635,0,-0.028265999630093575,-0.7113581299781799,0.7022609710693359,0,0,12.017200469970703,0.17100000381469727,1
B28,mixamorig_RightHandIndex2,27,0.9905409812927246,-0.10366086661815643,-0.08990400284528732,0,0.09437786787748337,0.039083000272512436,0.9947689771652222,0,-0.0996050015091896,-0.9938449859619141,0.048496000468730927,0,-0.27889999747276306,14.73859977722168,0,1
B29,mixamorig_RightHandIndex3,28,0.9897249937057495,-0.1337680071592331,-0.05050500109791756,0,0.12378299981355667,0.6247869729995728,0.770920991897583,0,-0.0715700015425682,-0.7692509889602661,0.6349250078201294,0,0.359499990940094,11.803400039672852,0,1
B30,mixamorig_RightHandIndex4,29,1,0,0,0,0,1,0,0,0,0,1,0,-0.08060000091791153,9.22070026397705,0,1
B31,mixamorig_LeftUpLeg,0,-0.9790742993354797,0.12880443036556244,0.15753237903118134,0,-0.11868815124034882,-0.9898665547370911,0.07209808379411697,0,0.16526666283607483,0.051890186965465546,0.9844350218772888,0,16.968599319458008,-10.666000366210938,0.600600004196167,1
B32,mixamorig_LeftLeg,31,0.9970422387123108,-0.017731191590428352,0.07335784286260605,0,0.06791704148054123,0.638110339641571,-0.7666917443275452,0,-0.03303657844662666,0.7695599794387817,0.6374350786209106,0,0,64.0801010131836,0,1
B33,mixamorig_LeftFoot,32,0.9746471643447876,-0.22235500812530518,-0.024108003824949265,0,0.08990120887756348,0.2909183204174042,0.9524790048599243,0,-0.2047506719827652,-0.9305329322814941,0.303520143032074,0,0,55.26919937133789,0,1
B34,mixamorig_LeftToeBase,33,0.9944353103637695,-0.002257119631394744,-0.10531672090291977,0,0.07781697064638138,0.6895439028739929,0.7200345396995544,0,0.07099875807762146,-0.724223792552948,0.6858817338943481,0,0,36.55550003051758,0,1
B35,mixamorig_LeftToe_End,34,1,0,0,0,0,1,0,0,0,0,1,0,0,13.579999923706055,0,1
B36,mixamorig_RightUpLeg,0,-0.4458606243133545,0.8122520446777344,-0.3755927085876465,0,-0.8822154998779297,-0.4670460522174835,0.03522098436951637,0,-0.14722156524658203,0.34744128584861755,0.9247440099716187,0,-16.968599319458008,-10.666000366210938,0.4724000096321106,1
B37,mixamorig_RightLeg,36,0.9861494898796082,0.042956892400979996,0.15972721576690674,0,0.12926645576953888,0.40457892417907715,-0.9049810171127319,0,-0.10351201146841049,0.9130901098251343,0.39342671632766724,0,0,64.064697265625,0,1
B38,mixamorig_RightFoot,37,0.8966614007949829,0.4371899366378784,-0.06870219856500626,0,0.051726680248975754,0.050634339451789856,0.9973723888397217,0,0.43952497839927673,-0.8978659510612488,0.022822266444563866,0,0,55.25870132446289,0,1
B39,mixamorig_RightToeBase,38,0.9915459752082825,9.999999974752427e-7,0.1297529935836792,0,-0.08115086704492569,0.7802910208702087,0.6201300024986267,0,-0.10124500095844269,-0.6254169940948486,0.7736940979957581,0,0,36.84489822387695,0,1
B40,mixamorig_RightToe_End,39,1,0,0,0,0,1,0,0,0,0,1,0,0,13.57919979095459,0,1
@34,0,1,2,3,4,5,7,8,9,10,11,12,13,15,16,17,19,20,21,22,23,24,25,27,28,29,31,32,33,34,36,37,38,39
K0.000,0.692205011844635,0.06362400203943253,0.7188910245895386,0,0.0029639999847859144,0.9958469867706299,-0.09098900109529495,0,-0.7216950058937073,0.06511399894952774,0.6891419887542725,0,0.612375020980835,130.29542541503906,-0.8880980014801025,1,0.9918230175971985,-0.007191999815404415,-0.12742100656032562,0,0.027014000341296196,0.9876189827919006,0.1545269936323166,0,0.12473300099372864,-0.15670500695705414,0.9797369837760925,0,0,19.21179962158203,-0.12080000340938568,1,0.9997230172157288,-0.015196000225841999,-0.017967000603675842,0,0.015869000926613808,0.9991559982299805,0.03789300099015236,0,0.017376000061631203,-0.03816799819469452,0.9991199970245361,0,0,22.414199829101562,0,1,0.9997310042381287,-0.014822999946773052,-0.017829999327659607,0,0.015495000407099724,0.9991509914398193,0.03816499933600426,0,0.017249999567866325,-0.03843099996447563,0.9991120100021362,0,0,25.616199493408203,0,1,0.9704440236091614,0.08089999854564667,-0.2273620069026947,0,-0.07703500241041183,0.996694028377533,0.025837000459432602,0,0.22869999706745148,-0.007557999808341265,0.973468005657196,0,0,28.818199157714844,0,1,0.9364269971847534,-0.017903000116348267,-0.3504059910774231,0,0.06762100011110306,0.9891830086708069,0.130171999335289,0,0.3442850112915039,-0.14559100568294525,0.9275079965591431,0,0,24.81220054626465,-0.20800000429153442,1,-0.07154099643230438,0.02064099907875061,-0.997223973274231,0,0.8889219760894775,-0.4521830081939697,-0.0731310024857521,0,-0.45243701338768005,-0.8916860222816467,0.014000999741256237,0,10.665499687194824,25.014400482177734,-0.09600000083446503,1,0.591152012348175,0.1652590036392212,0.7894489765167236,0,-0.5993099808692932,0.7450439929962158,0.29280900955200195,0,-0.5397850275039673,-0.64621901512146,0.5394750237464905,0,0,22.733400344848633,0,1,-0.2813720107078552,0.9594150185585022,0.018761999905109406,0,-0.9594249725341797,-0.2816390097141266,0.013538000173866749,0,0.018272999674081802,-0.014192000031471252,0.9997320175170898,0,0,53.267799377441406,0,1,0.946120023727417,0.19109000265598297,-0.2614220082759857,0,-0.11996600031852722,0.9567149877548218,0.2651509940624237,0,0.3007740080356598,-0.2195030003786087,0.9280909895896912,0,0,48.94649887084961,0,1,0.6750320196151733,0.7356939911842346,0.05555000156164169,0,-0.7084749937057495,0.6253600120544434,0.3270910084247589,0,0.20589999854564667,-0.26015299558639526,0.9433590173721313,0,-7.220099925994873,5.92080020904541,0,1,0.7473649978637695,-0.6623830199241638,0.05190899968147278,0,0.6391350030899048,0.7380790114402771,0.21620799601078033,0,-0.18152500689029694,-0.1284099966287613,0.9749659895896912,0,-0.19339999556541443,7.467299938201904,0,1,0.9405689835548401,-0.3177120089530945,-0.11995299905538559,0,0.2627680003643036,0.9046159982681274,-0.3355939984321594,0,0.21513399481773376,0.2841300070285797,0.9343379735946655,0,-0.07540000230073929,10.21150016784668,0,1,0.9906569719314575,0.11090999841690063,0.07935500144958496,0,-0.1339779943227768,0.6828740239143372,0.718146026134491,0,0.025459999218583107,-0.7220680117607117,0.6913530230522156,0,0,11.067999839782715,0.17139999568462372,1,0.9907690286636353,0.10009299963712692,0.09142500162124634,0,-0.09562399983406067,0.03797300159931183,0.9946929812431335,0,0.09608999639749527,-0.9942529797554016,0.047192998230457306,0,0.2676999866962433,15.237099647521973,0,1,0.9922009706497192,0.11713100224733353,0.04262600094079971,0,-0.10714899748563766,0.62677401304245,0.7717990279197693,0,0.06368499994277954,-0.770346999168396,0.6344360113143921,0,-0.27320000529289246,11.754599571228027,0,1,0.2304610013961792,-0.05192200094461441,0.9716950058937073,0,-0.9478780031204224,-0.23777799308300018,0.21210700273513794,0,0.22003500163555145,-0.9699310064315796,-0.10401400178670883,0,-10.665499687194824,25.013500213623047,0.04820000007748604,1,0.5949900150299072,-0.6343299746513367,-0.493571013212204,0,0.7765510082244873,0.29534900188446045,0.5565400123596191,0,-0.20725500583648682,-0.7144190073013306,0.6683200001716614,0,0,22.733400344848633,0,1,-0.2753419876098633,-0.9612770080566406,-0.011540000326931477,0,0.9612839818000793,-0.2754409909248352,0.008034000173211098,0,-0.01090100035071373,-0.008880999870598316,0.9999009966850281,0,0,53.26279830932617,0,1,0.9425770044326782,-0.3250559866428375,0.07672499865293503,0,0.31746500730514526,0.9433460235595703,0.09651699662208557,0,-0.10375099629163742,-0.06661699712276459,0.9923700094223022,0,0,48.94879913330078,0,1,0.7282879948616028,-0.6848719716072083,-0.023382000625133514,0,0.6525499820709229,0.6826919913291931,0.3287999927997589,0,-0.20922400057315826,-0.25471898913383484,0.9441099762916565,0,8.018799781799316,6.1006999015808105,0,1,0.7336440086364746,0.6779639720916748,-0.046167999505996704,0,-0.654187023639679,0.7230290174484253,0.2219640016555786,0,0.18386399745941162,-0.13264000415802002,0.9739609956741333,0,1.1370999813079834,7.980000019073486,0,1,0.9854789972305298,0.08029600232839584,0.14960899949073792,0,-0.033139001578092575,0.955128014087677,-0.29433301091194153,0,-0.16652999818325043,0.2851009964942932,0.9439200162887573,0,1.0223000049591064,9.384200096130371,0,1,0.9900410175323486,-0.11685299873352051,-0.07851800322532654,0,0.13791599869728088,0.6930480003356934,0.7075759768486023,0,-0.028265999630093575,-0.7113580107688904,0.7022609710693359,0,0,12.017200469970703,0.17100000381469727,1,0.9905409812927246,-0.10366000235080719,-0.08990400284528732,0,0.09437800198793411,0.039083000272512436,0.9947689771652222,0,-0.09960400313138962,-0.9938449859619141,0.048496000468730927,0,-0.27889999747276306,14.73859977722168,0,1,0.9897249937057495,-0.1337680071592331,-0.05050500109791756,0,0.12378299981355667,0.6247869729995728,0.770920991897583,0,-0.0715700015425682,-0.7692520022392273,0.6349250078201294,0,0.359499990940094,11.803400039672852,0,1,-0.9345049858093262,-0.21960699558258057,0.280131995677948,0,0.3277049958705902,-0.838038980960846,0.4362339973449707,0,0.1389620006084442,0.4994629919528961,0.8551179766654968,0,16.968599319458008,-10.666000366210938,0.600600004196167,1,0.9905009865760803,-0.10453599691390991,-0.08933600038290024,0,-0.034306999295949936,0.4412660002708435,-0.8967199921607971,0,0.13316099345684052,0.8912670016288757,0.43348801136016846,0,0,64.0801010131836,0,1,0.9771469831466675,-0.21210800111293793,-0.013952000066637993,0,0.050909001380205154,0.1697929948568344,0.9841639995574951,0,-0.2063799947500229,-0.962382972240448,0.17671099305152893,0,0,55.26919937133789,0,1,0.9918820261955261,-0.00018000000272877514,-0.12716400623321533,0,0.08295200020074844,0.7588539719581604,0.6459559798240662,0,0.0963829979300499,-0.6512609720230103,0.7527080178260803,0,0,36.55550003051758,0,1,-0.8441870212554932,0.4091320037841797,-0.3463509976863861,0,-0.49913498759269714,-0.8355649709701538,0.22955499589443207,0,-0.19548100233078003,0.36666300892829895,0.9095849990844727,0,-16.968599319458008,-10.666000366210938,0.4724000096321106,1,0.9898560047149658,-0.1413249969482422,-0.014582999981939793,0,0.04755299910902977,0.42627501487731934,-0.9033430218696594,0,0.13388200104236603,0.8934860229492188,0.4286719858646393,0,0,64.064697265625,0,1,0.8841300010681152,0.4569369852542877,-0.09758800268173218,0,0.04830000177025795,0.11836300045251846,0.991795003414154,0,0.46473899483680725,-0.8815889954566956,0.08257800340652466,0,0,55.25870132446289,0,1,0.9915459752082825,0,0.1297529935836792,0,-0.08115000277757645,0.7802910208702087,0.6201300024986267,0,-0.10124500095844269,-0.6254169940948486,0.7736949920654297,0,0,36.84489822387695,0,1
K0.033,0.728469729423523,0.08715535700321198,0.6795110702514648,0,0.013878116384148598,0.9897938370704651,-0.14183096587657928,0,-0.6849371194839478,0.11274994164705276,0.7198255658149719,0,-1.0094380378723145,130.87979125976562,-0.4367631673812866,1,0.9948639869689941,-0.0034669155720621347,-0.1011609435081482,0,0.01739685609936714,0.990397036075592,0.13715046644210815,0,0.09971395879983902,-0.13820645213127136,0.9853710532188416,0,0,19.21179962158203,-0.12080000340938568,1,0.9997209906578064,-0.019354013726115227,-0.013527118600904942,0,0.02016202174127102,0.9978470206260681,0.06241105496883392,0,0.012290115468204021,-0.06266705691814423,0.9979590177536011,0,0,22.414199829101562,0,1,0.9997339844703674,-0.01901901140809059,-0.01305411383509636,0,0.019802019000053406,0.9978330135345459,0.06275205314159393,0,0.01183211151510477,-0.06299406290054321,0.9979439973831177,0,0,25.616199493408203,0,1,0.9793041348457336,0.05837355926632881,-0.19379156827926636,0,-0.05363558977842331,0.9981210231781006,0.02961481735110283,0,0.19515655934810638,-0.018607906997203827,0.980595052242279,0,0,28.818199157714844,0,1,0.9497551918029785,0.002821732545271516,-0.3129824697971344,0,0.05817500874400139,0.9809440970420837,0.18537643551826477,0,0.3075404763221741,-0.19427044689655304,0.9314922094345093,0,0,24.81220054626465,-0.20800000429153442,1,-0.07783113420009613,0.018485955893993378,-0.9967949986457825,0,0.8945481181144714,-0.4401116967201233,-0.07800910621881485,0,-0.4401437044143677,-0.897753119468689,0.01771807111799717,0,10.665499687194824,25.014400482177734,-0.09600000083446503,1,0.6560940146446228,0.2533606290817261,0.710878849029541,0,-0.6422290205955505,0.6821339726448059,0.3496204614639282,0,-0.39633485674858093,-0.6859311461448669,0.6102589964866638,0,0,22.733400344848633,0,1,-0.17531776428222656,0.9843600988388062,0.017265968024730682,0,-0.9843701124191284,-0.1755627691745758,0.01389000192284584,0,0.01670396700501442,-0.014561002142727375,0.999754011631012,0,0,53.267799377441406,0,1,0.9678981900215149,0.20881056785583496,-0.1398986577987671,0,-0.19178971648216248,0.9733309745788574,0.12586930394172668,0,0.16245068609714508,-0.0949975773692131,0.9821330308914185,0,0,48.94649887084961,0,1,0.6750320196151733,0.7356939911842346,0.05555000156164169,0,-0.7084749937057495,0.6253600120544434,0.3270910084247589,0,0.20589999854564667,-0.26015299558639526,0.9433590173721313,0,-7.220099925994873,5.92080020904541,0,1,0.7473649978637695,-0.6623830199241638,0.05190899968147278,0,0.6391350030899048,0.7380790114402771,0.21620699763298035,0,-0.18152500689029694,-0.1284089982509613,0.9749670028686523,0,-0.19339999556541443,7.467299938201904,0,1,0.9405689835548401,-0.3177120089530945,-0.11995299905538559,0,0.2627680003643036,0.9046159982681274,-0.3355939984321594,0,0.21513399481773376,0.28412899374961853,0.9343379735946655,0,-0.07540000230073929,10.21150016784668,0,1,0.9906569719314575,0.11091099679470062,0.07935500144958496,0,-0.1339779943227768,0.6828740239143372,0.718146026134491,0,0.025459999218583107,-0.7220680117607117,0.6913530230522156,0,0,11.067999839782715,0.17139999568462372,1,0.9907690286636353,0.10009299963712692,0.09142500162124634,0,-0.09562399983406067,0.03797199949622154,0.9946929812431335,0,0.09608999639749527,-0.9942529797554016,0.047192998230457306,0,0.2676999866962433,15.237099647521973,0,1,0.9922009706497192,0.11713100224733353,0.0426269993185997,0,-0.10715000331401825,0.6267729997634888,0.7717990279197693,0,0.06368400156497955,-0.7703480124473572,0.6344360113143921,0,-0.27320000529289246,11.754599571228027,0,1,0.2563091516494751,-0.07529111206531525,0.9636579155921936,0,-0.9320486187934875,-0.28340497612953186,0.22575895488262177,0,0.256107896566391,-0.9560396671295166,-0.14281438291072845,0,-10.665499687194824,25.013500213623047,0.04820000007748604,1,0.624703586101532,-0.6448052525520325,-0.4404211938381195,0,0.7685254216194153,0.4078472852706909,0.4929787218570709,0,-0.13825061917304993,-0.6464408040046692,0.7503339648246765,0,0,22.733400344848633,0,1,-0.2852255403995514,-0.9583898186683655,-0.011623004451394081,0,0.9583978056907654,-0.2853245437145233,0.008009998127818108,0,-0.010993004776537418,-0.008854998275637627,0.9998999834060669,0,0,53.26279830932617,0,1,0.9468430876731873,-0.3213028609752655,0.01587824709713459,0,0.3186139464378357,0.9434469938278198,0.09161601960659027,0,-0.044417280703783035,-0.08168726414442062,0.9956679940223694,0,0,48.94879913330078,0,1,0.7282879948616028,-0.6848719716072083,-0.023382000625133514,0,0.6525499820709229,0.6826919913291931,0.3287999927997589,0,-0.20922400057315826,-0.25471898913383484,0.9441099762916565,0,8.018799781799316,6.1006999015808105,0,1,0.7336440086364746,0.6779639720916748,-0.046167999505996704,0,-0.654187023639679,0.7230290174484253,0.2219640016555786,0,0.18386399745941162,-0.13264000415802002,0.9739609956741333,0,1.1370999813079834,7.980000019073486,0,1,0.9854789972305298,0.08029600232839584,0.14960899949073792,0,-0.033139001578092575,0.955128014087677,-0.29433301091194153,0,-0.16652999818325043,0.2851009964942932,0.9439200162887573,0,1.0223000049591064,9.384200096130371,0,1,0.9900410175323486,-0.11685299873352051,-0.07851800322532654,0,0.13791599869728088,0.6930469870567322,0.7075769901275635,0,-0.028264999389648438,-0.7113580107688904,0.7022609710693359,0,0,12.017200469970703,0.17100000381469727,1,0.9905409812927246,-0.10366100072860718,-0.08990400284528732,0,0.09437700361013412,0.039083000272512436,0.9947689771652222,0,-0.0996050015091896,-0.9938449859619141,0.048496000468730927,0,-0.27889999747276306,14.73859977722168,0,1,0.9897249937057495,-0.1337680071592331,-0.05050500109791756,0,0.12378299981355667,0.6247869729995728,0.770920991897583,0,-0.0715700015425682,-0.7692509889602661,0.6349250078201294,0,0.359499990940094,11.803400039672852,0,1,-0.9512901306152344,-0.18776170909404755,0.24452368915081024,0,0.27367541193962097,-0.8794816136360168,0.38937583565711975,0,0.14194415509700775,0.4373297095298767,0.8880285024642944,0,16.968599319458008,-10.666000366210938,0.600600004196167,1,0.9865819811820984,-0.092596635222435,-0.13446514308452606,0,-0.07455021142959595,0.47722968459129333,-0.8756105899810791,0,0.14524883031845093,0.8738866448402405,0.46392372250556946,0,0,64.0801010131836,0,1,0.9737910032272339,-0.22732870280742645,-0.007302884478121996,0,0.04798788204789162,0.17396529018878937,0.9835819005966187,0,-0.22232550382614136,-0.9581530094146729,0.18031443655490875,0,0,55.26919937133789,0,1,0.9916989803314209,-0.00012200130731798708,-0.12858296930789948,0,0.08319499343633652,0.7630849480628967,0.6409211158752441,0,0.09804096072912216,-0.6462981104850769,0.7567609548568726,0,0,36.55550003051758,0,1,-0.8169814944267273,0.4507077634334564,-0.3597259819507599,0,-0.5227590799331665,-0.8421900272369385,0.13205265998840332,0,-0.2434411197900772,0.29593515396118164,0.9236660599708557,0,-16.968599319458008,-10.666000366210938,0.4724000096321106,1,0.9928929805755615,-0.1189667358994484,-0.003359842114150524,0,0.05058910697698593,0.44742798805236816,-0.8928884267807007,0,0.10772663354873657,0.8863714933395386,0.4502659738063812,0,0,64.064697265625,0,1,0.8740806579589844,0.47052645683288574,-0.12078364193439484,0,0.07937664538621902,0.1069561168551445,0.991089940071106,0,0.47925251722335815,-0.87587970495224,0.056139685213565826,0,0,55.25870132446289,0,1,0.9915459752082825,0,0.1297529935836792,0,-0.08115100115537643,0.7802910208702087,0.6201300024986267,0,-0.10124500095844269,-0.6254169940948486,0.7736939787864685,0,0,36.84489822387695,0,1
K0.067,0.8019002676010132,0.12297163903713226,0.5846659541130066,0,0.025501884520053864,0.970652163028717,-0.23913303017616272,0,-0.5969138741493225,0.20667105913162231,0.7752294540405273,0,-4.719522476196289,132.66441345214844,2.3455593585968018,1,0.9954339861869812,0.004969916306436062,-0.09532705694437027,0,0.003049142425879836,0.9964789152145386,0.08378653228282928,0,0.09540804475545883,-0.08369454741477966,0.991913914680481,0,0,19.21179962158203,-0.12080000340938568,1,0.9994649887084961,-0.020696986466646194,-0.02534288354218006,0,0.022377977147698402,0.9974390268325806,0.06793195009231567,0,0.02387288399040699,-0.06846293807029724,0.9973679780960083,0,0,22.414199829101562,0,1,0.9994990229606628,-0.020112989470362663,-0.024440886452794075,0,0.021742980927228928,0.9974259734153748,0.06832994520664215,0,0.02300388738512993,-0.06882694363594055,0.9973629713058472,0,0,25.616199493408203,0,1,0.9885469079017639,0.014378437772393227,-0.15022742748260498,0,-0.012814406305551529,0.9998530149459839,0.011373181827366352,0,0.15036845207214355,-0.009318091906607151,0.9885859489440918,0,0,28.818199157714844,0,1,0.9656458497047424,-0.02392573282122612,-0.25875553488731384,0,0.05884399265050888,0.9900198578834534,0.1280565708875656,0,0.25310954451560974,-0.1388835459947586,0.9574167728424072,0,0,24.81220054626465,-0.20800000429153442,1,-0.09089087694883347,0.013991044834256172,-0.9957630038261414,0,0.9071348905563354,-0.4114112854003906,-0.08858189731836319,0,-0.4109072983264923,-0.9113428592681885,0.024701930582523346,0,10.665499687194824,25.014400482177734,-0.09600000083446503,1,0.7601990103721619,0.41818636655807495,0.4972081184387207,0,-0.6444349884986877,0.5824900269508362,0.49538654088974,0,-0.0824551209807396,-0.69701087474823,0.7123029828071594,0,0,22.733400344848633,0,1,0.04813377931714058,0.9987408518791199,0.014113031327724457,0,-0.9987508654594421,0.04793578013777733,0.014092998579144478,0,0.0133990328758955,-0.014773998409509659,0.999800980091095,0,0,53.267799377441406,0,1,0.9860568046569824,0.1662854105234146,-0.0064193266443908215,0,-0.16328229010105133,0.9742500185966492,0.15548370778560638,0,0.032109297811985016,-0.1522674411535263,0.9878179430961609,0,0,48.94649887084961,0,1,0.6750320196151733,0.7356939911842346,0.05555000156164169,0,-0.7084749937057495,0.6253600120544434,0.3270910084247589,0,0.20589999854564667,-0.26015299558639526,0.9433590173721313,0,-7.220099925994873,5.92080020904541,0,1,0.7473649978637695,-0.6623830199241638,0.05190899968147278,0,0.6391350030899048,0.7380790114402771,0.21620799601078033,0,-0.18152500689029694,-0.1284089982509613,0.9749670028686523,0,-0.19339999556541443,7.467299938201904,0,1,0.9405689835548401,-0.3177129924297333,-0.11995299905538559,0,0.26276901364326477,0.9046149849891663,-0.3355939984321594,0,0.21513399481773376,0.2841300070285797,0.9343379735946655,0,-0.07540000230073929,10.21150016784668,0,1,0.9906569719314575,0.11091099679470062,0.07935500144958496,0,-0.1339779943227768,0.6828740239143372,0.718146026134491,0,0.025459999218583107,-0.7220680117607117,0.6913530230522156,0,0,11.067999839782715,0.17139999568462372,1,0.9907690286636353,0.10009299963712692,0.09142500162124634,0,-0.09562399983406067,0.03797300159931183,0.9946929812431335,0,0.09608999639749527,-0.9942529797554016,0.04719400033354759,0,0.2676999866962433,15.237099647521973,0,1,0.9922009706497192,0.11713100224733353,0.04262600094079971,0,-0.10715000331401825,0.62677401304245,0.7717990279197693,0,0.06368499994277954,-0.770346999168396,0.6344360113143921,0,-0.27320000529289246,11.754599571228027,0,1,0.27257683873176575,-0.08675888925790787,0.9582140445709229,0,-0.8980793356895447,-0.3802550435066223,0.22104103863239288,0,0.34518811106681824,-0.9208033680915833,-0.18156461417675018,0,-10.665499687194824,25.013500213623047,0.04820000007748604,1,0.7832624316215515,-0.5648627877235413,-0.25967177748680115,0,0.6137685775756836,0.6361277103424072,0.4675782322883606,0,-0.0989333838224411,-0.5256152153015137,0.8449500203132629,0,0,22.733400344848633,0,1,-0.33757349848747253,-0.9412221908569336,-0.012059994973242283,0,0.9412291646003723,-0.3376774787902832,0.007866001687943935,0,-0.011475995182991028,-0.008696001954376698,0.9998959898948669,0,0,53.26279830932617,0,1,0.9499109387397766,-0.30682915449142456,-0.059372249990701675,0,0.31132906675338745,0.9456310272216797,0.09410697966814041,0,0.027269287034869194,-0.10787773877382278,0.9937899708747864,0,0,48.94879913330078,0,1,0.7282879948616028,-0.6848719716072083,-0.023382000625133514,0,0.6525499820709229,0.6826919913291931,0.3287999927997589,0,-0.20922300219535828,-0.25471898913383484,0.9441099762916565,0,8.018799781799316,6.1006999015808105,0,1,0.7336440086364746,0.6779639720916748,-0.046167999505996704,0,-0.654187023639679,0.7230290174484253,0.2219640016555786,0,0.18386399745941162,-0.13264000415802002,0.9739609956741333,0,1.1370999813079834,7.980000019073486,0,1,0.9854789972305298,0.08029600232839584,0.14960899949073792,0,-0.033139001578092575,0.955128014087677,-0.29433301091194153,0,-0.16652999818325043,0.2851009964942932,0.9439200162887573,0,1.0223000049591064,9.384200096130371,0,1,0.9900410175323486,-0.11685299873352051,-0.07851800322532654,0,0.13791599869728088,0.6930469870567322,0.7075759768486023,0,-0.028265999630093575,-0.7113580107688904,0.7022609710693359,0,0,12.017200469970703,0.17100000381469727,1,0.9905409812927246,-0.10366100072860718,-0.08990400284528732,0,0.09437800198793411,0.039083000272512436,0.9947689771652222,0,-0.0996050015091896,-0.9938449859619141,0.048496000468730927,0,-0.27889999747276306,14.73859977722168,0,1,0.9897249937057495,-0.1337680071592331,-0.05050500109791756,0,0.12378399819135666,0.6247869729995728,0.770920991897583,0,-0.0715700015425682,-0.7692509889602661,0.6349250078201294,0,0.359499990940094,11.803400039672852,0,1,-0.964198887348175,-0.15781930088996887,0.2131033092737198,0,0.21395260095596313,-0.9377564191818237,0.2735631763935089,0,0.15666484832763672,0.3093632757663727,0.9379505515098572,0,16.968599319458008,-10.666000366210938,0.600600004196167,1,0.9871050119400024,-0.055973365902900696,-0.1499718576669693,0,-0.09535478800535202,0.5469163060188293,-0.8317394256591797,0,0.12857715785503387,0.8353143334388733,0.5345262885093689,0,0,64.0801010131836,0,1,0.9755579829216003,-0.19781629741191864,-0.0956801176071167,0,0.13610811531543732,0.20213571190834045,0.9698531031608582,0,-0.172512486577034,-0.9591720104217529,0.22411856055259705,0,0,55.26919937133789,0,1,0.9920780062675476,-0.0002529986959416419,-0.1256200224161148,0,0.0826750099658966,0.7542120814323425,0.651404857635498,0,0.09457903355360031,-0.6566308736801147,0.7482580542564392,0,0,36.55550003051758,0,1,-0.7707154750823975,0.527671217918396,-0.35715702176094055,0,-0.5294679403305054,-0.8422060012817383,-0.10174567252397537,0,-0.35448789596557617,0.11068683862686157,0.9284859299659729,0,-16.968599319458008,-10.666000366210938,0.4724000096321106,1,0.9955719709396362,-0.09317824989557266,0.012423843145370483,0,0.06148689240217209,0.5455120205879211,-0.8358445763587952,0,0.07110536843538284,0.8329075574874878,0.5488260388374329,0,0,64.064697265625,0,1,0.8366393446922302,0.5155635476112366,-0.18500936031341553,0,0.1441713571548462,0.11858487874269485,0.9824220538139343,0,0.528440535068512,-0.848606288433075,0.024883311241865158,0,0,55.25870132446289,0,1,0.9915459752082825,0,0.1297529935836792,0,-0.08115000277757645,0.7802910208702087,0.6201300024986267,0,-0.10124500095844269,-0.6254169940948486,0.7736939787864685,0,0,36.84489822387695,0,1
K0.100,0.8727189898490906,0.1697150021791458,0.4577760100364685,0,0.011475000530481339,0.9302470088005066,-0.36675500869750977,0,-0.4880880117416382,0.3253270089626312,0.8098970055580139,0,-9.843151092529297,135.80587768554688,7.302558898925781,1,0.9921669960021973,0.008239000104367733,-0.1246429979801178,0,-0.008507998660206795,0.9999619722366333,-0.0016319961287081242,0,0.12462499737739563,0.002679995959624648,0.9922000169754028,0,0,19.21179962158203,-0.12080000340938568,1,0.9977459907531738,-0.02769700065255165,-0.061124999076128006,0,0.03084300085902214,0.9982150197029114,0.05113999918103218,0,0.05959999933838844,-0.05291000008583069,0.996819019317627,0,0,22.414199829101562,0,1,0.9978520274162292,-0.026466000825166702,-0.05993200093507767,0,0.029566999524831772,0.9982370138168335,0.051461998373270035,0,0.05846399813890457,-0.053123001009225845,0.996874988079071,0,0,25.616199493408203,0,1,0.9948949813842773,-0.03077099844813347,-0.096110999584198,0,0.025366997346282005,0.9980549812316895,-0.05694599449634552,0,0.09767699986696243,0.054217997938394547,0.9937400221824646,0,0,28.818199157714844,0,1,0.972806990146637,-0.07615700364112854,-0.21873800456523895,0,0.0373539999127388,0.9836210012435913,-0.17633499205112457,0,0.22858400642871857,0.16336898505687714,0.9597190022468567,0,0,24.81220054626465,-0.20800000429153442,1,-0.09209000319242477,0.007811000570654869,-0.9957200288772583,0,0.9250770211219788,-0.36933499574661255,-0.0884540006518364,0,-0.3684459924697876,-0.9292629957199097,0.026785999536514282,0,10.665499687194824,25.014400482177734,-0.09600000083446503,1,0.8368849754333496,0.5242940187454224,0.15728601813316345,0,-0.47899800539016724,0.5623859763145447,0.6740049719810486,0,0.26492196321487427,-0.6394050121307373,0.7217879891395569,0,0,22.733400344848633,0,1,0.2688579857349396,0.9631170034408569,0.010998000390827656,0,-0.963126003742218,0.26870599389076233,0.01358999963849783,0,0.010134000331163406,-0.014245999976992607,0.9998469948768616,0,0,53.267799377441406,0,1,0.997409999370575,-0.019387992098927498,-0.06925900280475616,0,0.050256989896297455,0.8767439723014832,0.4783239960670471,0,0.051447998732328415,-0.48056599497795105,0.8754479885101318,0,0,48.94649887084961,0,1,0.6750320196151733,0.7356939911842346,0.05555000156164169,0,-0.7084749937057495,0.6253600120544434,0.3270910084247589,0,0.20589999854564667,-0.26015299558639526,0.9433590173721313,0,-7.220099925994873,5.92080020904541,0,1,0.7473649978637695,-0.6623830199241638,0.05190800130367279,0,0.6391350030899048,0.7380790114402771,0.21620799601078033,0,-0.18152500689029694,-0.1284099966287613,0.9749670028686523,0,-0.19339999556541443,7.467299938201904,0,1,0.9405689835548401,-0.3177129924297333,-0.11995299905538559,0,0.26276901364326477,0.9046159982681274,-0.3355939984321594,0,0.21513399481773376,0.28412899374961853,0.9343379735946655,0,-0.07540000230073929,10.21150016784668,0,1,0.9906569719314575,0.11091099679470062,0.07935500144958496,0,-0.1339779943227768,0.6828740239143372,0.718146026134491,0,0.025459999218583107,-0.7220680117607117,0.6913530230522156,0,0,11.067999839782715,0.17139999568462372,1,0.9907690286636353,0.10009299963712692,0.09142500162124634,0,-0.09562300145626068,0.03797199949622154,0.9946929812431335,0,0.09608999639749527,-0.9942529797554016,0.047192998230457306,0,0.2676999866962433,15.237099647521973,0,1,0.9922009706497192,0.11713100224733353,0.04262600094079971,0,-0.10714899748563766,0.62677401304245,0.7717990279197693,0,0.06368499994277954,-0.770346999168396,0.6344360113143921,0,-0.27320000529289246,11.754599571228027,0,1,0.2734839916229248,-0.08668600022792816,0.9579619765281677,0,-0.843297004699707,-0.5006510019302368,0.1954450011253357,0,0.462662011384964,-0.8612980246543884,-0.2100220024585724,0,-10.665499687194824,25.013500213623047,0.04820000007748604,1,0.9384220242500305,-0.34034299850463867,0.05941598489880562,0,0.29776298999786377,0.8839520215988159,0.3605070114135742,0,-0.17521700263023376,-0.3206160068511963,0.9308620095252991,0,0,22.733400344848633,0,1,-0.36475300788879395,-0.9310230016708374,-0.012287000194191933,0,0.9310299754142761,-0.364859014749527,0.007782000117003918,0,-0.011727999895811081,-0.008601999841630459,0.9998940229415894,0,0,53.26279830932617,0,1,0.9481340050697327,-0.2741219997406006,-0.1609330028295517,0,0.3021779954433441,0.9343860149383545,0.18871000409126282,0,0.09864400327205658,-0.22755299508571625,0.9687569737434387,0,0,48.94879913330078,0,1,0.7282879948616028,-0.6848719716072083,-0.023382000625133514,0,0.6525499820709229,0.6826919913291931,0.3287999927997589,0,-0.20922400057315826,-0.25471898913383484,0.9441099762916565,0,8.018799781799316,6.1006999015808105,0,1,0.7336429953575134,0.6779639720916748,-0.046167999505996704,0,-0.6541879773139954,0.7230290174484253,0.22196300327777863,0,0.18386399745941162,-0.13264000415802002,0.9739609956741333,0,1.1370999813079834,7.980000019073486,0,1,0.9854789972305298,0.08029600232839584,0.14960899949073792,0,-0.033139001578092575,0.955128014087677,-0.29433301091194153,0,-0.16652999818325043,0.2851009964942932,0.9439200162887573,0,1.0223000049591064,9.384200096130371,0,1,0.9900410175323486,-0.11685299873352051,-0.07851800322532654,0,0.13791599869728088,0.6930469870567322,0.7075759768486023,0,-0.028265999630093575,-0.7113580107688904,0.7022609710693359,0,0,12.017200469970703,0.17100000381469727,1,0.9905409812927246,-0.10366100072860718,-0.08990400284528732,0,0.09437800198793411,0.039083000272512436,0.9947689771652222,0,-0.0996050015091896,-0.9938449859619141,0.048496000468730927,0,-0.27889999747276306,14.73859977722168,0,1,0.9897249937057495,-0.1337680071592331,-0.05050500109791756,0,0.12378299981355667,0.6247869729995728,0.770920991897583,0,-0.0715700015425682,-0.7692509889602661,0.6349250078201294,0,0.359499990940094,11.803400039672852,0,1,-0.9728170037269592,-0.1331229954957962,0.18948599696159363,0,0.15148499608039856,-0.9847189784049988,0.08591000735759735,0,0.17515400052070618,0.1122790053486824,0.9781180024147034,0,16.968599319458008,-10.666000366210938,0.600600004196167,1,0.991113007068634,-0.013653001748025417,-0.13231800496578217,0,-0.09113600105047226,0.6548799872398376,-0.7502179741859436,0,0.0968950018286705,0.7556099891662598,0.647816002368927,0,0,64.0801010131836,0,1,0.9619079828262329,-0.14980900287628174,-0.22867199778556824,0,0.2622550129890442,0.2695460021495819,0.9265890121459961,0,-0.07717400789260864,-0.9512640237808228,0.2985660135746002,0,0,55.26919937133789,0,1,0.9934009909629822,-0.001091000041924417,-0.11469099670648575,0,0.08034399896860123,0.7202469706535339,0.689050018787384,0,0.08185400068759918,-0.6937170028686523,0.7155809998512268,0,0,36.55550003051758,0,1,-0.7165319919586182,0.6205649971961975,-0.31856200098991394,0,-0.47608301043510437,-0.7688419818878174,-0.42688000202178955,0,-0.5098310112953186,-0.15421098470687866,0.846340000629425,0,-16.968599319458008,-10.666000366210938,0.4724000096321106,1,0.9968090057373047,-0.0777750015258789,0.01795700006186962,0,0.06999599933624268,0.7435700297355652,-0.6649839878082275,0,0.03836600109934807,0.6641190052032471,0.7466409802436829,0,0,64.064697265625,0,1,0.7819790244102478,0.550167977809906,-0.29295799136161804,0,0.21642999351024628,0.2010979950428009,0.9553629755973816,0,0.5845230221748352,-0.8104779720306396,0.03818099945783615,0,0,55.25870132446289,0,1,0.9915459752082825,0,0.1297529935836792,0,-0.08115100115537643,0.7802910208702087,0.6201300024986267,0,-0.10124500095844269,-0.6254169940948486,0.7736939787864685,0,0,36.84489822387695,0,1
