2.367,30,71,41
B0,mixamorig_Hips,-1,0.4249182939529419,0.04581255838274956,0.904071033000946,0,-0.13854707777500153,0.9902419447898865,0.014938957057893276,0,-0.8945654034614563,-0.13160397112369537,0.42712098360061646,0,1.7841070890426636,128.48202514648438,-0.42144232988357544,1
B1,mixamorig_Spine,0,0.9998700022697449,-0.00412295525893569,0.015589646063745022,0,0.0030315727926790714,0.9975820779800415,0.069427490234375,0,-0.015838148072361946,-0.06937186419963837,0.9974648952484131,0,0,19.2117919921875,-0.1207680031657219,1
B2,mixamorig_Spine1,1,0.9997161030769348,0.0069516911171376705,0.022756485268473625,0,-0.010815240442752838,0.9846193194389343,0.17437368631362915,0,-0.021193381398916245,-0.17456939816474915,0.9844160079956055,0,0,22.4141845703125,0,1
B3,mixamorig_Spine2,2,0.999656617641449,0.006880704313516617,0.025250347331166267,0,-0.011173497885465622,0.9846728444099426,0.17404954135417938,0,-0.023664740845561028,-0.174270898103714,0.9844130277633667,0,0,25.616214752197266,0,1
B4,mixamorig_Neck,3,0.98038649559021,-0.1384107619524002,-0.14030154049396515,0,0.13235117495059967,0.9898547530174255,-0.051681436598300934,0,0.146031454205513,0.03209882974624634,0.9887591600418091,0,0,28.8182430267334,0,1
B5,mixamorig_Head,4,0.7671225666999817,-0.35237210988998413,-0.5360510945320129,0,0.19829218089580536,0.9249536991119385,-0.32424870133399963,0,0.6100797057151794,0.1424420326948166,0.7794293761253357,0,0,24.812225341796875,-0.20795400440692902,1
B6,mixamorig_HeadTop_End,5,1,0,0,0,0,1,0,0,0,0,1,0,0,103.31423950195312,-0.8658869862556458,1
B7,mixamorig_LeftShoulder,3,-0.026144178584218025,0.023159384727478027,-0.9993891716003418,0,0.8651849031448364,-0.5002826452255249,-0.03422721475362778,0,-0.5007699131965637,-0.8655523657798767,-0.006958128418773413,0,10.665525436401367,25.014419555664062,-0.09603600203990936,1
B8,mixamorig_LeftArm,7,0.512518048286438,0.2580644488334656,0.818958044052124,0,-0.3894857168197632,0.9198418855667114,-0.04615093022584915,0,-0.7652490139007568,-0.2953137159347534,0.5719348192214966,0,0,22.733402252197266,0,1
B9,mixamorig_LeftForeArm,8,0.7430885434150696,0.6691154837608337,0.004306103568524122,0,-0.6691223382949829,0.7430358529090881,0.009441090747714043,0,0.003118721069768071,-0.009896832518279552,0.9999465346336365,0,0,53.26781463623047,0,1
B10,mixamorig_LeftHand,9,0.9654403328895569,-0.037099771201610565,0.2579490542411804,0,0.025583529844880104,0.9985240697860718,0.0478493757545948,0,-0.25934699177742004,-0.03959118574857712,0.9649680852890015,0,0,48.9465217590332,0,1
B11,mixamorig_LeftHandThumb1,10,0.9299830198287964,0.3397409915924072,-0.1403840035200119,0,-0.2341148853302002,0.8418141007423401,0.4863528907299042,0,0.2834109961986542,-0.4194340109825134,0.8624110221862793,0,-7.220077991485596,5.920783996582031,-0.000007000000096013537,1
B12,mixamorig_LeftHandThumb2,11,0.879485011100769,-0.47513601183891296,0.027427999302744865,0,0.4636690020561218,0.868403971195221,0.17574511468410492,0,-0.10732199996709824,-0.14184799790382385,0.9840530157089233,0,-0.19343799352645874,7.4673380851745605,0,1
B13,mixamorig_LeftHandThumb3,12,0.9823619723320007,-0.18390199542045593,0.033844999969005585,0,0.18300199508666992,0.982712984085083,0.028031999245285988,0,-0.03841499984264374,-0.021344000473618507,0.9990339875221252,0,-0.07535800337791443,10.211470603942871,0,1
B14,mixamorig_LeftHandThumb4,13,1,0,0,0,0,1,0,0,0,0,1,0,0.26879701018333435,8.70872688293457,0,1
B15,mixamorig_LeftHandIndex1,10,0.9991791248321533,0.03927699849009514,0.009879999794065952,0,-0.0404990017414093,0.9715039730072021,0.23353888094425201,0,-0.00042600001324899495,-0.23374700546264648,0.9722970128059387,0,0,11.06796646118164,0.1714390069246292,1
B16,mixamorig_LeftHandIndex2,15,0.9998340010643005,-0.01815200038254261,-0.0016959999920800328,0,0.018084000796079636,0.9756280183792114,0.21868300437927246,0,-0.002314999932423234,-0.2186771184206009,0.9757940173149109,0,0.2676999866962433,15.237060546875,0,1
B17,mixamorig_LeftHandIndex3,16,0.9993810057640076,0.0351409986615181,-0.0015051244990900159,0,-0.03476199880242348,0.9933210015296936,0.11001899838447571,0,0.005361124407500029,-0.1098988726735115,0.9939280152320862,0,-0.2732299864292145,11.75461483001709,9.999999974752427e-7,1
B18,mixamorig_LeftHandIndex4,17,1,0,0,0,0,1,0,0,0,0,1,0,0.005530000198632479,9.809103012084961,0,1
B19,mixamorig_RightShoulder,3,0.22394156455993652,-0.07893886417150497,0.9713929891586304,0,-0.8542836904525757,-0.4956232011318207,0.15666791796684265,0,0.46908119320869446,-0.8649426698684692,-0.17842723429203033,0,-10.665525436401367,25.013511657714844,0.048207998275756836,1
B20,mixamorig_RightArm,19,0.336024671792984,-0.9262920022010803,-0.1704704761505127,0,0.9335914850234985,0.3036724328994751,0.1901835799217224,0,-0.12440332025289536,-0.22304868698120117,0.9668315649032593,0,0,22.733402252197266,0,1
B21,mixamorig_RightForeArm,20,-0.06196488440036774,-0.998026967048645,-0.009756537154316902,0,0.9980349540710449,-0.062046751379966736,0.008341498672962189,0,-0.008929666131734848,-0.009220498614013195,0.9999179840087891,0,0,53.26276779174805,0,1
B22,mixamorig_RightHand,21,0.9952608942985535,0.015507395379245281,0.09599410742521286,0,0.003096075262874365,0.9816478490829468,-0.19067779183387756,0,-0.09718984365463257,0.19007116556167603,0.9769479036331177,0,0,48.94882583618164,0,1
B23,mixamorig_RightHandThumb1,22,0.8328359723091125,-0.4761910140514374,0.2821820080280304,0,0.26726987957954407,0.792385995388031,0.5483530163764954,0,-0.48471799492836,-0.38126999139785767,0.7871990203857422,0,8.01883316040039,6.1007280349731445,0.000007000000096013537,1
B24,mixamorig_RightHandThumb2,23,0.6998170018196106,0.6320350170135498,0.33284899592399597,0,-0.7136719822883606,0.6385130286216736,0.28804999589920044,0,-0.03047100082039833,-0.43912699818611145,0.8979079723358154,0,1.13714599609375,7.979971885681152,0,1
B25,mixamorig_RightHandThumb3,24,0.9984509944915771,-0.05019012466073036,0.024017000570893288,0,0.045598000288009644,0.9854469895362854,0.1637520045042038,0,-0.03188600018620491,-0.16240300238132477,0.986208975315094,0,1.0223289728164673,9.384204864501953,0,1
B26,mixamorig_RightHandThumb4,25,1,0,0,0,0,1,0,0,0,0,1,0,-2.159475088119507,7.527187824249268,0,1
B27,mixamorig_RightHandIndex1,22,0.9900760054588318,-0.0816510021686554,-0.11438199877738953,0,0.10509700328111649,-0.11015500128269196,0.9883419871330261,0,-0.093299001455307,-0.9905549883842468,-0.10048087686300278,0,0,12.017215728759766,0.170973002910614,1
B28,mixamorig_RightHandIndex2,27,0.995747983455658,-0.06739799678325653,-0.06280100345611572,0,0.05655800178647041,-0.0908529981970787,0.9942569732666016,0,-0.07271700352430344,-0.9935809969902039,-0.08665499836206436,0,-0.2789439857006073,14.738595008850098,0,1
B29,mixamorig_RightHandIndex3,28,0.9944609999656677,-0.1001340001821518,-0.031943000853061676,0,0.09111600369215012,0.6698229908943176,0.7369089722633362,0,-0.052393876016139984,-0.7357379794120789,0.6752369999885559,0,0.3595370054244995,11.803382873535156,0,1
B30,mixamorig_RightHandIndex4,29,1,0,0,0,0,1,0,0,0,0,1,0,-0.08059299737215042,9.220705032348633,0,1
B31,mixamorig_LeftUpLeg,0,-0.7271811366081238,-0.1728435903787613,0.6643268465995789,0,0.6256648302078247,-0.5650297999382019,0.5378516316413879,0,0.2824009656906128,0.8067615628242493,0.5190208554267883,0,16.968603134155273,-10.665969848632812,0.6005799770355225,1
B32,mixamorig_LeftLeg,31,0.9940367937088013,-0.002536941785365343,0.1089911162853241,0,0.07825368642807007,0.7125048637390137,-0.697245180606842,0,-0.07589538395404816,0.7016183137893677,0.7084537148475647,0,0,64.08012390136719,0,1
B33,mixamorig_LeftFoot,32,0.9634237289428711,-0.11614968627691269,0.24149614572525024,0,-0.07483140379190445,0.7487236261367798,0.6585989594459534,0,-0.2573213279247284,-0.6525799632072449,0.7126465439796448,0,0,55.26921844482422,0,1
B34,mixamorig_LeftToeBase,33,0.9911059737205505,0,-0.13307499885559082,0,0.08389099687337875,0.7762688994407654,0.624795138835907,0,0.103302001953125,-0.6304020285606384,0.7693648934364319,0,0,36.5555305480957,9.999999974752427e-7,1
B35,mixamorig_LeftToe_End,34,1,0,0,0,0,1,0,0,0,0,1,0,0,13.579986572265625,0,1
B36,mixamorig_RightUpLeg,0,-0.9622414708137512,0.21329079568386078,-0.16908353567123413,0,-0.2707137167453766,-0.6854422092437744,0.6759122610092163,0,0.02825680561363697,0.6961683630943298,0.7173069715499878,0,-16.968603134155273,-10.665969848632812,0.47241300344467163,1
B37,mixamorig_RightLeg,36,0.9945822358131409,0.10187029838562012,-0.020639795809984207,0,-0.03914336487650871,0.1830613911151886,-0.9823089838027954,0,-0.09629180282354355,0.9777947068214417,0.18605652451515198,0,0,64.0646743774414,0,1
B38,mixamorig_RightFoot,37,0.9685706496238708,0.195417582988739,-0.15387871861457825,0,0.16367247700691223,-0.034923333674669266,0.9858943223953247,0,0.187285915017128,-0.9800947904586792,-0.06580800563097,0,0,55.258724212646484,-9.999999974752427e-7,1
B39,mixamorig_RightToeBase,38,0.9915429949760437,8.755516205383174e-7,0.12978200614452362,0,-0.08115500211715698,0.7803720235824585,0.6200270056724548,0,-0.10127799957990646,-0.6253150105476379,0.7737720012664795,0,0,36.844871520996094,-9.999999974752427e-7,1
B40,mixamorig_RightToe_End,39,1,0,0,0,0,1,0,0,0,0,1,0,0,13.579154014587402,0,1
@34,0,1,2,3,4,5,7,8,9,10,11,12,13,15,16,17,19,20,21,22,23,24,25,27,28,29,31,32,33,34,36,37,38,39
K0.000,0.4961160123348236,0.06717800348997116,0.8656529784202576,0,-0.1593949943780899,0.9871050119400024,0.014747999608516693,0,-0.8535000085830688,-0.14529800415039062,0.5004270076751709,0,0.4445109963417053,128.61044311523438,0.20461499691009521,1,0.999813973903656,-0.019123999401926994,0.0025510000996291637,0,0.018984999507665634,0.9987369775772095,0.046528998762369156,0,-0.003438000101596117,-0.0464709997177124,0.9989140033721924,0,0,19.2117919921875,-0.1207680031657219,1,0.9998480081558228,-0.016207000240683556,-0.006382999941706657,0,0.016923999413847923,0.9906070232391357,0.13568900525569916,0,0.0041240002028644085,-0.13577699661254883,0.9907310009002686,0,0,22.4141845703125,0,1,0.9998589754104614,-0.01635799929499626,-0.0037930000107735395,0,0.016721999272704124,0.9905980229377747,0.13577599823474884,0,0.0015360000543296337,-0.13582000136375427,0.9907320141792297,0,0,25.616214752197266,0,1,0.9824939966201782,-0.12761199474334717,-0.13572299480438232,0,0.12806500494480133,0.9917510151863098,-0.005429000128060579,0,0.13529600203037262,-0.012047000229358673,0.9907320141792297,0,0,28.8182430267334,0,1,0.779233992099762,-0.3377879858016968,-0.5279150009155273,0,0.22618000209331512,0.9371280074119568,-0.26576799154281616,0,0.5844969749450684,0.08769199997186661,0.806643009185791,0,0,24.812225341796875,-0.20795400440692902,1,0.010664000175893307,0.019881999120116234,-0.9997450113296509,0,0.8754439949989319,-0.4833199977874756,-0.0002730000123847276,0,-0.4832029938697815,-0.8752179741859436,-0.0225600004196167,0,10.665525436401367,25.014419555664062,-0.09603600203990936,1,0.52401202917099,0.4781250059604645,0.7048460245132446,0,-0.5069159865379333,0.8401070237159729,-0.19301599264144897,0,-0.6844320297241211,-0.25615501403808594,0.6825960278511047,0,0,22.733402252197266,0,1,0.8062540292739868,0.5915600061416626,0.0034149999264627695,0,-0.5915660262107849,0.8062139749526978,0.008346999995410442,0,0.0021840000990778208,-0.008750000037252903,0.9999589920043945,0,0,53.26781463623047,0,1,0.9723010063171387,-0.08101800084114075,0.21924099326133728,0,0.06632000207901001,0.9950799942016602,0.07360400259494781,0,-0.22412599623203278,-0.05702599883079529,0.9728900194168091,0,0,48.9465217590332,0,1,0.9299830198287964,0.3397409915924072,-0.1403840035200119,0,-0.23411500453948975,0.8418139815330505,0.4863530099391937,0,0.2834109961986542,-0.4194340109825134,0.8624110221862793,0,-7.220077991485596,5.920783996582031,-0.000007000000096013537,1,0.879485011100769,-0.47513601183891296,0.027427999302744865,0,0.4636690020561218,0.868403971195221,0.17574499547481537,0,-0.10732199996709824,-0.14184799790382385,0.9840530157089233,0,-0.19343799352645874,7.4673380851745605,0,1,0.9823619723320007,-0.18390199542045593,0.033844999969005585,0,0.18300199508666992,0.982712984085083,0.028031999245285988,0,-0.03841499984264374,-0.021344000473618507,0.9990339875221252,0,-0.07535800337791443,10.211470603942871,0,1,0.999180018901825,0.03927699849009514,0.00988100003451109,0,-0.040497999638319016,0.9715039730072021,0.23353900015354156,0,-0.00042600001324899495,-0.23374700546264648,0.9722970128059387,0,0,11.06796646118164,0.1714390069246292,1,0.9998340010643005,-0.01815200038254261,-0.0016969999996945262,0,0.018084000796079636,0.9756280183792114,0.21868300437927246,0,-0.0023139999248087406,-0.21867699921131134,0.9757949709892273,0,0.2676999866962433,15.237060546875,0,1,0.9993810057640076,0.0351409986615181,-0.0015059999423101544,0,-0.03476199880242348,0.9933210015296936,0.11001899838447571,0,0.005361999850720167,-0.10989800095558167,0.9939280152320862,0,-0.2732299864292145,11.75461483001709,0,1,0.21215100586414337,-0.04728899896144867,0.9760919809341431,0,-0.8518490195274353,-0.49842900037765503,0.16099900007247925,0,0.4788990020751953,-0.8656399846076965,-0.14602600038051605,0,-10.665525436401367,25.013511657714844,0.048207998275756836,1,0.3592959940433502,-0.9173660278320312,-0.17130699753761292,0,0.9199219942092896,0.3172749876976013,0.23038899898529053,0,-0.15700000524520874,-0.24036699533462524,0.9579010009765625,0,0,22.733402252197266,0,1,-0.06998199969530106,-0.9975000023841858,-0.009824000298976898,0,0.9975079894065857,-0.0700640007853508,0.008337000384926796,0,-0.009003999643027782,-0.009216000325977802,0.9999169707298279,0,0,53.26276779174805,0,1,0.995244026184082,0.015043999999761581,0.09624899923801422,0,0.0031349998898804188,0.9825479984283447,-0.1859849989414215,0,-0.09736700356006622,0.1854020059108734,0.9778270125389099,0,0,48.94882583618164,0,1,0.8328359723091125,-0.4761910140514374,0.2821820080280304,0,0.26726898550987244,0.792385995388031,0.5483530163764954,0,-0.48471799492836,-0.38126900792121887,0.7871990203857422,0,8.01883316040039,6.1007280349731445,0.000007000000096013537,1,0.6998170018196106,0.6320350170135498,0.33284899592399597,0,-0.7136719822883606,0.6385130286216736,0.28804999589920044,0,-0.03047100082039833,-0.43912699818611145,0.8979079723358154,0,1.13714599609375,7.979971885681152,0,1,0.9984509944915771,-0.05019000172615051,0.024017000570893288,0,0.045598000288009644,0.9854469895362854,0.1637520045042038,0,-0.03188600018620491,-0.16240400075912476,0.986208975315094,0,1.0223289728164673,9.384204864501953,0,1,0.9900760054588318,-0.0816510021686554,-0.11438199877738953,0,0.10509700328111649,-0.11015500128269196,0.9883419871330261,0,-0.093299001455307,-0.9905549883842468,-0.10047999769449234,0,0,12.017215728759766,0.170973002910614,1,0.995747983455658,-0.06739799678325653,-0.06280100345611572,0,0.05655800178647041,-0.0908529981970787,0.9942569732666016,0,-0.07271700352430344,-0.9935809969902039,-0.08665499836206436,0,-0.2789439857006073,14.738595008850098,0,1,0.9944609999656677,-0.1001340001821518,-0.031943000853061676,0,0.09111499786376953,0.6698229908943176,0.7369089722633362,0,-0.052393000572919846,-0.7357379794120789,0.6752369999885559,0,0.3595370054244995,11.803382873535156,0,1,-0.764930009841919,-0.12932200729846954,0.6309980154037476,0,0.5774679780006409,-0.5716480016708374,0.5828800201416016,0,0.28532901406288147,0.8102440237998962,0.5119500160217285,0,16.968603134155273,-10.665969848632812,0.6005799770355225,1,0.993681013584137,-0.002382999984547496,0.11221600323915482,0,0.07904700189828873,0.7246429920196533,-0.6845759749412537,0,-0.07968500256538391,0.6891210079193115,0.7202519774436951,0,0,64.08012390136719,0,1,0.9649710059165955,-0.11495699733495712,0.23583200573921204,0,-0.07322300225496292,0.7451679706573486,0.6628450155258179,0,-0.2519330084323883,-0.6568940281867981,0.7106480002403259,0,0,55.26921844482422,0,1,0.9911059737205505,0,-0.13307499885559082,0,0.08389099687337875,0.7762690186500549,0.6247959733009338,0,0.103302001953125,-0.6304020285606384,0.7693639993667603,0,0,36.5555305480957,0,1,-0.9570599794387817,0.240789994597435,-0.161421000957489,0,-0.28647100925445557,-0.7003089785575867,0.6538360118865967,0,0.04439299926161766,0.6720029711723328,0.7392169833183289,0,-16.968603134155273,-10.665969848632812,0.47241300344467163,1,0.9986640214920044,0.02428000047802925,-0.045611001551151276,0,-0.04928300157189369,0.18234600126743317,-0.9819980263710022,0,-0.015526000410318375,0.9829350113868713,0.1832990050315857,0,0,64.0646743774414,0,1,0.9651309847831726,0.22673399746418,-0.13081899285316467,0,0.15120600163936615,-0.0749410018324852,0.9856569766998291,0,0.2136780023574829,-0.9710689783096313,-0.10661199688911438,0,0,55.258724212646484,0,1,0.9915419816970825,0,0.1297830045223236,0,-0.08115600049495697,0.7803720235824585,0.6200270056724548,0,-0.10127799957990646,-0.6253150105476379,0.7737720012664795,0,0,36.844871520996094,0,1
K0.033,0.5006600022315979,0.07141103595495224,0.8626930117607117,0,-0.16613702476024628,0.9859920144081116,0.01479897741228342,0,-0.8495519757270813,-0.15073402225971222,0.5055110454559326,0,0.2330150455236435,128.1249237060547,-1.2296172380447388,1,0.999750018119812,-0.02227000705897808,0.002220003167167306,0,0.022158008068799973,0.9988769888877869,0.041874002665281296,0,-0.003150003729388118,-0.04181400313973427,0.9991199970245361,0,0,19.2117919921875,-0.1207680031657219,1,0.9998019933700562,-0.019410012289881706,-0.004485977813601494,0,0.019839009270071983,0.9905480146408081,0.13572603464126587,0,0.0018089754739776254,-0.13578802347183228,0.9907360076904297,0,0,22.4141845703125,0,1,0.9998070001602173,-0.019624013453722,-0.0013059743214398623,0,0.019619008526206017,0.990543007850647,0.13578903675079346,0,-0.0013710277853533626,-0.13578903675079346,0.9907370209693909,0,0,25.616214752197266,0,1,0.9820330142974854,-0.13065603375434875,-0.13616499304771423,0,0.13062703609466553,0.9913889765739441,-0.009184041060507298,0,0.13619302213191986,-0.008767964318394661,0.9906439781188965,0,0,28.8182430267334,0,1,0.7787889838218689,-0.339678019285202,-0.5273579955101013,0,0.22771000862121582,0.9364370107650757,-0.2668960392475128,0,0.5844969749450684,0.08777099847793579,0.8066350221633911,0,0,24.812225341796875,-0.20795400440692902,1,0.009623979218304157,0.019950000569224358,-0.9997550249099731,0,0.8753799796104431,-0.4834339916706085,-0.001220018370077014,0,-0.48333999514579773,-0.8751530051231384,-0.022116990759968758,0,10.665525436401367,25.014419555664062,-0.09603600203990936,1,0.5266720056533813,0.4797210395336151,0.7017719745635986,0,-0.49968093633651733,0.8425740003585815,-0.20096707344055176,0,-0.6877030730247498,-0.24481789767742157,0.6834679841995239,0,0,22.733402252197266,0,1,0.8080300092697144,0.5891319513320923,0.0033899995032697916,0,-0.5891379117965698,0.8079900145530701,0.00831299927085638,0,0.002157999435439706,-0.008713998831808567,0.9999600052833557,0,0,53.26781463623047,0,1,0.9660579562187195,-0.08892408013343811,0.24253922700881958,0,0.06961602717638016,0.9937670230865479,0.08706813305616379,0,-0.24876923859119415,-0.06722809374332428,0.9662269353866577,0,0,48.9465217590332,0,1,0.9299830198287964,0.3397409915924072,-0.1403840035200119,0,-0.23411400616168976,0.8418139815330505,0.4863530099391937,0,0.2834109961986542,-0.4194340109825134,0.8624110221862793,0,-7.220077991485596,5.920783996582031,-0.000007000000096013537,1,0.879485011100769,-0.47513601183891296,0.027427999302744865,0,0.4636690020561218,0.868403971195221,0.17574499547481537,0,-0.10732100158929825,-0.14184799790382385,0.9840540289878845,0,-0.19343799352645874,7.4673380851745605,0,1,0.9823619723320007,-0.18390199542045593,0.033844999969005585,0,0.18300199508666992,0.982712984085083,0.028031999245285988,0,-0.03841499984264374,-0.021344000473618507,0.9990339875221252,0,-0.07535800337791443,10.211470603942871,0,1,0.9991790056228638,0.03927699849009514,0.00988100003451109,0,-0.0404990017414093,0.9715039730072021,0.23353800177574158,0,-0.00042600001324899495,-0.23374700546264648,0.9722970128059387,0,0,11.06796646118164,0.1714390069246292,1,0.9998340010643005,-0.01815200038254261,-0.0016959999920800328,0,0.018084000796079636,0.9756280183792114,0.21868300437927246,0,-0.002314999932423234,-0.21867799758911133,0.9757940173149109,0,0.2676999866962433,15.237060546875,0,1,0.9993810057640076,0.0351409986615181,-0.0015059999423101544,0,-0.03476199880242348,0.9933210015296936,0.11001899838447571,0,0.005361999850720167,-0.10989800095558167,0.9939280152320862,0,-0.2732299864292145,11.75461483001709,0,1,0.2671191692352295,-0.05074501037597656,0.9623269438743591,0,-0.8425139784812927,-0.4970429837703705,0.20765215158462524,0,0.4677799344062805,-0.8662409782409668,-0.1755230873823166,0,-10.665525436401367,25.013511657714844,0.048207998275756836,1,0.3992701470851898,-0.8971599340438843,-0.1889110803604126,0,0.908894956111908,0.3602631390094757,0.21005098521709442,0,-0.12039191275835037,-0.25556710362434387,0.9592660069465637,0,0,22.733402252197266,0,1,-0.0703120008111,-0.9974769949913025,-0.009825999848544598,0,0.997484028339386,-0.07039400190114975,0.008337000384926796,0,-0.009007000364363194,-0.009215000085532665,0.9999169707298279,0,0,53.26276779174805,0,1,0.9951270222663879,0.015573005191981792,0.0973610058426857,0,0.0031840004958212376,0.9818570017814636,-0.18959403038024902,0,-0.09854701161384583,0.18898002803325653,0.9770230054855347,0,0,48.94882583618164,0,1,0.8328359723091125,-0.4761910140514374,0.2821820080280304,0,0.26726898550987244,0.792385995388031,0.5483530163764954,0,-0.48471799492836,-0.38126999139785767,0.7871990203857422,0,8.01883316040039,6.1007280349731445,0.000007000000096013537,1,0.6998170018196106,0.6320340037345886,0.33284899592399597,0,-0.7136719822883606,0.63851398229599,0.28804999589920044,0,-0.03047100082039833,-0.43912699818611145,0.8979079723358154,0,1.13714599609375,7.979971885681152,0,1,0.9984509944915771,-0.0501910001039505,0.024017000570893288,0,0.045598000288009644,0.9854469895362854,0.1637520045042038,0,-0.03188600018620491,-0.16240300238132477,0.986208975315094,0,1.0223289728164673,9.384204864501953,0,1,0.9900760054588318,-0.0816510021686554,-0.11438199877738953,0,0.10509700328111649,-0.11015500128269196,0.9883419871330261,0,-0.093299001455307,-0.9905549883842468,-0.10047999769449234,0,0,12.017215728759766,0.170973002910614,1,0.995747983455658,-0.06739799678325653,-0.06280200183391571,0,0.05655800178647041,-0.0908529981970787,0.9942569732666016,0,-0.07271700352430344,-0.9935809969902039,-0.08665499836206436,0,-0.2789439857006073,14.738595008850098,0,1,0.9944609999656677,-0.1001340001821518,-0.031943000853061676,0,0.09111600369215012,0.6698229908943176,0.7369089722633362,0,-0.052393000572919846,-0.7357379794120789,0.6752369999885559,0,0.3595370054244995,11.803382873535156,0,1,-0.7636520266532898,-0.12346197664737701,0.6337130069732666,0,0.5784180164337158,-0.5668870210647583,0.586575984954834,0,0.2868240177631378,0.8144919872283936,0.5043169856071472,0,16.968603134155273,-10.665969848632812,0.6005799770355225,1,0.9937739968299866,-0.005500040482729673,0.11128098517656326,0,0.07904300093650818,0.7387081980705261,-0.6693748235702515,0,-0.07852298021316528,0.6740028262138367,0.7345441579818726,0,0,64.08012390136719,0,1,0.9656370282173157,-0.10605588555335999,0.2372719943523407,0,-0.07357502728700638,0.764052152633667,0.6409457921981812,0,-0.2492639571428299,-0.6363778114318848,0.7299931645393372,0,0,55.26921844482422,0,1,0.9911059737205505,0,-0.13307499885559082,0,0.08389099687337875,0.7762690186500549,0.6247950196266174,0,0.103302001953125,-0.6304020285606384,0.7693650126457214,0,0,36.5555305480957,0,1,-0.9587100148200989,0.22409787774085999,-0.17508505284786224,0,-0.2828339636325836,-0.687148928642273,0.669201135635376,0,0.029657918959856033,0.6910901069641113,0.7221598625183105,0,-16.968603134155273,-10.665969848632812,0.47241300344467163,1,0.998740017414093,0.01666194573044777,-0.04732801020145416,0,-0.04937399923801422,0.15845483541488647,-0.9861310124397278,0,-0.008930952288210392,0.9872260093688965,0.15907782316207886,0,0,64.0646743774414,0,1,0.9687119722366333,0.20070284605026245,-0.14599609375,0,0.16469807922840118,-0.0797930359840393,0.9831110239028931,0,0.1856638342142105,-0.9763969779014587,-0.11035202443599701,0,0,55.258724212646484,0,1,0.9915429949760437,0,0.12978200614452362,0,-0.08115500211715698,0.7803720235824585,0.6200270056724548,0,-0.10127799957990646,-0.6253150105476379,0.7737720012664795,0,0,36.844871520996094,0,1
K0.067,0.5035110116004944,0.07522696256637573,0.8607069849967957,0,-0.168769970536232,0.9855750203132629,0.012590022757649422,0,-0.8473449945449829,-0.15160098671913147,0.5089439153671265,0,0.13816693425178528,127.77409362792969,-2.554271936416626,1,0.9997299909591675,-0.023091992363333702,0.002551996847614646,0,0.022962993010878563,0.9988420009613037,0.042267996817827225,0,-0.003524996340274811,-0.04219799488782883,0.9991030097007751,0,0,19.2117919921875,-0.1207680031657219,1,0.9997829794883728,-0.02070198766887188,-0.0022500220220535994,0,0.02081299014389515,0.9900789856910706,0.13896197080612183,0,-0.0006489755469374359,-0.13897797465324402,0.9902949929237366,0,0,22.4141845703125,0,1,0.9997810125350952,-0.02090298756957054,0.001263974467292428,0,0.020524989813566208,0.9900820255279541,0.13898196816444397,0,-0.004156972747296095,-0.1389249712228775,0.9902939796447754,0,0,25.616214752197266,0,1,0.9815149903297424,-0.13397997617721558,-0.13666699826717377,0,0.13342297077178955,0.9909700155258179,-0.013266959227621555,0,0.13721098005771637,-0.005213035270571709,0.9905279874801636,0,0,28.8182430267334,0,1,0.778141975402832,-0.341901957988739,-0.5268759727478027,0,0.2293349802494049,0.9356020092964172,-0.2684299647808075,0,0.5847229957580566,0.08804500102996826,0.8064410090446472,0,0,24.812225341796875,-0.20795400440692902,1,0.0075920200906693935,0.02003300003707409,-0.9997699856758118,0,0.8750010132789612,-0.4841119945049286,-0.0030559818260371685,0,-0.48406198620796204,-0.8747770190238953,-0.021205009892582893,0,10.665525436401367,25.014419555664062,-0.09603600203990936,1,0.5284690260887146,0.48145195841789246,0.6992319822311401,0,-0.49359506368637085,0.8443700075149536,-0.20833392441272736,0,-0.6907129287719727,-0.2350391000509262,0.6838650107383728,0,0,22.733402252197266,0,1,0.8105570077896118,0.5856500864028931,0.0033540003933012486,0,-0.5856550335884094,0.8105180263519287,0.008263001218438148,0,0.002121000550687313,-0.008662001229822636,0.9999600052833557,0,0,53.26781463623047,0,1,0.9592050313949585,-0.09701991826295853,0.26554277539253235,0,0.07252196967601776,0.9922829866409302,0.10057686269283295,0,-0.2732517719268799,-0.07721590250730515,0.9588380455970764,0,0,48.9465217590332,0,1,0.9299830198287964,0.3397409915924072,-0.1403840035200119,0,-0.23411500453948975,0.8418139815330505,0.4863530099391937,0,0.2834109961986542,-0.4194340109825134,0.8624110221862793,0,-7.220077991485596,5.920783996582031,-0.000007000000096013537,1,0.879485011100769,-0.47513601183891296,0.027427999302744865,0,0.46366798877716064,0.868403971195221,0.17574499547481537,0,-0.10732199996709824,-0.14184799790382385,0.9840530157089233,0,-0.19343799352645874,7.4673380851745605,0,1,0.9823619723320007,-0.18390199542045593,0.033844999969005585,0,0.18300199508666992,0.982712984085083,0.028031999245285988,0,-0.03841499984264374,-0.021344000473618507,0.9990339875221252,0,-0.07535800337791443,10.211470603942871,0,1,0.999180018901825,0.03927699849009514,0.009879999794065952,0,-0.040497999638319016,0.9715039730072021,0.23353800177574158,0,-0.00042600001324899495,-0.23374700546264648,0.9722970128059387,0,0,11.06796646118164,0.1714390069246292,1,0.9998340010643005,-0.01815200038254261,-0.0016959999920800328,0,0.018084000796079636,0.9756280183792114,0.21868300437927246,0,-0.002314999932423234,-0.21867799758911133,0.9757940173149109,0,0.2676999866962433,15.237060546875,0,1,0.9993810057640076,0.0351409986615181,-0.0015059999423101544,0,-0.03476300090551376,0.9933210015296936,0.11001899838447571,0,0.005361999850720167,-0.10989800095558167,0.9939280152320862,0,-0.2732299864292145,11.75461483001709,0,1,0.2843678295612335,-0.05175298824906349,0.957317054271698,0,-0.8398969769477844,-0.4949380159378052,0.2227318435907364,0,0.4622860550880432,-0.867385983467102,-0.18421190977096558,0,-10.665525436401367,25.013511657714844,0.048207998275756836,1,0.41338685154914856,-0.8890910744667053,-0.19653992354869843,0,0.9036800861358643,0.3741208612918854,0.20831601321697235,0,-0.11168208718299866,-0.2637239098548889,0.9581109881401062,0,0,22.733402252197266,0,1,-0.07039500027894974,-0.9974709749221802,-0.009827000088989735,0,0.9974790215492249,-0.07047799974679947,0.008337000384926796,0,-0.009007999673485756,-0.009215000085532665,0.9999169707298279,0,0,53.26276779174805,0,1,0.9950090050697327,0.016099995002150536,0.09847299009561539,0,0.003233999479562044,0.9811760187149048,-0.19308896362781525,0,-0.09972798824310303,0.19244396686553955,0.9762269854545593,0,0,48.94882583618164,0,1,0.8328359723091125,-0.4761910140514374,0.2821809947490692,0,0.2672699987888336,0.792385995388031,0.5483540296554565,0,-0.48471799492836,-0.38126999139785767,0.7871990203857422,0,8.01883316040039,6.1007280349731445,0.000007000000096013537,1,0.6998170018196106,0.6320350170135498,0.33284899592399597,0,-0.7136719822883606,0.6385130286216736,0.28804999589920044,0,-0.03047100082039833,-0.43912699818611145,0.8979079723358154,0,1.13714599609375,7.979971885681152,0,1,0.9984509944915771,-0.0501910001039505,0.024017000570893288,0,0.045598000288009644,0.9854469895362854,0.1637520045042038,0,-0.03188600018620491,-0.16240300238132477,0.986208975315094,0,1.0223289728164673,9.384204864501953,0,1,0.9900760054588318,-0.0816510021686554,-0.11438199877738953,0,0.10509700328111649,-0.11015500128269196,0.9883419871330261,0,-0.093299001455307,-0.9905549883842468,-0.10048100352287292,0,0,12.017215728759766,0.170973002910614,1,0.995747983455658,-0.06739799678325653,-0.06280100345611572,0,0.05655800178647041,-0.0908529981970787,0.9942569732666016,0,-0.07271700352430344,-0.9935809969902039,-0.08665399998426437,0,-0.2789439857006073,14.738595008850098,0,1,0.9944609999656677,-0.1001340001821518,-0.031943000853061676,0,0.09111600369215012,0.6698229908943176,0.7369089722633362,0,-0.05239399895071983,-0.7357379794120789,0.6752369999885559,0,0.3595370054244995,11.803382873535156,0,1,-0.7630839943885803,-0.12102901935577393,0.6348670125007629,0,0.5778589844703674,-0.5677040219306946,0.5863369703292847,0,0.2894519567489624,0.8142880201339722,0.5031430125236511,0,16.968603134155273,-10.665969848632812,0.6005799770355225,1,0.993943989276886,-0.009567960165441036,0.10947201400995255,0,0.07906100153923035,0.7541598081588745,-0.6519141793251038,0,-0.07632201910018921,0.6566211581230164,0.7503488063812256,0,0,64.08012390136719,0,1,0.9666450023651123,-0.09505711495876312,0.23782500624656677,0,-0.076478973031044,0.7790778279304504,0.622245192527771,0,-0.24443304538726807,-0.6196791529655457,0.7458218336105347,0,0,55.26921844482422,0,1,0.9911059737205505,0,-0.13307499885559082,0,0.08388999849557877,0.7762690186500549,0.6247950196266174,0,0.103302001953125,-0.6304020285606384,0.7693650126457214,0,0,36.5555305480957,0,1,-0.9602329730987549,0.21249911189079285,-0.18109893798828125,0,-0.27837803959846497,-0.6789630651473999,0.679348886013031,0,0.021402081474661827,0.7027468681335449,0.7111181020736694,0,-16.968603134155273,-10.665969848632812,0.47241300344467163,1,0.9987720251083374,0.011171055026352406,-0.04826199263334274,0,-0.049359001219272614,0.14153416454792023,-0.9887019991874695,0,-0.004214046988636255,0.989870011806488,0.14191216230392456,0,0,64.0646743774414,0,1,0.9703009724617004,0.18583515286445618,-0.15486091375350952,0,0.17258591949939728,-0.08323895931243896,0.9814710021018982,0,0.1695021688938141,-0.979049026966095,-0.11283997446298599,0,0,55.258724212646484,0,1,0.9915429949760437,0,0.12978200614452362,0,-0.08115500211715698,0.7803720235824585,0.6200270056724548,0,-0.10127799957990646,-0.6253150105476379,0.7737720012664795,0,0,36.844871520996094,0,1
K0.100,0.5051169991493225,0.07695099711418152,0.8596140146255493,0,-0.16710899770259857,0.9858880043029785,0.009940000250935555,0,-0.8467180132865906,-0.1486700028181076,0.5108479857444763,0,0.13843999803066254,127.56552124023438,-3.7166640758514404,1,0.999763011932373,-0.02145100012421608,0.003621000098064542,0,0.021259000524878502,0.9986879825592041,0.04659600183367729,0,-0.004616000223904848,-0.046507999300956726,0.9989070296287537,0,0,19.2117919921875,-0.1207680031657219,1,0.9998019933700562,-0.019919000566005707,0.00032399987685494125,0,0.019663000479340553,0.9893140196800232,0.14447100460529327,0,-0.003198999911546707,-0.14443600177764893,0.9895089864730835,0,0,22.4141845703125,0,1,0.9997910261154175,-0.02009899914264679,0.0038729996886104345,0,0.019329000264406204,0.9893249869346619,0.1444370001554489,0,-0.0067349998280406,-0.14433200657367706,0.9895060062408447,0,0,25.616214752197266,0,1,0.9809679985046387,-0.13739900290966034,-0.13719899952411652,0,0.13626499474048615,0.9905149936676025,-0.01766899973154068,0,0.1383260041475296,-0.0013630001340061426,0.9903860092163086,0,0,28.8182430267334,0,1,0.7772759795188904,-0.3444490134716034,-0.5264949798583984,0,0.23097799718379974,0.9346140027046204,-0.270455002784729,0,0.5852270126342773,0.08861000090837479,0.8060129880905151,0,0,24.812225341796875,-0.20795400440692902,1,0.00496200006455183,0.020270999521017075,-0.9997820258140564,0,0.8742470145225525,-0.48544999957084656,-0.005504000000655651,0,-0.4854559898376465,-0.8740289807319641,-0.020130999386310577,0,10.665525436401367,25.014419555664062,-0.09603600203990936,1,0.5285879969596863,0.4828070104122162,0.6982070207595825,0,-0.48938098549842834,0.8453840017318726,-0.21408599615097046,0,-0.6936140060424805,-0.22852599620819092,0.683135986328125,0,0,22.733402252197266,0,1,0.8139680027961731,0.580901026725769,0.003306000027805567,0,-0.5809059739112854,0.81392902135849,0.008197000250220299,0,0.0020699999295175076,-0.008592000231146812,0.9999610185623169,0,0,53.26781463623047,0,1,0.9523550271987915,-0.10447599738836288,0.2865400016307831,0,0.07467199862003326,0.9907770156860352,0.11306799948215485,0,-0.2957099974155426,-0.08628399670124054,0.9513729810714722,0,0,48.9465217590332,0,1,0.9299830198287964,0.3397409915924072,-0.1403840035200119,0,-0.23411400616168976,0.8418139815330505,0.4863530099391937,0,0.2834109961986542,-0.4194340109825134,0.8624110221862793,0,-7.220077991485596,5.920783996582031,-0.000007000000096013537,1,0.879485011100769,-0.47513601183891296,0.027427999302744865,0,0.46366798877716064,0.868403971195221,0.17574599385261536,0,-0.10732199996709824,-0.14184799790382385,0.9840530157089233,0,-0.19343799352645874,7.4673380851745605,0,1,0.9823619723320007,-0.18390199542045593,0.033844999969005585,0,0.18300199508666992,0.982712984085083,0.028031999245285988,0,-0.03841499984264374,-0.021344000473618507,0.9990339875221252,0,-0.07535800337791443,10.211470603942871,0,1,0.999180018901825,0.03927699849009514,0.009879999794065952,0,-0.0404990017414093,0.9715039730072021,0.23353900015354156,0,-0.00042600001324899495,-0.23374700546264648,0.9722970128059387,0,0,11.06796646118164,0.1714390069246292,1,0.9998340010643005,-0.01815200038254261,-0.0016959999920800328,0,0.018084000796079636,0.9756280183792114,0.21868300437927246,0,-0.002314999932423234,-0.21867699921131134,0.9757949709892273,0,0.2676999866962433,15.237060546875,0,1,0.9993810057640076,0.0351409986615181,-0.001505000051110983,0,-0.03476199880242348,0.9933210015296936,0.11001899838447571,0,0.0053610000759363174,-0.10989899933338165,0.9939280152320862,0,-0.2732299864292145,11.75461483001709,0,1,0.2833940088748932,-0.05390699952840805,0.9574869871139526,0,-0.8408759832382202,-0.4940209984779358,0.22106599807739258,0,0.4611020088195801,-0.8677769899368286,-0.18533100187778473,0,-10.665525436401367,25.013511657714844,0.048207998275756836,1,0.41342100501060486,-0.8888710141181946,-0.1974640041589737,0,0.9033539891242981,0.37320399284362793,0.21135400235652924,0,-0.11417199671268463,-0.2657580077648163,0.9572550058364868,0,0,22.733402252197266,0,1,-0.07000400125980377,-0.9974979758262634,-0.009824000298976898,0,0.9975060224533081,-0.07008600234985352,0.008337000384926796,0,-0.00900499988347292,-0.009216000325977802,0.9999169707298279,0,0,53.26276779174805,0,1,0.9949160218238831,0.0165570005774498,0.09933599829673767,0,0.0032760000322014093,0.9805499911308289,-0.19624200463294983,0,-0.10065300017595291,0.1955689936876297,0.9755110144615173,0,0,48.94882583618164,0,1,0.8328359723091125,-0.4761910140514374,0.2821820080280304,0,0.26726898550987244,0.792385995388031,0.5483540296554565,0,-0.48471799492836,-0.38126999139785767,0.787198007106781,0,8.01883316040039,6.1007280349731445,0.000007000000096013537,1,0.6998170018196106,0.6320350170135498,0.33284899592399597,0,-0.7136719822883606,0.6385130286216736,0.28804999589920044,0,-0.03047100082039833,-0.43912699818611145,0.8979079723358154,0,1.13714599609375,7.979971885681152,0,1,0.9984509944915771,-0.0501910001039505,0.024017000570893288,0,0.045598000288009644,0.9854469895362854,0.1637520045042038,0,-0.03188600018620491,-0.16240300238132477,0.986208975315094,0,1.0223289728164673,9.384204864501953,0,1,0.9900760054588318,-0.0816510021686554,-0.11438199877738953,0,0.10509700328111649,-0.11015500128269196,0.9883419871330261,0,-0.093299001455307,-0.9905549883842468,-0.10047999769449234,0,0,12.017215728759766,0.170973002910614,1,0.995747983455658,-0.06739799678325653,-0.06280100345611572,0,0.05655800178647041,-0.0908529981970787,0.9942569732666016,0,-0.07271700352430344,-0.9935809969902039,-0.08665499836206436,0,-0.2789439857006073,14.738595008850098,0,1,0.9944609999656677,-0.1001340001821518,-0.031943000853061676,0,0.09111600369215012,0.6698229908943176,0.7369089722633362,0,-0.05239399895071983,-0.7357379794120789,0.6752369999885559,0,0.3595370054244995,11.803382873535156,0,1,-0.7638750076293945,-0.12405499815940857,0.6333289742469788,0,0.5766180157661438,-0.5719289779663086,0.5834460258483887,0,0.2898400127887726,0.8108689785003662,0.5084139704704285,0,16.968603134155273,-10.665969848632812,0.6005799770355225,1,0.9940580129623413,-0.013268000446259975,0.10804300010204315,0,0.07915099710226059,0.7694910168647766,-0.6337339878082275,0,-0.07472900301218033,0.6385189890861511,0.7659689784049988,0,0,64.08012390136719,0,1,0.9678030014038086,-0.0829320028424263,0.23765499889850616,0,-0.08151999861001968,0.790008008480072,0.6076520085334778,0,-0.23814399540424347,-0.6074609756469727,0.7578120231628418,0,0,55.26921844482422,0,1,0.9911059737205505,0,-0.13307499885559082,0,0.08389099687337875,0.7762690186500549,0.6247959733009338,0,0.103302001953125,-0.6304020285606384,0.7693639993667603,0,0,36.5555305480957,0,1,-0.9623029828071594,0.204925999045372,-0.17882399260997772,0,-0.27130401134490967,-0.6769790053367615,0.6841740012168884,0,0.019145000725984573,0.7068979740142822,0.7070559859275818,0,-16.968603134155273,-10.665969848632812,0.47241300344467163,1,0.9987670183181763,0.006390000227838755,-0.04923800006508827,0,-0.049651000648736954,0.13243600726127625,-0.9899470210075378,0,0.00019499979680404067,0.9911710023880005,0.13258999586105347,0,0,64.0646743774414,0,1,0.9705820083618164,0.18277500569820404,-0.15672999620437622,0,0.17471599578857422,-0.08675900101661682,0.9807890057563782,0,0.16566599905490875,-0.9793189764022827,-0.11614000052213669,0,0,55.258724212646484,0,1,0.9915429949760437,0,0.12978200614452362,0,-0.08115500211715698,0.7803720235824585,0.6200270056724548,0,-0.10127799957990646,-0.6253150105476379,0.7737720012664795,0,0,36.844871520996094,0,1
