2.100,30,62,41
B0,mixamorig_Hips,-1,0.5755583047866821,0.03180599957704544,0.8171421885490417,0,0.07538272440433502,0.9929251670837402,-0.09174449741840363,0,-0.8142784237861633,0.11440262198448181,0.5690886378288269,0,0.8334887027740479,143.36367797851562,-0.9106215238571167,1
B1,mixamorig_Spine,0,0.9999030232429504,0.012197731994092464,-0.006681751925498247,0,-0.011553488671779633,0.9959433078765869,0.08924156427383423,0,0.0077431583777070045,-0.08915556967258453,0.9959875345230103,0,0,19.21179962158203,-0.12080000340938568,1
B2,mixamorig_Spine1,1,0.9998144507408142,0.006447627209126949,-0.018160371109843254,0,-0.004889816977083683,0.9964085221290588,0.08453832566738129,0,0.018639802932739258,-0.08443383872509003,0.9962542653083801,0,0,22.414199829101562,0,1
B3,mixamorig_Spine2,2,0.9998684525489807,0.004650866147130728,-0.01556023396551609,0,-0.002386705484241247,0.9897951483726501,0.14247745275497437,0,0.01606420800089836,-0.14242145419120789,0.9896755814552307,0,0,25.616199493408203,0,1
B4,mixamorig_Neck,3,0.9952371120452881,0.00314156711101532,-0.09743420034646988,0,0.0019287856994196773,0.998650312423706,0.05190079286694527,0,0.09746495634317398,-0.05184151977300644,0.9938874244689941,0,0,28.818199157714844,0,1
B5,mixamorig_Head,4,0.7891991138458252,-0.09289182722568512,-0.6070708632469177,0,0.08867308497428894,0.9953718185424805,-0.03703176975250244,0,0.6077005863189697,-0.024605654180049896,0.793784499168396,0,0,24.81220054626465,-0.20800000429153442,1
B6,mixamorig_HeadTop_End,5,1,0,0,0,0,1,0,0,0,0,1,0,0,103.31420135498047,-0.8658999800682068,1
B7,mixamorig_LeftShoulder,3,0.4123977720737457,0.14201678335666656,-0.8998664617538452,0,0.8561877608299255,-0.3978891670703888,0.32958537340164185,0,-0.31124037504196167,-0.906374454498291,-0.28568175435066223,0,10.665499687194824,25.014400482177734,-0.09600000083446503,1
B8,mixamorig_LeftArm,7,0.8923654556274414,-0.0138443848118186,0.45110008120536804,0,-0.3072237968444824,0.713552713394165,0.6296479105949402,0,-0.33060064911842346,-0.7004649043083191,0.6324967741966248,0,0,22.733400344848633,0,1
B9,mixamorig_LeftForeArm,8,-0.009880625642836094,-0.2527984082698822,0.9674680829048157,0,-0.997715950012207,0.06714664399623871,0.007355839479714632,0,-0.06682193279266357,-0.9651859998703003,-0.2528846561908722,0,0,53.267799377441406,0,1
B10,mixamorig_LeftHand,9,0.957974374294281,0.15949195623397827,0.2384265661239624,0,-0.17013700306415558,0.9851130843162537,0.024615289643406868,0,-0.23095089197158813,-0.06414567679166794,0.9708483815193176,0,0,48.94649887084961,0,1
B11,mixamorig_LeftHandThumb1,10,0.8994519710540771,0.43620800971984863,-0.026605000719428062,0,-0.38725200295448303,0.823760986328125,0.4140689969062805,0,0.20253600180149078,-0.3621329963207245,0.9098567366600037,0,-7.220099925994873,5.92080020904541,0,1
B12,mixamorig_LeftHandThumb2,11,0.9775980114936829,-0.21027900278568268,-0.009171999990940094,0,0.21028299629688263,0.9738860130310059,0.08560075610876083,0,-0.009068000130355358,-0.08561199903488159,0.9962869882583618,0,-0.19339999556541443,7.467299938201904,0,1
B13,mixamorig_LeftHandThumb3,12,0.9275680184364319,0.36663100123405457,0.07210999727249146,0,-0.3113960027694702,0.8651469945907593,-0.3931330144405365,0,-0.20652100443840027,0.342202752828598,0.9166499972343445,0,-0.07540000230073929,10.21150016784668,0,1
B14,mixamorig_LeftHandThumb4,13,1,0,0,0,0,1,0,0,0,0,1,0,0.2687999904155731,8.708700180053711,0,1
B15,mixamorig_LeftHandIndex1,10,0.9830909967422485,0.11854899674654007,-0.13956275582313538,0,-0.05928599834442139,0.9271609783172607,0.3699429929256439,0,0.17325299978256226,-0.3554140031337738,0.9185119867324829,0,0,11.067999839782715,0.17139999568462372,1
B16,mixamorig_LeftHandIndex2,15,0.9998170137405396,0.01866699941456318,0.004228000063449144,0,-0.018432000651955605,0.8795830011367798,0.4753890037536621,0,0.00515575660392642,-0.475380003452301,0.8797659873962402,0,0.2676999866962433,15.237099647521973,0,1
B17,mixamorig_LeftHandIndex3,16,0.9965890049934387,0.08152899891138077,0.012763243168592453,0,-0.07773999869823456,0.8756639957427979,0.47662198543548584,0,0.027682000771164894,-0.4759880006313324,0.8790159821510315,0,-0.27320000529289246,11.754599571228027,0,1
B18,mixamorig_LeftHandIndex4,17,1,0,0,0,0,1,0,0,0,0,1,0,0.005499999970197678,9.809100151062012,0,1
B19,mixamorig_RightShoulder,3,0.36015236377716064,-0.16495002806186676,0.9181944131851196,0,-0.8956180214881897,-0.33657869696617126,0.29083141684532166,0,0.26107263565063477,-0.9270951151847839,-0.2689523696899414,0,-10.665499687194824,25.013500213623047,0.04820000007748604,1
B20,mixamorig_RightArm,19,0.8343473076820374,-0.5025383234024048,0.22653931379318237,0,0.31573328375816345,0.7725402116775513,0.5509018301963806,0,-0.451860249042511,-0.38811802864074707,0.8032350540161133,0,0,22.733400344848633,0,1
B21,mixamorig_RightForeArm,20,-0.1601659059524536,-0.8938570022583008,-0.41876840591430664,0,0.9688975811004639,-0.06129029020667076,-0.2397501915693283,0,0.18863636255264282,-0.4441435635089874,0.8758726119995117,0,0,53.26279830932617,0,1
B22,mixamorig_RightHand,21,0.9131004214286804,-0.4057671129703522,0.04001010209321976,0,0.39582422375679016,0.905694305896759,0.1517895758152008,0,-0.09782826900482178,-0.12276215106248856,0.9876020550727844,0,0,48.94879913330078,0,1
B23,mixamorig_RightHandThumb1,22,0.8531529903411865,-0.38036924600601196,0.3569999933242798,0,0.2542002499103546,0.9007369875907898,0.3522140085697174,0,-0.45553499460220337,-0.20974299311637878,0.8651570081710815,0,8.018799781799316,6.1006999015808105,0,1
B24,mixamorig_RightHandThumb2,23,0.9423530101776123,0.3344619870185852,-0.01028599962592125,0,-0.3313649892807007,0.9370219707489014,0.11039499938488007,0,0.046560999006032944,-0.1006229966878891,0.9938349723815918,0,1.1370999813079834,7.980000019073486,0,1
B25,mixamorig_RightHandThumb3,24,0.9899830222129822,0.1218309998512268,-0.0713450014591217,0,-0.13113300502300262,0.9807180166244507,-0.14489899575710297,0,0.05231599882245064,0.15280300378799438,0.9868710041046143,0,1.0223000049591064,9.384200096130371,0,1
B26,mixamorig_RightHandThumb4,25,1,0,0,0,0,1,0,0,0,0,1,0,-2.1594998836517334,7.527200222015381,0,1
B27,mixamorig_RightHandIndex1,22,0.9980559945106506,0.062223758548498154,0.0036069999914616346,0,-0.06219499930739403,0.9904749989509583,0.1228492483496666,0,0.004071999806910753,-0.12283500283956528,0.9924190044403076,0,0,12.017200469970703,0.17100000381469727,1
B28,mixamorig_RightHandIndex2,27,0.9997109770774841,0.023963000625371933,0.0018710000440478325,0,-0.023855000734329224,0.9796800017356873,0.1991417557001114,0,0.002939000027254224,-0.19912900030612946,0.9799690246582031,0,-0.27889999747276306,14.73859977722168,0,1
B29,mixamorig_RightHandIndex3,28,0.9939370155334473,-0.10749699920415878,-0.023111000657081604,0,0.10244899988174438,0.8290870189666748,0.5496540069580078,0,-0.03992500156164169,-0.5486890077590942,0.8350729942321777,0,0.359499990940094,11.803400039672852,0,1
B30,mixamorig_RightHandIndex4,29,1,0,0,0,0,1,0,0,0,0,1,0,-0.08060000091791153,9.22070026397705,0,1
B31,mixamorig_LeftUpLeg,0,-0.9233843684196472,-0.22139780223369598,0.3135988414287567,0,0.3117526173591614,-0.9091688990592957,0.2760835289955139,0,0.22399038076400757,0.35269662737846375,0.9085333943367004,0,16.968599319458008,-10.666000366210938,0.600600004196167,1
B32,mixamorig_LeftLeg,31,0.9669662714004517,0.033481720834970474,0.2526947259902954,0,0.11414902657270432,0.8295027017593384,-0.5467133522033691,0,-0.2279161512851715,0.5574982166290283,0.798279345035553,0,0,64.0801010131836,0,1
B33,mixamorig_LeftFoot,32,0.9640201330184937,-0.1006402000784874,0.24604280292987823,0,-0.1399587243795395,0.5947388410568237,0.7916425466537476,0,-0.226002499461174,-0.7975946068763733,0.5592547655105591,0,0,55.26919937133789,0,1
B34,mixamorig_LeftToeBase,33,0.991104006767273,0.0029869999270886183,-0.13305500149726868,0,0.08203399926424026,0.7735357880592346,0.6284212470054626,0,0.10480000078678131,-0.6337460279464722,0.7664089798927307,0,0,36.55550003051758,0,1
B35,mixamorig_LeftToe_End,34,1,0,0,0,0,1,0,0,0,0,1,0,0,13.579999923706055,0,1
B36,mixamorig_RightUpLeg,0,-0.8653874397277832,0.28502213954925537,-0.41214901208877563,0,-0.38269805908203125,-0.9068767428398132,0.1763974130153656,0,-0.32349124550819397,0.31038087606430054,0.8938776850700378,0,-16.968599319458008,-10.666000366210938,0.4724000096321106,1
B37,mixamorig_RightLeg,36,0.9987766742706299,-0.01448999997228384,-0.047283902764320374,0,-0.022149289026856422,0.7237985134124756,-0.6896559596061707,0,0.04421712085604668,0.6898589730262756,0.7225921750068665,0,0,64.064697265625,0,1
B38,mixamorig_RightFoot,37,0.9678972959518433,0.19534751772880554,-0.15815821290016174,0,0.08005624264478683,0.3568730652332306,0.9307164549827576,0,0.23825524747371674,-0.9134992957115173,0.3297775685787201,0,0,55.25870132446289,0,1
B39,mixamorig_RightToeBase,38,0.9908459782600403,0.06487394124269485,0.11838427186012268,0,-0.12141397595405579,0.8116042017936707,0.5714516043663025,0,-0.05900878086686134,-0.5805945992469788,0.8120514154434204,0,0,36.84489822387695,0,1
B40,mixamorig_RightToe_End,39,1,0,0,0,0,1,0,0,0,0,1,0,0,13.57919979095459,0,1
@34,0,1,2,3,4,5,7,8,9,10,11,12,13,15,16,17,19,20,21,22,23,24,25,27,28,29,31,32,33,34,36,37,38,39
K0.000,0.575518012046814,0.03178400173783302,0.8171709775924683,0,0.07081600278615952,0.9935539960861206,-0.08851899951696396,0,-0.8147169947624207,0.10881300270557404,0.5695580244064331,0,0.7585629820823669,143.5260009765625,-0.8540099859237671,1,0.9999039769172668,0.011908000335097313,-0.007153999991714954,0,-0.011251999996602535,0.9962620139122009,0.08564800024032593,0,0.008147000335156918,-0.08555900305509567,0.9962999820709229,0,0,19.21179962158203,-0.12080000340938568,1,0.9997950196266174,0.006998000200837851,-0.01899299956858158,0,-0.005350999999791384,0.996330976486206,0.08541300147771835,0,0.019520999863743782,-0.08529400080442429,0.9961649775505066,0,0,22.414199829101562,0,1,0.9998360276222229,0.0033400000538676977,-0.017789000645279884,0,-0.0006910000229254365,0.9891560077667236,0.14686700701713562,0,0.018086999654769897,-0.14683100581169128,0.9889960289001465,0,0,25.616199493408203,0,1,0.9952679872512817,0.0016830000095069408,-0.09715300053358078,0,0.003215000033378601,0.9987319707870483,0.05024300143122673,0,0.09711399674415588,-0.050317998975515366,0.9940000176429749,0,0,28.818199157714844,0,1,0.7901340126991272,-0.10282900184392929,-0.604246973991394,0,0.1017799973487854,0.9941520094871521,-0.036090001463890076,0,0.604423999786377,-0.03298399969935417,0.7959799766540527,0,0,24.81220054626465,-0.20800000429153442,1,0.4078670144081116,0.14482200145721436,-0.9014829993247986,0,0.8537269830703735,-0.41055500507354736,0.3203049898147583,0,-0.3237209916114807,-0.9002619981765747,-0.2910900115966797,0,10.665499687194824,25.014400482177734,-0.09600000083446503,1,0.8884570002555847,-0.002432999899610877,0.45895400643348694,0,-0.3192879855632782,0.7150689959526062,0.6218780279159546,0,-0.32969599962234497,-0.6990500092506409,0.6345310211181641,0,0,22.733400344848633,0,1,-0.008875000290572643,-0.24098199605941772,0.9704890251159668,0,-0.9977759718894958,0.06624700129032135,0.007325000129640102,0,-0.06605800241231918,-0.9682660102844238,-0.24103400111198425,0,0,53.267799377441406,0,1,0.9589849710464478,0.1533990055322647,0.23836299777030945,0,-0.163455992937088,0.9862849712371826,0.02289400063455105,0,-0.23158200085163116,-0.060917001217603683,0.9709060192108154,0,0,48.94649887084961,0,1,0.8994519710540771,0.43620800971984863,-0.026605000719428062,0,-0.38725200295448303,0.823760986328125,0.4140689969062805,0,0.20253600180149078,-0.3621329963207245,0.9098560214042664,0,-7.220099925994873,5.92080020904541,0,1,0.9775980114936829,-0.21027900278568268,-0.009171999990940094,0,0.21028299629688263,0.9738860130310059,0.08560000360012054,0,-0.009068000130355358,-0.08561199903488159,0.9962869882583618,0,-0.19339999556541443,7.467299938201904,0,1,0.9275680184364319,0.36663100123405457,0.07211100310087204,0,-0.31139498949050903,0.8651469945907593,-0.3931330144405365,0,-0.20652100443840027,0.3422029912471771,0.9166499972343445,0,-0.07540000230073929,10.21150016784668,0,1,0.9830909967422485,0.11854899674654007,-0.1395619958639145,0,-0.05928599834442139,0.9271609783172607,0.3699429929256439,0,0.17325299978256226,-0.3554140031337738,0.9185119867324829,0,0,11.067999839782715,0.17139999568462372,1,0.9998170137405396,0.01866699941456318,0.004228000063449144,0,-0.018432000651955605,0.8795830011367798,0.4753890037536621,0,0.005156000144779682,-0.47537899017333984,0.8797659873962402,0,0.2676999866962433,15.237099647521973,0,1,0.9965890049934387,0.08152899891138077,0.012763000093400478,0,-0.07773999869823456,0.8756639957427979,0.47662198543548584,0,0.027682000771164894,-0.4759880006313324,0.8790159821510315,0,-0.27320000529289246,11.754599571228027,0,1,0.35150501132011414,-0.1690019965171814,0.9208059906959534,0,-0.8946670293807983,-0.3503049910068512,0.27723199129104614,0,0.27570998668670654,-0.9212620258331299,-0.27433401346206665,0,-10.665499687194824,25.013500213623047,0.04820000007748604,1,0.8371549844741821,-0.5012930035591125,0.21880699694156647,0,0.3188979923725128,0.7723429799079895,0.5493540167808533,0,-0.4443809986114502,-0.3901180028915405,0.8064320087432861,0,0,22.733400344848633,0,1,-0.16097299754619598,-0.8938159942626953,-0.4185450077056885,0,0.9688019752502441,-0.06212899833917618,-0.23992399871349335,0,0.18844400346279144,-0.4441089928150177,0.875931978225708,0,0,53.26279830932617,0,1,0.9132750034332275,-0.4044559895992279,0.04841500148177147,0,0.39145299792289734,0.9043009877204895,0.170305997133255,0,-0.11266200244426727,-0.13658399879932404,0.9842010140419006,0,0,48.94879913330078,0,1,0.8531529903411865,-0.38036900758743286,0.3569999933242798,0,0.2542009949684143,0.9007369875907898,0.3522140085697174,0,-0.45553499460220337,-0.20974299311637878,0.8651570081710815,0,8.018799781799316,6.1006999015808105,0,1,0.9423530101776123,0.3344619870185852,-0.01028599962592125,0,-0.3313649892807007,0.9370219707489014,0.11039499938488007,0,0.04656200110912323,-0.1006229966878891,0.9938349723815918,0,1.1370999813079834,7.980000019073486,0,1,0.9899830222129822,0.1218309998512268,-0.0713450014591217,0,-0.13113300502300262,0.9807180166244507,-0.14489899575710297,0,0.05231599882245064,0.15280400216579437,0.9868710041046143,0,1.0223000049591064,9.384200096130371,0,1,0.9980559945106506,0.06222299858927727,0.0036069999914616346,0,-0.06219499930739403,0.9904749989509583,0.1228490024805069,0,0.0040710000321269035,-0.12283500283956528,0.9924190044403076,0,0,12.017200469970703,0.17100000381469727,1,0.9997109770774841,0.023963000625371933,0.0018710000440478325,0,-0.023855000734329224,0.9796800017356873,0.1991409957408905,0,0.002939000027254224,-0.19912800192832947,0.9799690246582031,0,-0.27889999747276306,14.73859977722168,0,1,0.9939370155334473,-0.10749699920415878,-0.023111000657081604,0,0.10244899988174438,0.8290870189666748,0.5496540069580078,0,-0.03992500156164169,-0.5486890077590942,0.8350729942321777,0,0.359499990940094,11.803400039672852,0,1,-0.9237300157546997,-0.21981200575828552,0.3136970102787018,0,0.31053099036216736,-0.9092159867286682,0.2773039937019348,0,0.224262997508049,0.3535670042037964,0.908128023147583,0,16.968599319458008,-10.666000366210938,0.600600004196167,1,0.9665259718894958,0.03189300000667572,0.25457799434661865,0,0.11463099718093872,0.8340209722518921,-0.5396929979324341,0,-0.2295359969139099,0.5508099794387817,0.8024470210075378,0,0,64.0801010131836,0,1,0.9641289710998535,-0.0987899973988533,0.24636399745941162,0,-0.14048999547958374,0.5975639820098877,0.789417028427124,0,-0.22520500421524048,-0.7957119941711426,0.562250018119812,0,0,55.26919937133789,0,1,0.991104006767273,0.002985999919474125,-0.1330540031194687,0,0.08203300088644028,0.7735379934310913,0.6284189820289612,0,0.10479900240898132,-0.6337429881095886,0.7664120197296143,0,0,36.55550003051758,0,1,-0.865863025188446,0.28286001086235046,-0.4126400053501129,0,-0.3813599944114685,-0.9070370197296143,0.17846199870109558,0,-0.3237999975681305,0.3118880093097687,0.8932409882545471,0,-16.968599319458008,-10.666000366210938,0.4724000096321106,1,0.9987059831619263,-0.014504999853670597,-0.04874899983406067,0,-0.022836999967694283,0.7285450100898743,-0.6846169829368591,0,0.0454460009932518,0.6848440170288086,0.7272710204124451,0,0,64.064697265625,0,1,0.9679629802703857,0.1946299970149994,-0.1586409956216812,0,0.07995299994945526,0.36000800132751465,0.9295169711112976,0,0.23802399635314941,-0.9124220013618469,0.33291301131248474,0,0,55.25870132446289,0,1,0.9908459782600403,0.06487400084733963,0.11838600039482117,0,-0.12141499668359756,0.811601996421814,0.5714539885520935,0,-0.05900999903678894,-0.5805969834327698,0.8120499849319458,0,0,36.84489822387695,0,1
K0.033,0.5755569934844971,0.031794000416994095,0.8171430230140686,0,0.07132800668478012,0.9934840202331543,-0.08889500796794891,0,-0.814644992351532,0.10945000499486923,0.5695390105247498,0,0.7623940706253052,143.51104736328125,-0.856963038444519,1,0.9999030232429504,0.011944999918341637,-0.007116999477148056,0,-0.011289999820291996,0.9962440133094788,0.08584900200366974,0,0.008116000331938267,-0.08575999736785889,0.9962829947471619,0,0,19.21179962158203,-0.12080000340938568,1,0.9997979998588562,0.006778998300433159,-0.018928000703454018,0,-0.005144997965544462,0.9963579773902893,0.08511800318956375,0,0.019435998052358627,-0.08500300347805023,0.9961910247802734,0,0,22.414199829101562,0,1,0.9998419880867004,0.0036310027353465557,-0.017402995377779007,0,-0.0010530033614486456,0.9892969727516174,0.14590898156166077,0,0.017746996134519577,-0.1458679884672165,0.9891449809074402,0,0,25.616199493408203,0,1,0.9952690005302429,0.002074003219604492,-0.09713699668645859,0,0.0028509970288723707,0.9987180233001709,0.05053100362420082,0,0.09711799770593643,-0.05056900531053543,0.9939870238304138,0,0,28.818199157714844,0,1,0.7898179888725281,-0.10131298750638962,-0.604915976524353,0,0.1005839854478836,0.9943060278892517,-0.03519999608397484,0,0.6050369739532471,-0.03304299712181091,0.79551100730896,0,0,24.81220054626465,-0.20800000429153442,1,0.4085240066051483,0.14432400465011597,-0.901265025138855,0,0.85418301820755,-0.4084499776363373,0.32177600264549255,0,-0.3216819763183594,-0.901298999786377,-0.2901409864425659,0,10.665499687194824,25.014400482177734,-0.09600000083446503,1,0.8893769979476929,-0.004305017646402121,0.45715397596359253,0,-0.31703197956085205,0.7146580219268799,0.6235020160675049,0,-0.3293929994106293,-0.6994609832763672,0.6342359781265259,0,0,22.733400344848633,0,1,-0.009104002267122269,-0.2430560141801834,0.9699689745903015,0,-0.9977520108222961,0.06661099940538406,0.007325999904423952,0,-0.0663909986615181,-0.9677219986915588,-0.24311602115631104,0,0,53.267799377441406,0,1,0.9588900208473206,0.15442101657390594,0.23808500170707703,0,-0.16459400951862335,0.9860849976539612,0.02333400398492813,0,-0.23116900026798248,-0.061562009155750275,0.9709640145301819,0,0,48.94649887084961,0,1,0.8994519710540771,0.43620800971984863,-0.026605000719428062,0,-0.38725200295448303,0.823760986328125,0.4140689969062805,0,0.20253600180149078,-0.3621329963207245,0.9098560214042664,0,-7.220099925994873,5.92080020904541,0,1,0.9775980114936829,-0.21027900278568268,-0.009171999990940094,0,0.21028299629688263,0.9738860130310059,0.08560100197792053,0,-0.009068000130355358,-0.08561199903488159,0.9962869882583618,0,-0.19339999556541443,7.467299938201904,0,1,0.9275680184364319,0.36663100123405457,0.07210999727249146,0,-0.31139498949050903,0.8651469945907593,-0.3931330144405365,0,-0.20652100443840027,0.3422029912471771,0.9166499972343445,0,-0.07540000230073929,10.21150016784668,0,1,0.9830909967422485,0.11854899674654007,-0.1395619958639145,0,-0.05928599834442139,0.9271609783172607,0.3699429929256439,0,0.17325299978256226,-0.3554140031337738,0.9185119867324829,0,0,11.067999839782715,0.17139999568462372,1,0.9998170137405396,0.01866699941456318,0.004228000063449144,0,-0.018432000651955605,0.8795830011367798,0.4753890037536621,0,0.005156000144779682,-0.475380003452301,0.8797659873962402,0,0.2676999866962433,15.237099647521973,0,1,0.9965890049934387,0.08152899891138077,0.012763000093400478,0,-0.07773999869823456,0.8756639957427979,0.47662198543548584,0,0.027682000771164894,-0.4759880006313324,0.8790159821510315,0,-0.27320000529289246,11.754599571228027,0,1,0.35374903678894043,-0.16816100478172302,0.9200999736785889,0,-0.8946359753608704,-0.34786897897720337,0.2803810238838196,0,0.2729249596595764,-0.9223390221595764,-0.2735010087490082,0,-10.665499687194824,25.013500213623047,0.04820000007748604,1,0.8372250199317932,-0.5004609823226929,0.22043901681900024,0,0.3168880045413971,0.772508978843689,0.5502830147743225,0,-0.445686012506485,-0.390855997800827,0.8053539991378784,0,0,22.733400344848633,0,1,-0.1611029952764511,-0.8936970233917236,-0.41874900460243225,0,0.9688019752502441,-0.0622359998524189,-0.2398959994316101,0,0.18833300471305847,-0.4443329870700836,0.8758419752120972,0,0,53.26279830932617,0,1,0.9130970239639282,-0.40498000383377075,0.047375988215208054,0,0.39245399832725525,0.9044259786605835,0.16731196641921997,0,-0.11060697585344315,-0.1341799795627594,0.9847649931907654,0,0,48.94879913330078,0,1,0.8531529903411865,-0.38036900758743286,0.3569999933242798,0,0.2542000114917755,0.9007369875907898,0.3522140085697174,0,-0.45553499460220337,-0.20974299311637878,0.8651570081710815,0,8.018799781799316,6.1006999015808105,0,1,0.9423530101776123,0.3344630002975464,-0.01028599962592125,0,-0.33136600255966187,0.9370219707489014,0.11039499938488007,0,0.046560999006032944,-0.10062199831008911,0.9938349723815918,0,1.1370999813079834,7.980000019073486,0,1,0.9899830222129822,0.12183000147342682,-0.0713450014591217,0,-0.13113300502300262,0.9807180166244507,-0.14489899575710297,0,0.05231599882245064,0.15280400216579437,0.9868710041046143,0,1.0223000049591064,9.384200096130371,0,1,0.9980559945106506,0.062224000692367554,0.0036069999914616346,0,-0.06219499930739403,0.9904749989509583,0.1228490024805069,0,0.0040710000321269035,-0.12283500283956528,0.9924190044403076,0,0,12.017200469970703,0.17100000381469727,1,0.9997109770774841,0.023963000625371933,0.0018710000440478325,0,-0.02385599911212921,0.9796800017356873,0.1991419941186905,0,0.002939000027254224,-0.19912900030612946,0.9799690246582031,0,-0.27889999747276306,14.73859977722168,0,1,0.9939370155334473,-0.10749699920415878,-0.023110000416636467,0,0.10244899988174438,0.8290870189666748,0.5496540069580078,0,-0.03992599993944168,-0.5486890077590942,0.8350729942321777,0,0.359499990940094,11.803400039672852,0,1,-0.9236940145492554,-0.21998600661754608,0.3136799931526184,0,0.3106360137462616,-0.9092530012130737,0.2770650088787079,0,0.224263995885849,0.3533630073070526,0.9082069993019104,0,16.968599319458008,-10.666000366210938,0.600600004196167,1,0.9665830135345459,0.03201799839735031,0.2543480098247528,0,0.11457999795675278,0.8335899710655212,-0.5403689742088318,0,-0.22932299971580505,0.551455020904541,0.8020650148391724,0,0,64.0801010131836,0,1,0.9641180038452148,-0.09898100048303604,0.24632999300956726,0,-0.14043599367141724,0.5972660183906555,0.7896530032157898,0,-0.22528499364852905,-0.7959120273590088,0.5619339942932129,0,0,55.26919937133789,0,1,0.991104006767273,0.0029869999270886183,-0.13305500149726868,0,0.08203399926424026,0.7735360264778137,0.6284210085868835,0,0.10480000078678131,-0.633745014667511,0.7664099931716919,0,0,36.55550003051758,0,1,-0.8657960295677185,0.283145010471344,-0.41258499026298523,0,-0.38150399923324585,-0.9070490002632141,0.17809200286865234,0,-0.3238089978694916,0.31159400939941406,0.893339991569519,0,-16.968599319458008,-10.666000366210938,0.4724000096321106,1,0.9987120032310486,-0.014504999853670597,-0.048618998378515244,0,-0.02277499996125698,0.728115975856781,-0.6850749850273132,0,0.045336998999118805,0.6852999925613403,0.7268480062484741,0,0,64.064697265625,0,1,0.9679520130157471,0.1947299987077713,-0.15858300030231476,0,0.07994599640369415,0.3596850037574768,0.9296429753303528,0,0.23806999623775482,-0.9125279784202576,0.3325900137424469,0,0,55.25870132446289,0,1,0.9908459782600403,0.06487499922513962,0.11838500201702118,0,-0.12141499668359756,0.8116040229797363,0.5714529752731323,0,-0.05900900065898895,-0.5805950164794922,0.812050998210907,0,0,36.84489822387695,0,1
K0.067,0.5755919814109802,0.03180199861526489,0.8171190023422241,0,0.07187699526548386,0.9934080243110657,-0.08929499238729477,0,-0.8145719766616821,0.11012998968362808,0.5695120096206665,0,0.7682799696922302,143.4913787841797,-0.8614539504051208,1,0.9999030232429504,0.011981000192463398,-0.007066000252962112,0,-0.011327999643981457,0.9962170124053955,0.08615399897098541,0,0.008070999756455421,-0.08606500178575516,0.9962570071220398,0,0,19.21179962158203,-0.12080000340938568,1,0.999800980091095,0.006598001811653376,-0.018837999552488327,0,-0.004977001808583736,0.9963819980621338,0.08484599739313126,0,0.01933000236749649,-0.08473599702119827,0.9962159991264343,0,0,22.414199829101562,0,1,0.9998469948768616,0.0039019971154630184,-0.017024002969264984,0,-0.0013919966295361519,0.9894279837608337,0.14502102136611938,0,0.017410004511475563,-0.14497502148151398,0.9892820119857788,0,0,25.616199493408203,0,1,0.9952719807624817,0.0024059966672211885,-0.09709999710321426,0,0.002542003057897091,0.9987059831619263,0.050797995179891586,0,0.09709600359201431,-0.05080399662256241,0.9939770102500916,0,0,28.818199157714844,0,1,0.7895309925079346,-0.09979301691055298,-0.6055430173873901,0,0.099124014377594,0.9944720268249512,-0.034647002816200256,0,0.6056529879570007,-0.032669004052877426,0.795058012008667,0,0,24.81220054626465,-0.20800000429153442,1,0.4091320037841797,0.14385299384593964,-0.9010649919509888,0,0.8546159863471985,-0.4064520299434662,0.32315298914909363,0,-0.3197530210018158,-0.9022769927978516,-0.28923100233078003,0,10.665499687194824,25.014400482177734,-0.09600000083446503,1,0.8901910185813904,-0.0060819825157523155,0.4555480182170868,0,-0.31495201587677,0.7142800092697144,0.624987006187439,0,-0.3291899859905243,-0.6998329758644104,0.6339300274848938,0,0,22.733400344848633,0,1,-0.009321997873485088,-0.24498598277568817,0.9694820046424866,0,-0.9977290034294128,0.0669580027461052,0.007325999904423952,0,-0.0667089968919754,-0.9672120213508606,-0.2450539916753769,0,0,53.267799377441406,0,1,0.9587799906730652,0.15535898506641388,0.2379170060157776,0,-0.16564898192882538,0.9858989715576172,0.02375899627804756,0,-0.23087100684642792,-0.062189992517232895,0.9709950089454651,0,0,48.94649887084961,0,1,0.8994519710540771,0.43620800971984863,-0.026605000719428062,0,-0.38725200295448303,0.823760986328125,0.4140689969062805,0,0.20253600180149078,-0.3621329963207245,0.9098560214042664,0,-7.220099925994873,5.92080020904541,0,1,0.9775980114936829,-0.21027900278568268,-0.009171999990940094,0,0.21028299629688263,0.9738860130310059,0.08560100197792053,0,-0.009068000130355358,-0.08561199903488159,0.9962869882583618,0,-0.19339999556541443,7.467299938201904,0,1,0.9275680184364319,0.36663100123405457,0.07211100310087204,0,-0.31139498949050903,0.8651469945907593,-0.3931330144405365,0,-0.20652100443840027,0.3422029912471771,0.9166499972343445,0,-0.07540000230073929,10.21150016784668,0,1,0.9830909967422485,0.11854899674654007,-0.1395619958639145,0,-0.05928599834442139,0.9271609783172607,0.3699429929256439,0,0.17325299978256226,-0.3554140031337738,0.9185119867324829,0,0,11.067999839782715,0.17139999568462372,1,0.9998170137405396,0.01866699941456318,0.004228000063449144,0,-0.018432000651955605,0.8795830011367798,0.4753890037536621,0,0.005156000144779682,-0.475380003452301,0.8797659873962402,0,0.2676999866962433,15.237099647521973,0,1,0.9965890049934387,0.08152899891138077,0.012763000093400478,0,-0.07773999869823456,0.8756639957427979,0.47662198543548584,0,0.027682000771164894,-0.4759880006313324,0.8790159821510315,0,-0.27320000529289246,11.754599571228027,0,1,0.3554139733314514,-0.16746200621128082,0.9195860028266907,0,-0.8947659730911255,-0.3454790413379669,0.28290796279907227,0,0.2703220248222351,-0.923363983631134,-0.27262699604034424,0,-10.665499687194824,25.013500213623047,0.04820000007748604,1,0.8369719982147217,-0.5002760291099548,0.22181399166584015,0,0.3156459927558899,0.7724329829216003,0.5511040091514587,0,-0.44703999161720276,-0.39124399423599243,0.8044149875640869,0,0,22.733400344848633,0,1,-0.16093699634075165,-0.8937190175056458,-0.4187670052051544,0,0.9688180088996887,-0.062063999474048615,-0.239873006939888,0,0.18838900327682495,-0.44431400299072266,0.8758389949798584,0,0,53.26279830932617,0,1,0.9129599928855896,-0.4054340124130249,0.046121012419462204,0,0.39338698983192444,0.904541015625,0.1644730269908905,0,-0.10840102285146713,-0.13201402127742767,0.9853029847145081,0,0,48.94879913330078,0,1,0.8531529903411865,-0.38036900758743286,0.3569999933242798,0,0.2542009949684143,0.9007369875907898,0.3522140085697174,0,-0.45553499460220337,-0.20974299311637878,0.8651570081710815,0,8.018799781799316,6.1006999015808105,0,1,0.9423530101776123,0.3344630002975464,-0.01028599962592125,0,-0.33136600255966187,0.9370219707489014,0.11039499938488007,0,0.046560999006032944,-0.1006229966878891,0.9938349723815918,0,1.1370999813079834,7.980000019073486,0,1,0.9899830222129822,0.1218309998512268,-0.0713450014591217,0,-0.13113300502300262,0.9807180166244507,-0.14489899575710297,0,0.05231599882245064,0.15280300378799438,0.9868710041046143,0,1.0223000049591064,9.384200096130371,0,1,0.9980559945106506,0.062224000692367554,0.0036069999914616346,0,-0.06219499930739403,0.9904749989509583,0.1228490024805069,0,0.004071999806910753,-0.12283500283956528,0.9924190044403076,0,0,12.017200469970703,0.17100000381469727,1,0.9997109770774841,0.023963000625371933,0.0018710000440478325,0,-0.023855000734329224,0.9796800017356873,0.1991419941186905,0,0.002939000027254224,-0.19912900030612946,0.9799690246582031,0,-0.27889999747276306,14.73859977722168,0,1,0.9939370155334473,-0.10749699920415878,-0.023111000657081604,0,0.10244899988174438,0.8290870189666748,0.5496540069580078,0,-0.03992500156164169,-0.5486890077590942,0.8350729942321777,0,0.359499990940094,11.803400039672852,0,1,-0.9236549735069275,-0.2201720029115677,0.3136659860610962,0,0.3107750117778778,-0.9092530012130737,0.2769089937210083,0,0.22423399984836578,0.3532480001449585,0.9082589745521545,0,16.968599319458008,-10.666000366210938,0.600600004196167,1,0.9666450023651123,0.03220300003886223,0.2540859878063202,0,0.11451800167560577,0.8330259919166565,-0.5412520170211792,0,-0.22909000515937805,0.552295982837677,0.8015530109405518,0,0,64.0801010131836,0,1,0.9641050100326538,-0.09922599792480469,0.24628600478172302,0,-0.14036500453948975,0.5968890190124512,0.7899500131607056,0,-0.2253890037536621,-0.7961639761924744,0.5615360140800476,0,0,55.26919937133789,0,1,0.9911050200462341,0.0029849999118596315,-0.1330520063638687,0,0.08203300088644028,0.7735369801521301,0.6284189820289612,0,0.10479699820280075,-0.6337440013885498,0.7664120197296143,0,0,36.55550003051758,0,1,-0.8657310009002686,0.2834329903125763,-0.41252401471138,0,-0.38167598843574524,-0.9070349931716919,0.17779600620269775,0,-0.32378101348876953,0.3113740086555481,0.8934270143508911,0,-16.968599319458008,-10.666000366210938,0.4724000096321106,1,0.9987189769744873,-0.014525000005960464,-0.04846100136637688,0,-0.022691000252962112,0.7275369763374329,-0.6856930255889893,0,0.04521699994802475,0.6859139800071716,0.7262759804725647,0,0,64.064697265625,0,1,0.9679399728775024,0.19484899938106537,-0.1585109978914261,0,0.07994399964809418,0.35927098989486694,0.9298030138015747,0,0.23812000453472137,-0.9126650094985962,0.33217599987983704,0,0,55.25870132446289,0,1,0.9908459782600403,0.06487800180912018,0.11838199943304062,0,-0.12141499668359756,0.8116090297698975,0.5714439749717712,0,-0.05900600180029869,-0.5805870294570923,0.8120570182800293,0,0,36.84489822387695,0,1
K0.100,0.5756070017814636,0.03180700168013573,0.8171070218086243,0,0.07247000187635422,0.9933270215988159,-0.08971700072288513,0,-0.8145089745521545,0.1108580008149147,0.5694609880447388,0,0.7764869928359985,143.47000122070312,-0.8676270246505737,1,0.9999030232429504,0.012024999596178532,-0.007009000051766634,0,-0.011373000219464302,0.9961820244789124,0.08656100183725357,0,0.008023999631404877,-0.0864730030298233,0.9962220191955566,0,0,19.21179962158203,-0.12080000340938568,1,0.9998030066490173,0.006467999890446663,-0.0187389999628067,0,-0.004860000219196081,0.9964010119438171,0.08462800085544586,0,0.01921899989247322,-0.08452100306749344,0.9962360262870789,0,0,22.414199829101562,0,1,0.9998530149459839,0.004137000069022179,-0.016666999086737633,0,-0.0016899999463930726,0.9895409941673279,0.14423899352550507,0,0.017090000212192535,-0.1441890001296997,0.9894030094146729,0,0,25.616199493408203,0,1,0.9952710270881653,0.002672000089660287,-0.09710299968719482,0,0.0023010000586509705,0.9986929893493652,0.051065001636743546,0,0.09711199998855591,-0.05104599893093109,0.9939640164375305,0,0,28.818199157714844,0,1,0.7893210053443909,-0.09830799698829651,-0.6060600280761719,0,0.09740000218153,0.9946479797363281,-0.034487999975681305,0,0.6062059998512268,-0.031808000057935715,0.7946709990501404,0,0,24.81220054626465,-0.20800000429153442,1,0.4097749888896942,0.14340899884700775,-0.9008430242538452,0,0.8549950122833252,-0.4045659899711609,0.3245150148868561,0,-0.3179120123386383,-0.903194010257721,-0.2883949875831604,0,10.665499687194824,25.014400482177734,-0.09600000083446503,1,0.8908860087394714,-0.007807999849319458,0.4541589915752411,0,-0.31301799416542053,0.7139829993247986,0.6262969970703125,0,-0.32915198802948,-0.7001190185546875,0.6336339712142944,0,0,22.733400344848633,0,1,-0.009495999664068222,-0.2464659959077835,0.9691050052642822,0,-0.9977099895477295,0.06724300235509872,0.007325000129640102,0,-0.06697099655866623,-0.9668160080909729,-0.24653999507427216,0,0,53.267799377441406,0,1,0.9585700035095215,0.15623800456523895,0.23818500339984894,0,-0.16665400564670563,0.9857209920883179,0.024109000340104103,0,-0.23101800680160522,-0.06280399858951569,0.9709200263023376,0,0,48.94649887084961,0,1,0.8994519710540771,0.43620800971984863,-0.026605000719428062,0,-0.38725200295448303,0.823760986328125,0.4140689969062805,0,0.20253600180149078,-0.3621329963207245,0.9098560214042664,0,-7.220099925994873,5.92080020904541,0,1,0.9775980114936829,-0.21027900278568268,-0.009171999990940094,0,0.21028299629688263,0.9738860130310059,0.08560000360012054,0,-0.009068000130355358,-0.08561199903488159,0.9962869882583618,0,-0.19339999556541443,7.467299938201904,0,1,0.9275680184364319,0.36663100123405457,0.07210999727249146,0,-0.31139498949050903,0.8651469945907593,-0.3931330144405365,0,-0.20652100443840027,0.3422029912471771,0.9166499972343445,0,-0.07540000230073929,10.21150016784668,0,1,0.9830909967422485,0.11854899674654007,-0.1395619958639145,0,-0.05928599834442139,0.9271609783172607,0.3699429929256439,0,0.17325299978256226,-0.3554140031337738,0.9185119867324829,0,0,11.067999839782715,0.17139999568462372,1,0.9998170137405396,0.01866699941456318,0.004228000063449144,0,-0.018432000651955605,0.8795830011367798,0.4753890037536621,0,0.005154999904334545,-0.475380003452301,0.8797659873962402,0,0.2676999866962433,15.237099647521973,0,1,0.9965890049934387,0.08152899891138077,0.012763000093400478,0,-0.07773999869823456,0.8756639957427979,0.47662198543548584,0,0.027682000771164894,-0.4759880006313324,0.8790159821510315,0,-0.27320000529289246,11.754599571228027,0,1,0.35680198669433594,-0.16692499816417694,0.9191449880599976,0,-0.8950039744377136,-0.3430269956588745,0.2851339876651764,0,0.26769599318504333,-0.9243749976158142,-0.271791011095047,0,-10.665499687194824,25.013500213623047,0.04820000007748604,1,0.8365859985351562,-0.5004550218582153,0.22286300361156464,0,0.3149009943008423,0.7721740007400513,0.5518919825553894,0,-0.4482859969139099,-0.391525000333786,0.8035839796066284,0,0,22.733400344848633,0,1,-0.16067199409008026,-0.8936970233917236,-0.4189159870147705,0,0.9688429832458496,-0.06175199896097183,-0.23985299468040466,0,0.1884869933128357,-0.44440099596977234,0.8757740259170532,0,0,53.26279830932617,0,1,0.9128180146217346,-0.4058719873428345,0.04506000131368637,0,0.39424601197242737,0.9046400189399719,0.16185399889945984,0,-0.106454998254776,-0.1299780011177063,0.9857850074768066,0,0,48.94879913330078,0,1,0.8531529903411865,-0.38036900758743286,0.3569999933242798,0,0.2542009949684143,0.9007369875907898,0.3522140085697174,0,-0.45553499460220337,-0.20974299311637878,0.8651570081710815,0,8.018799781799316,6.1006999015808105,0,1,0.9423530101776123,0.3344630002975464,-0.01028599962592125,0,-0.33136600255966187,0.9370219707489014,0.11039499938488007,0,0.046560999006032944,-0.1006229966878891,0.9938349723815918,0,1.1370999813079834,7.980000019073486,0,1,0.9899830222129822,0.1218309998512268,-0.0713450014591217,0,-0.13113300502300262,0.9807180166244507,-0.14489899575710297,0,0.05231599882245064,0.15280400216579437,0.9868710041046143,0,1.0223000049591064,9.384200096130371,0,1,0.9980559945106506,0.062224000692367554,0.0036069999914616346,0,-0.06219499930739403,0.9904749989509583,0.12285000085830688,0,0.004071999806910753,-0.12283500283956528,0.9924190044403076,0,0,12.017200469970703,0.17100000381469727,1,0.9997109770774841,0.023962000384926796,0.0018710000440478325,0,-0.023855000734329224,0.9796800017356873,0.1991419941186905,0,0.002939000027254224,-0.19912900030612946,0.9799690246582031,0,-0.27889999747276306,14.73859977722168,0,1,0.9939370155334473,-0.10749699920415878,-0.023111000657081604,0,0.10244899988174438,0.8290870189666748,0.5496540069580078,0,-0.03992500156164169,-0.5486890077590942,0.8350729942321777,0,0.359499990940094,11.803400039672852,0,1,-0.9236099720001221,-0.22037699818611145,0.31365299224853516,0,0.31093400716781616,-0.909246027469635,0.2767530083656311,0,0.22419799864292145,0.35313698649406433,0.9083110094070435,0,16.968599319458008,-10.666000366210938,0.600600004196167,1,0.9667059779167175,0.032412998378276825,0.2538270056247711,0,0.11445300281047821,0.8324199914932251,-0.5421959757804871,0,-0.22886499762535095,0.5531960129737854,0.8009960055351257,0,0,64.0801010131836,0,1,0.9640889763832092,-0.09948399662971497,0.2462410032749176,0,-0.1402900069952011,0.5964980125427246,0.79025799036026,0,-0.22550000250339508,-0.7964249849319458,0.5611209869384766,0,0,55.26919937133789,0,1,0.991104006767273,0.0029869999270886183,-0.1330540031194687,0,0.08203300088644028,0.7735360264778137,0.6284210085868835,0,0.10479900240898132,-0.633745014667511,0.7664099931716919,0,0,36.55550003051758,0,1,-0.8656650185585022,0.2837269902229309,-0.41245999932289124,0,-0.3818559944629669,-0.9070159792900085,0.17750699818134308,0,-0.323743999004364,0.31116199493408203,0.8935149908065796,0,-16.968599319458008,-10.666000366210938,0.4724000096321106,1,0.9987279772758484,-0.014527999795973301,-0.04827500134706497,0,-0.02260199934244156,0.726917028427124,-0.6863530278205872,0,0.04506300017237663,0.6865720152854919,0.7256640195846558,0,0,64.064697265625,0,1,0.9679279923439026,0.19496500492095947,-0.15844300389289856,0,0.07994800060987473,0.3588480055332184,0.9299659729003906,0,0.23816800117492676,-0.9128069877624512,0.3317509889602661,0,0,55.25870132446289,0,1,0.9908459782600403,0.0648759976029396,0.11838400363922119,0,-0.12141499668359756,0.8116049766540527,0.5714499950408936,0,-0.059007998555898666,-0.5805929899215698,0.8120530247688293,0,0,36.84489822387695,0,1
