4.467,30,134,41
B0,mixamorig_Hips,-1,0.4520036578178406,0.02080107294023037,0.8917734622955322,0,0.0814347192645073,0.9945850968360901,-0.0644790455698967,0,-0.8882855176925659,0.101766437292099,0.44786185026168823,0,2.6480023860931396,132.14195251464844,1.0066887140274048,1
B1,mixamorig_Spine,0,0.9999860525131226,-0.003631796222180128,0.0038012624718248844,0,0.003452856559306383,0.9989410042762756,0.04586740583181381,0,-0.003963311668485403,-0.04585343971848488,0.9989402294158936,0,0,19.21179962158203,-0.12080000340938568,1
B2,mixamorig_Spine1,1,0.99919593334198,-0.03991906717419624,0.0036235046572983265,0,0.03932518512010574,0.9937825798988342,0.10414397716522217,0,-0.007757144048810005,-0.10391825437545776,0.9945544004440308,0,0,22.414199829101562,0,1
B3,mixamorig_Spine2,2,0.9991986751556396,-0.03989730775356293,0.0031487338710576296,0,0.03935246169567108,0.9937798380851746,0.10415872931480408,0,-0.00728361401706934,-0.10395176708698273,0.9945544004440308,0,0,25.616199493408203,0,1
B4,mixamorig_Neck,3,0.9920902252197266,0.009308329783380032,-0.1251787394285202,0,0.019194936379790306,0.9742668867111206,0.22457531094551086,0,0.12404883652925491,-0.2252012938261032,0.9663828015327454,0,0,28.818199157714844,0,1
B5,mixamorig_Head,4,0.7888136506080627,-0.14081166684627533,-0.5982834696769714,0,-0.0843784436583519,0.9393768310546875,-0.33233878016471863,0,0.6088110208511353,0.3126372694969177,0.7291128635406494,0,0,24.81220054626465,-0.20800000429153442,1
B6,mixamorig_HeadTop_End,5,1,0,0,0,0,1,0,0,0,0,1,0,0,103.31420135498047,-0.8658999800682068,1
B7,mixamorig_LeftShoulder,3,0.10231013596057892,0.013732580468058586,-0.994657576084137,0,0.9322327375411987,-0.35021358728408813,0.09105444699525833,0,-0.34709158539772034,-0.9365684390068054,-0.04863165691494942,0,10.665499687194824,25.014400482177734,-0.09600000083446503,1
B8,mixamorig_LeftArm,7,0.9047561287879944,0.2719719111919403,-0.3277677595615387,0,-0.15974266827106476,0.930081844329834,0.3307943642139435,0,0.39481788873672485,-0.24693690240383148,0.884944498538971,0,0,22.733400344848633,0,1
B9,mixamorig_LeftForeArm,8,0.8155266642570496,0.5787067413330078,0.0032843980006873608,0,-0.578712522983551,0.8154883980751038,0.008165494538843632,0,0.0020468798466026783,-0.00855997670441866,0.9999610185623169,0,0,53.267799377441406,0,1
B10,mixamorig_LeftHand,9,0.9209600687026978,-0.15954825282096863,-0.3554936647415161,0,-0.05124965310096741,0.8548017144203186,-0.5164150595664978,0,0.3862709403038025,0.49381712079048157,0.7790611982345581,0,0,48.94649887084961,0,1
B11,mixamorig_LeftHandThumb1,10,0.8950549960136414,0.4284929931163788,-0.1235712394118309,0,-0.34406399726867676,0.839801013469696,0.41994601488113403,0,0.283719003200531,-0.3333579897880554,0.8990970253944397,0,-7.220099925994873,5.92080020904541,0,1
B12,mixamorig_LeftHandThumb2,11,0.9920740127563477,-0.12560999393463135,-0.0033182408660650253,0,0.12558576464653015,0.9903219938278198,0.05907600000500679,0,-0.0041347588412463665,-0.05902424082159996,0.9982479810714722,0,-0.19339999556541443,7.467299938201904,0,1
B13,mixamorig_LeftHandThumb3,12,0.9999939799308777,-0.003063000040128827,0.0013050000416114926,0,0.0031049998942762613,0.9994369745254517,-0.03342024236917496,0,-0.0012019999558106065,0.033424001187086105,0.9994410276412964,0,-0.07540000230073929,10.21150016784668,0,1
B14,mixamorig_LeftHandThumb4,13,1,0,0,0,0,1,0,0,0,0,1,0,0.2687999904155731,8.708700180053711,0,1
B15,mixamorig_LeftHandIndex1,10,0.9996600151062012,0.025590000674128532,0.0050940001383423805,0,-0.02595899999141693,0.9951059818267822,0.09534276276826859,0,-0.0026289999950677156,-0.09544199705123901,0.9954310059547424,0,0,11.067999839782715,0.17139999568462372,1
B16,mixamorig_LeftHandIndex2,15,0.9994670152664185,-0.032641999423503876,-0.0005949999904260039,0,0.03258499875664711,0.9962599873542786,0.08002500236034393,0,-0.0020192409865558147,-0.08000200241804123,0.9967929720878601,0,0.2676999866962433,15.237099647521973,0,1
B17,mixamorig_LeftHandIndex3,16,0.9994850158691406,0.03204900026321411,-0.0018179999897256494,0,-0.031801000237464905,0.9962850213050842,0.08002600073814392,0,0.004375999793410301,-0.079926997423172,0.9967910051345825,0,-0.27320000529289246,11.754599571228027,0,1
B18,mixamorig_LeftHandIndex4,17,1,0,0,0,0,1,0,0,0,0,1,0,0.005499999970197678,9.809100151062012,0,1
B19,mixamorig_RightShoulder,3,0.1197347640991211,-0.011161373928189278,0.9927431344985962,0,-0.8623549342155457,-0.4966447949409485,0.09842511266469955,0,0.4919424057006836,-0.867882251739502,-0.06909090280532837,0,-10.665499687194824,25.013500213623047,0.04820000007748604,1
B20,mixamorig_RightArm,19,0.6978186964988708,-0.457557737827301,0.5510748624801636,0,0.22949203848838806,0.8716328740119934,0.43311551213264465,0,-0.6785107851028442,-0.17576880753040314,0.7132473587989807,0,0,22.733400344848633,0,1
B21,mixamorig_RightForeArm,20,0.26366159319877625,-0.964569091796875,-0.007035435177385807,0,0.9645768404006958,0.2636043429374695,0.008061711676418781,0,-0.005921567790210247,-0.0089114336296916,0.9999427795410156,0,0,53.26279830932617,0,1
B22,mixamorig_RightHand,21,0.7667576670646667,0.3239257335662842,0.5542134046554565,0,-0.16577869653701782,0.9339807033538818,-0.3165362775325775,0,-0.6201601028442383,0.15083065629005432,0.7698382139205933,0,0,48.94879913330078,0,1
B23,mixamorig_RightHandThumb1,22,0.9169729948043823,-0.3798980116844177,0.12181399762630463,0,0.34238898754119873,0.906108021736145,0.2484699934720993,0,-0.20476999878883362,-0.18613199889659882,0.9609500169754028,0,8.018799781799316,6.1006999015808105,0,1
B24,mixamorig_RightHandThumb2,23,0.6629390120506287,0.6771730184555054,-0.3192940056324005,0,-0.4626219868659973,0.7058380246162415,0.5364450216293335,0,0.5886359810829163,-0.20791800320148468,0.7812029719352722,0,1.1370999813079834,7.980000019073486,0,1
B25,mixamorig_RightHandThumb3,24,0.9449030160903931,-0.09394600242376328,-0.3135789930820465,0,0.11383523792028427,0.9924479722976685,0.04568900167942047,0,0.30691900849342346,-0.07886800169944763,0.9484620094299316,0,1.0223000049591064,9.384200096130371,0,1
B26,mixamorig_RightHandThumb4,25,1,0,0,0,0,1,0,0,0,0,1,0,-2.1594998836517334,7.527200222015381,0,1
B27,mixamorig_RightHandIndex1,22,0.9919840097427368,-0.08606500178575516,-0.09252099692821503,0,0.10438799858093262,0.14554500579833984,0.9838290214538574,0,-0.07120700180530548,-0.985601007938385,0.15336200594902039,0,0,12.017200469970703,0.17100000381469727,1
B28,mixamorig_RightHandIndex2,27,0.9987189769744873,-0.04495900124311447,-0.023213999345898628,0,0.03975600004196167,0.41347000002861023,0.9096500277519226,0,-0.03129899874329567,-0.9094070196151733,0.41472700238227844,0,-0.27889999747276306,14.73859977722168,0,1
B29,mixamorig_RightHandIndex3,28,0.9962859749794006,-0.08462899923324585,-0.015853000804781914,0,0.07973100244998932,0.8373129963874817,0.5408790111541748,0,-0.032499998807907104,-0.5401350259780884,0.8409510254859924,0,0.359499990940094,11.803400039672852,0,1
B30,mixamorig_RightHandIndex4,29,1,0,0,0,0,1,0,0,0,0,1,0,-0.08060000091791153,9.22070026397705,0,1
B31,mixamorig_LeftUpLeg,0,-0.8633499145507812,-0.32803627848625183,0.3834259808063507,0,0.4812580347061157,-0.763732373714447,0.4302339553833008,0,0.1517031490802765,0.5559691786766052,0.8172411918640137,0,16.968599319458008,-10.666000366210938,0.600600004196167,1
B32,mixamorig_LeftLeg,31,0.9875463843345642,0.10387469083070755,0.11815600842237473,0,0.06968957930803299,0.3844935894012451,-0.9204720258712769,0,-0.14105018973350525,0.9172433614730835,0.372466117143631,0,0,64.0801010131836,0,1
B33,mixamorig_LeftFoot,32,0.8652330636978149,-0.33900704979896545,0.3693700432777405,0,-0.16914378106594086,0.4961564242839813,0.8515905737876892,0,-0.4719694256782532,-0.7993078231811523,0.37194743752479553,0,0,55.26919937133789,0,1
B34,mixamorig_LeftToeBase,33,0.9938739538192749,-0.001559457741677761,-0.1105073019862175,0,0.07927728444337845,0.7067251801490784,0.7030318379402161,0,0.07700153440237045,-0.7074860334396362,0.7025191783905029,0,0,36.55550003051758,0,1
B35,mixamorig_LeftToe_End,34,1,0,0,0,0,1,0,0,0,0,1,0,0,13.579999923706055,0,1
B36,mixamorig_RightUpLeg,0,-0.9171705842018127,0.3697859048843384,-0.14850996434688568,0,-0.3954785168170929,-0.798893928527832,0.4531705379486084,0,0.048931784927845,0.47436651587486267,0.8789655566215515,0,-16.968599319458008,-10.666000366210938,0.4724000096321106,1
B37,mixamorig_RightLeg,36,0.997676432132721,0.05989288538694382,-0.03246248885989189,0,-0.053104598075151443,0.38523250818252563,-0.921267569065094,0,-0.04267236962914467,0.9208509922027588,0.38751834630966187,0,0,64.064697265625,0,1
B38,mixamorig_RightFoot,37,0.9772723913192749,0.09244707226753235,-0.19076931476593018,0,0.17485524713993073,0.15724533796310425,0.9719458222389221,0,0.11985351890325546,-0.983212947845459,0.13750655949115753,0,0,55.25870132446289,0,1
B39,mixamorig_RightToeBase,38,0.9919398427009583,0.0016469546826556325,0.12669789791107178,0,-0.08099003881216049,0.7772290706634521,0.6239829659461975,0,-0.09744563698768616,-0.6292150020599365,0.7710977792739868,0,0,36.84489822387695,0,1
B40,mixamorig_RightToe_End,39,1,0,0,0,0,1,0,0,0,0,1,0,0,13.57919979095459,0,1
@34,0,1,2,3,4,5,7,8,9,10,11,12,13,15,16,17,19,20,21,22,23,24,25,27,28,29,31,32,33,34,36,37,38,39
K0.000,0.50211501121521,0.007443999871611595,0.8647689819335938,0,0.07467900216579437,0.9958540201187134,-0.051934000104665756,0,-0.8615700006484985,0.09065700322389603,0.4994780123233795,0,-1.0966860055923462,132.65057373046875,-6.236800193786621,1,0.9999439716339111,0.009844999760389328,0.0037930000107735395,0,-0.01001300010830164,0.9988409876823425,0.04707999899983406,0,-0.003324999939650297,-0.04711500182747841,0.9988840222358704,0,0,19.21179962158203,-0.12080000340938568,1,0.9991090297698975,-0.04218500107526779,0.0016009999671950936,0,0.041770998388528824,0.9933739900588989,0.1070680022239685,0,-0.006107000168412924,-0.106905996799469,0.9942499995231628,0,0,22.414199829101562,0,1,0.9991120100021362,-0.042139001190662384,0.0006750000175088644,0,0.04182400181889534,0.9933710098266602,0.10707200318574905,0,-0.0051819998770952225,-0.10694900155067444,0.994251012802124,0,0,25.616199493408203,0,1,0.9923229813575745,0.01128000020980835,-0.12316100299358368,0,0.017381999641656876,0.9732279777526855,0.22918300330638885,0,0.12244900315999985,-0.22956399619579315,0.9655600190162659,0,0,28.818199157714844,0,1,0.7952110171318054,-0.12541599571704865,-0.5932199954986572,0,-0.08888799697160721,0.9436910152435303,-0.318664014339447,0,0.5997819900512695,0.30613499879837036,0.7392849922180176,0,0,24.81220054626465,-0.20800000429153442,1,0.09670999646186829,0.01309600006788969,-0.9952260255813599,0,0.9256510138511658,-0.3686850070953369,0.08509700000286102,0,-0.36581000685691833,-0.9294620156288147,-0.04777799919247627,0,10.665499687194824,25.014400482177734,-0.09600000083446503,1,0.9131079912185669,0.30524399876594543,-0.2702940106391907,0,-0.18715499341487885,0.90277498960495,0.3872610032558441,0,0.3622240126132965,-0.3030239939689636,0.8814589977264404,0,0,22.733400344848633,0,1,0.7979530096054077,0.6027089953422546,0.0035329998936504126,0,-0.602715015411377,0.7979109883308411,0.008504999801516533,0,0.0023070001043379307,-0.00891599990427494,0.9999579787254333,0,0,53.267799377441406,0,1,0.8991460204124451,-0.15998700261116028,-0.40735799074172974,0,-0.07919800281524658,0.8559380173683167,-0.510977029800415,0,0.43042299151420593,0.4917050004005432,0.7569429874420166,0,0,48.94649887084961,0,1,0.8950549960136414,0.42849400639533997,-0.12357199937105179,0,-0.34406399726867676,0.839801013469696,0.41994601488113403,0,0.283719003200531,-0.3333579897880554,0.8990970253944397,0,-7.220099925994873,5.92080020904541,0,1,0.9920740127563477,-0.12560899555683136,-0.0033179998863488436,0,0.12558500468730927,0.9903219938278198,0.05907600000500679,0,-0.004133999813348055,-0.05902500078082085,0.9982479810714722,0,-0.19339999556541443,7.467299938201904,0,1,0.9999939799308777,-0.003063000040128827,0.0013050000416114926,0,0.0031049998942762613,0.9994369745254517,-0.03342000022530556,0,-0.0012019999558106065,0.033424001187086105,0.9994410276412964,0,-0.07540000230073929,10.21150016784668,0,1,0.9996600151062012,0.025590000674128532,0.0050940001383423805,0,-0.02595899999141693,0.9951059818267822,0.09534300118684769,0,-0.0026289999950677156,-0.09544199705123901,0.9954310059547424,0,0,11.067999839782715,0.17139999568462372,1,0.9994670152664185,-0.032641999423503876,-0.0005949999904260039,0,0.03258499875664711,0.9962599873542786,0.08002500236034393,0,-0.0020200000144541264,-0.08000200241804123,0.9967929720878601,0,0.2676999866962433,15.237099647521973,0,1,0.9994850158691406,0.03204900026321411,-0.0018179999897256494,0,-0.031801000237464905,0.9962850213050842,0.08002600073814392,0,0.004375999793410301,-0.079926997423172,0.9967910051345825,0,-0.27320000529289246,11.754599571228027,0,1,0.12786200642585754,-0.011332999914884567,0.9917269945144653,0,-0.8609820008277893,-0.49761199951171875,0.10531900078058243,0,0.4923020005226135,-0.8673250079154968,-0.07338300347328186,0,-10.665499687194824,25.013500213623047,0.04820000007748604,1,0.698494017124176,-0.45479801297187805,0.5525069832801819,0,0.28384101390838623,0.8848180174827576,0.369500994682312,0,-0.6569169759750366,-0.10126999765634537,0.7471309900283813,0,0,22.733400344848633,0,1,0.23740600049495697,-0.9713839888572693,-0.007255000062286854,0,0.9713910222053528,0.23734700679779053,0.008119000121951103,0,-0.006163999903947115,-0.008975000120699406,0.9999409914016724,0,0,53.26279830932617,0,1,0.8408309817314148,0.2988330125808716,0.45133399963378906,0,-0.16297000646591187,0.9348689913749695,-0.3153750002384186,0,-0.516182005405426,0.1916230022907257,0.8347669839859009,0,0,48.94879913330078,0,1,0.9169729948043823,-0.3798980116844177,0.12181399762630463,0,0.34238898754119873,0.906108021736145,0.2484699934720993,0,-0.20476999878883362,-0.1861329972743988,0.9609500169754028,0,8.018799781799316,6.1006999015808105,0,1,0.6629400253295898,0.6771720051765442,-0.3192940056324005,0,-0.4626219868659973,0.7058380246162415,0.5364450216293335,0,0.5886359810829163,-0.20791900157928467,0.7812029719352722,0,1.1370999813079834,7.980000019073486,0,1,0.9449030160903931,-0.09394600242376328,-0.3135789930820465,0,0.11383599787950516,0.9924479722976685,0.04568900167942047,0,0.30691900849342346,-0.07886800169944763,0.9484620094299316,0,1.0223000049591064,9.384200096130371,0,1,0.9919840097427368,-0.08606400340795517,-0.09252099692821503,0,0.10438799858093262,0.14554500579833984,0.9838290214538574,0,-0.07120700180530548,-0.985601007938385,0.15336200594902039,0,0,12.017200469970703,0.17100000381469727,1,0.9987189769744873,-0.04495900124311447,-0.02321299910545349,0,0.03975600004196167,0.41346898674964905,0.9096500277519226,0,-0.03129899874329567,-0.9094070196151733,0.41472700238227844,0,-0.27889999747276306,14.73859977722168,0,1,0.9962859749794006,-0.08462899923324585,-0.015853000804781914,0,0.07973100244998932,0.8373129963874817,0.5408790111541748,0,-0.032499998807907104,-0.5401350259780884,0.8409510254859924,0,0.359499990940094,11.803400039672852,0,1,-0.8512369990348816,-0.3767949938774109,0.3652690052986145,0,0.5136740207672119,-0.7407069802284241,0.4330050051212311,0,0.10740300267934799,0.5562189817428589,0.8240659832954407,0,16.968599319458008,-10.666000366210938,0.600600004196167,1,0.9868670105934143,0.0924839973449707,0.13244299590587616,0,0.0727740004658699,0.4774340093135834,-0.8756489753723145,0,-0.14421600103378296,0.873786985874176,0.4644330143928528,0,0,64.0801010131836,0,1,0.8753569722175598,-0.3057050108909607,0.3745580017566681,0,-0.15757200121879578,0.5520269870758057,0.818801999092102,0,-0.4570780098438263,-0.775763988494873,0.43505099415779114,0,0,55.26919937133789,0,1,0.9929249882698059,-0.0007149999728426337,-0.11874300241470337,0,0.08128499984741211,0.733066976070404,0.6752820014953613,0,0.08656399697065353,-0.6801559925079346,0.7279390096664429,0,0,36.55550003051758,0,1,-0.938040018081665,0.3008979856967926,-0.17187699675559998,0,-0.34643399715423584,-0.8258100152015686,0.4449959993362427,0,-0.008039000444114208,0.476967990398407,0.8788840174674988,0,-16.968599319458008,-10.666000366210938,0.4724000096321106,1,0.9983819723129272,0.028286999091506004,-0.049320001155138016,0,-0.056102998554706573,0.3494980037212372,-0.9352560043334961,0,-0.009217999875545502,0.9365100264549255,0.3505200147628784,0,0,64.064697265625,0,1,0.9749810099601746,0.12654900550842285,-0.1827480047941208,0,0.17242400348186493,0.08831200003623962,0.9810559749603271,0,0.1402910053730011,-0.9880210161209106,0.06428200006484985,0,0,55.25870132446289,0,1,0.9915519952774048,0.0000019999999949504854,0.12970800697803497,0,-0.08114399760961533,0.7801600098609924,0.620294988155365,0,-0.10119199752807617,-0.6255800127983093,0.7735700011253357,0,0,36.84489822387695,0,1
K0.033,0.49651792645454407,0.004950983915477991,0.868012011051178,0,0.07416598498821259,0.996084988117218,-0.04810497164726257,0,-0.8648520112037659,0.08826196938753128,0.4942069351673126,0,-0.9839754700660706,132.93673706054688,-5.722899913787842,1,0.9999510049819946,0.009573993273079395,0.002625994384288788,0,-0.009682993404567242,0.9989110231399536,0.045630984008312225,0,-0.002185994992032647,-0.04565398395061493,0.9989550113677979,0,0,19.21179962158203,-0.12080000340938568,1,0.9990710020065308,-0.04309900850057602,-0.0006130095571279526,0,0.04292801022529602,0.9936379790306091,0.10411897301673889,0,-0.003877989947795868,-0.10404796898365021,0.9945650100708008,0,0,22.414199829101562,0,1,0.9990720152854919,-0.043055009096860886,-0.0015220092609524727,0,0.042979009449481964,0.9936370253562927,0.10410597175359726,0,-0.002969990251585841,-0.10407496988773346,0.9945650100708008,0,0,25.616199493408203,0,1,0.9923139810562134,0.013101017102599144,-0.12304999679327011,0,0.01593298651278019,0.9725760221481323,0.23203803598880768,0,0.12271600216627121,-0.2322150319814682,0.9648920297622681,0,0,28.818199157714844,0,1,0.7943469882011414,-0.1190299540758133,-0.595687985420227,0,-0.09072500467300415,0.946370005607605,-0.31008490920066833,0,0.6006510257720947,0.30035895109176636,0.7409480214118958,0,0,24.81220054626465,-0.20800000429153442,1,0.10103803128004074,0.013335000723600388,-0.9947929978370667,0,0.9251739978790283,-0.36895498633384705,0.08902101963758469,0,-0.36584699153900146,-0.9293509721755981,-0.0496160127222538,0,10.665499687194824,25.014400482177734,-0.09600000083446503,1,0.9123370051383972,0.301025927066803,-0.27753305435180664,0,-0.18014194071292877,0.9038209915161133,0.3881460130214691,0,0.3676820397377014,-0.30412399768829346,0.8788160085678101,0,0,22.733400344848633,0,1,0.7976559996604919,0.60310298204422,0.003536999924108386,0,-0.6031090021133423,0.7976130247116089,0.008510000072419643,0,0.002311999909579754,-0.008921000175178051,0.9999579787254333,0,0,53.267799377441406,0,1,0.9032490253448486,-0.15797699987888336,-0.39897993206977844,0,-0.07482996582984924,0.8575369715690613,-0.5089510083198547,0,0.42254194617271423,0.48956498503685,0.7627480626106262,0,0,48.94649887084961,0,1,0.8950549960136414,0.4284929931163788,-0.1235710009932518,0,-0.34406399726867676,0.839801013469696,0.41994601488113403,0,0.283719003200531,-0.3333579897880554,0.8990970253944397,0,-7.220099925994873,5.92080020904541,0,1,0.9920740127563477,-0.12560899555683136,-0.003318999893963337,0,0.12558500468730927,0.9903219938278198,0.05907600000500679,0,-0.004133999813348055,-0.05902399867773056,0.9982479810714722,0,-0.19339999556541443,7.467299938201904,0,1,0.9999939799308777,-0.003063000040128827,0.0013050000416114926,0,0.0031049998942762613,0.9994369745254517,-0.03342000022530556,0,-0.0012019999558106065,0.033424001187086105,0.9994410276412964,0,-0.07540000230073929,10.21150016784668,0,1,0.9996600151062012,0.025590000674128532,0.0050940001383423805,0,-0.025960000231862068,0.9951059818267822,0.09534300118684769,0,-0.0026289999950677156,-0.09544199705123901,0.9954310059547424,0,0,11.067999839782715,0.17139999568462372,1,0.9994670152664185,-0.032641999423503876,-0.0005949999904260039,0,0.03258499875664711,0.9962599873542786,0.08002500236034393,0,-0.002019000006839633,-0.08000200241804123,0.9967929720878601,0,0.2676999866962433,15.237099647521973,0,1,0.9994850158691406,0.03204900026321411,-0.0018179999897256494,0,-0.031801000237464905,0.9962850213050842,0.08002600073814392,0,0.004375999793410301,-0.079926997423172,0.9967910051345825,0,-0.27320000529289246,11.754599571228027,0,1,0.13228003680706024,-0.011639001779258251,0.9911440014839172,0,-0.8589709997177124,-0.5003389716148376,0.10876402258872986,0,0.4946420192718506,-0.8657510280609131,-0.07618202269077301,0,-10.665499687194824,25.013500213623047,0.04820000007748604,1,0.6994600296020508,-0.44672495126724243,0.5578470826148987,0,0.2780369520187378,0.8891660571098328,0.3634279668331146,0,-0.6583709716796875,-0.0991010069847107,0.7461420297622681,0,0,22.733400344848633,0,1,0.20813977718353271,-0.978070080280304,-0.007499001920223236,0,0.9780780673027039,0.2080787718296051,0.008174000307917595,0,-0.006435001734644175,-0.00903599988669157,0.9999380111694336,0,0,53.26279830932617,0,1,0.8508240580558777,0.3053460717201233,0.42762380838394165,0,-0.1719430685043335,0.9308080077171326,-0.3225390315055847,0,-0.49652186036109924,0.20089703798294067,0.8444570302963257,0,0,48.94879913330078,0,1,0.9169729948043823,-0.3798980116844177,0.12181399762630463,0,0.3423900008201599,0.906108021736145,0.2484699934720993,0,-0.20476999878883362,-0.18613199889659882,0.9609500169754028,0,8.018799781799316,6.1006999015808105,0,1,0.6629390120506287,0.6771730184555054,-0.3192940056324005,0,-0.4626219868659973,0.7058380246162415,0.5364450216293335,0,0.5886359810829163,-0.20791800320148468,0.7812029719352722,0,1.1370999813079834,7.980000019073486,0,1,0.9449030160903931,-0.09394600242376328,-0.3135789930820465,0,0.11383599787950516,0.9924479722976685,0.04568900167942047,0,0.30691900849342346,-0.07886800169944763,0.9484620094299316,0,1.0223000049591064,9.384200096130371,0,1,0.9919840097427368,-0.08606400340795517,-0.09252099692821503,0,0.10438799858093262,0.14554500579833984,0.9838290214538574,0,-0.07120700180530548,-0.985601007938385,0.15336200594902039,0,0,12.017200469970703,0.17100000381469727,1,0.9987189769744873,-0.04495900124311447,-0.023213999345898628,0,0.03975600004196167,0.41347000002861023,0.9096500277519226,0,-0.03129899874329567,-0.9094070196151733,0.41472700238227844,0,-0.27889999747276306,14.73859977722168,0,1,0.9962859749794006,-0.08462899923324585,-0.015853000804781914,0,0.07973100244998932,0.8373129963874817,0.5408790111541748,0,-0.032499998807907104,-0.5401350259780884,0.8409510254859924,0,0.359499990940094,11.803400039672852,0,1,-0.8509770035743713,-0.3758559823036194,0.3668380081653595,0,0.5134530067443848,-0.7422850728034973,0.430556982755661,0,0.11047104746103287,0.5547479391098022,0.8246520161628723,0,16.968599319458008,-10.666000366210938,0.600600004196167,1,0.9868659973144531,0.09257299453020096,0.13238300383090973,0,0.07261300086975098,0.4778350293636322,-0.8754429817199707,0,-0.1442990005016327,0.873557984828949,0.46483704447746277,0,0,64.0801010131836,0,1,0.8728299736976624,-0.30691999197006226,0.3794320523738861,0,-0.1621270477771759,0.5509679913520813,0.8186259865760803,0,-0.4603080153465271,-0.7760379910469055,0.4311409592628479,0,0,55.26919937133789,0,1,0.9929739832878113,-0.0007500004139728844,-0.11832999438047409,0,0.0811930000782013,0.7317709922790527,0.6766970157623291,0,0.08608299493789673,-0.6815500259399414,0.7266910076141357,0,0,36.55550003051758,0,1,-0.9381589889526367,0.30110400915145874,-0.17086200416088104,0,-0.3461180031299591,-0.8267840147018433,0.44342997670173645,0,-0.007747007068246603,0.47514596581459045,0.8798729777336121,0,-16.968599319458008,-10.666000366210938,0.4724000096321106,1,0.9983369708061218,0.03335004672408104,-0.04701297730207443,0,-0.055904000997543335,0.36150917410850525,-0.9306909441947937,0,-0.014043041504919529,0.9317719340324402,0.3627721667289734,0,0,64.064697265625,0,1,0.9749289751052856,0.12607496976852417,-0.1833530217409134,0,0.17194800078868866,0.0961541086435318,0.9804019927978516,0,0.14123399555683136,-0.9873499870300293,0.07206511497497559,0,0,55.25870132446289,0,1,0.991553008556366,0.0000010000100019169622,0.12970499694347382,0,-0.08114299923181534,0.7801510095596313,0.6203070282936096,0,-0.10118799656629562,-0.6255919933319092,0.7735610008239746,0,0,36.84489822387695,0,1
K0.067,0.49178606271743774,0.003305016318336129,0.870710015296936,0,0.07294601202011108,0.9963210225105286,-0.04498203098773956,0,-0.8676549792289734,0.08563703298568726,0.48973602056503296,0,-0.8263295292854309,133.3878936767578,-5.109726428985596,1,0.9999579787254333,0.008930006064474583,0.0020580056589096785,0,-0.009012006223201752,0.9989889860153198,0.04405001550912857,0,-0.0016630052123218775,-0.04406701400876045,0.9990270137786865,0,0,19.21179962158203,-0.12080000340938568,1,0.9990310072898865,-0.04398299381136894,-0.0015689904103055596,0,0.043916989117860794,0.9939249753952026,0.10092002898454666,0,-0.002879010047763586,-0.10089103132486343,0.9948930144309998,0,0,22.414199829101562,0,1,0.9990310072898865,-0.04394199326634407,-0.0024479907006025314,0,0.043964989483356476,0.9939249753952026,0.1009010300040245,0,-0.002001009648665786,-0.10091102868318558,0.9948930144309998,0,0,25.616199493408203,0,1,0.9923020005226135,0.014800983481109142,-0.12295400351285934,0,0.014604013413190842,0.9719200134277344,0.23485997319221497,0,0.12297700345516205,-0.23484696447849274,0.9642220139503479,0,0,28.818199157714844,0,1,0.7931020259857178,-0.1142120435833931,-0.5982850193977356,0,-0.09139799326658249,0.9488239884376526,-0.30228909850120544,0,0.6021919846534729,0.2944280505180359,0.7420759797096252,0,0,24.81220054626465,-0.20800000429153442,1,0.10369297116994858,0.013460999354720116,-0.994517982006073,0,0.9244509935379028,-0.37018901109695435,0.09137697517871857,0,-0.36692899465560913,-0.9288589954376221,-0.05082998797297478,0,10.665499687194824,25.014400482177734,-0.09600000083446503,1,0.9123719930648804,0.2959020733833313,-0.2828759551048279,0,-0.17352506518363953,0.9054189920425415,0.3874340057373047,0,0.37076395750045776,-0.3043980002403259,0.877426028251648,0,0,22.733400344848633,0,1,0.7979559898376465,0.6027050018310547,0.003531999886035919,0,-0.602711021900177,0.7979140281677246,0.008504999801516533,0,0.0023070001043379307,-0.008914999663829803,0.9999579787254333,0,0,53.267799377441406,0,1,0.9056580066680908,-0.15747199952602386,-0.3936830461025238,0,-0.07136503607034683,0.8586210012435913,-0.5076190233230591,0,0.4179600477218628,0.487824022769928,0.7663789391517639,0,0,48.94649887084961,0,1,0.8950549960136414,0.4284929931163788,-0.12357199937105179,0,-0.34406399726867676,0.839801013469696,0.41994601488113403,0,0.283719003200531,-0.3333579897880554,0.8990970253944397,0,-7.220099925994873,5.92080020904541,0,1,0.9920740127563477,-0.12560999393463135,-0.0033179998863488436,0,0.12558600306510925,0.9903219938278198,0.05907600000500679,0,-0.004135000053793192,-0.05902399867773056,0.9982479810714722,0,-0.19339999556541443,7.467299938201904,0,1,0.9999939799308777,-0.003063000040128827,0.0013050000416114926,0,0.0031049998942762613,0.9994369745254517,-0.03342000022530556,0,-0.0012019999558106065,0.033424001187086105,0.9994410276412964,0,-0.07540000230073929,10.21150016784668,0,1,0.9996600151062012,0.025590000674128532,0.0050940001383423805,0,-0.02595899999141693,0.9951059818267822,0.0953420028090477,0,-0.0026289999950677156,-0.09544199705123901,0.9954320192337036,0,0,11.067999839782715,0.17139999568462372,1,0.9994670152664185,-0.032641999423503876,-0.0005949999904260039,0,0.03258499875664711,0.9962599873542786,0.08002500236034393,0,-0.002019000006839633,-0.08000200241804123,0.9967929720878601,0,0.2676999866962433,15.237099647521973,0,1,0.9994850158691406,0.03204900026321411,-0.0018179999897256494,0,-0.031801000237464905,0.9962850213050842,0.08002600073814392,0,0.004375999793410301,-0.079926997423172,0.9967910051345825,0,-0.27320000529289246,11.754599571228027,0,1,0.13526496291160583,-0.0118119977414608,0.9907389879226685,0,-0.8576390147209167,-0.5021060109138489,0.1111069768667221,0,0.49614396691322327,-0.8647249937057495,-0.0780479833483696,0,-10.665499687194824,25.013500213623047,0.04820000007748604,1,0.7002959847450256,-0.4396480619907379,0.5624019503593445,0,0.2708660662174225,0.8925739526748657,0.3604750335216522,0,-0.6604679822921753,-0.10010398924350739,0.7441520094871521,0,0,22.733400344848633,0,1,0.18573921918869019,-0.9825689196586609,-0.007685997989028692,0,0.9825769662857056,0.1856762170791626,0.008212000131607056,0,-0.006641997955739498,-0.009077000431716442,0.9999369978904724,0,0,53.26279830932617,0,1,0.8573229312896729,0.3100779354572296,0.4109121859073639,0,-0.1798989325761795,0.9283689856529236,-0.32521796226501465,0,-0.4823211431503296,0.20489396154880524,0.8516949415206909,0,0,48.94879913330078,0,1,0.9169729948043823,-0.3798980116844177,0.12181399762630463,0,0.3423900008201599,0.906108021736145,0.2484699934720993,0,-0.20476999878883362,-0.18613199889659882,0.9609500169754028,0,8.018799781799316,6.1006999015808105,0,1,0.6629390120506287,0.6771730184555054,-0.3192940056324005,0,-0.4626219868659973,0.7058380246162415,0.5364450216293335,0,0.5886359810829163,-0.20791800320148468,0.7812029719352722,0,1.1370999813079834,7.980000019073486,0,1,0.9449030160903931,-0.09394600242376328,-0.3135789930820465,0,0.11383499950170517,0.9924479722976685,0.04568900167942047,0,0.30691900849342346,-0.07886800169944763,0.9484620094299316,0,1.0223000049591064,9.384200096130371,0,1,0.9919840097427368,-0.08606400340795517,-0.09252099692821503,0,0.10438799858093262,0.14554500579833984,0.9838290214538574,0,-0.07120700180530548,-0.985601007938385,0.15336200594902039,0,0,12.017200469970703,0.17100000381469727,1,0.9987189769744873,-0.04495900124311447,-0.023213999345898628,0,0.03975699841976166,0.41347000002861023,0.9096500277519226,0,-0.03129899874329567,-0.9094070196151733,0.41472700238227844,0,-0.27889999747276306,14.73859977722168,0,1,0.9962859749794006,-0.08462899923324585,-0.015853000804781914,0,0.07973100244998932,0.8373129963874817,0.5408790111541748,0,-0.032499998807907104,-0.5401350259780884,0.8409510254859924,0,0.359499990940094,11.803400039672852,0,1,-0.8519769906997681,-0.37283602356910706,0.3675990104675293,0,0.5107529759407043,-0.7462729215621948,0.4268580377101898,0,0.11518095433712006,0.5514260530471802,0.826233983039856,0,16.968599319458008,-10.666000366210938,0.600600004196167,1,0.9868419766426086,0.0921110063791275,0.1328829973936081,0,0.07256700098514557,0.4821089804172516,-0.873100996017456,0,-0.14448699355125427,0.8712559938430786,0.46908098459243774,0,0,64.0801010131836,0,1,0.8702639937400818,-0.3077079951763153,0.38465094566345215,0,-0.16697795689105988,0.5503640174865723,0.8180580139160156,0,-0.46342095732688904,-0.7761539816856384,0.4275810420513153,0,0,55.26919937133789,0,1,0.9930319786071777,-0.0007919995696283877,-0.11784600466489792,0,0.0810839980840683,0.7302500009536743,0.6783509850502014,0,0.08552000671625137,-0.6831790208816528,0.7252259850502014,0,0,36.55550003051758,0,1,-0.9377059936523438,0.30254700779914856,-0.17079900205135345,0,-0.34732601046562195,-0.8283079862594604,0.4396250247955322,0,-0.008466992527246475,0.4715620279312134,0.8817920088768005,0,-16.968599319458008,-10.666000366210938,0.4724000096321106,1,0.9982659816741943,0.03813295066356659,-0.04483502358198166,0,-0.05595000088214874,0.37830182909965515,-0.9239900708198547,0,-0.01827295683324337,0.9248960614204407,0.3797798156738281,0,0,64.064697265625,0,1,0.9749559760093689,0.1237720251083374,-0.1847749799489975,0,0.17200100421905518,0.10705188661813736,0.9792630076408386,0,0.14098599553108215,-0.9865189790725708,0.08308188617229462,0,0,55.25870132446289,0,1,0.9915540218353271,0.000001999989990508766,0.1296979933977127,0,-0.08114299923181534,0.780131995677948,0.6203299760818481,0,-0.10118100047111511,-0.6256150007247925,0.7735430002212524,0,0,36.84489822387695,0,1
K0.100,0.4880389869213104,0.00278700003400445,0.8728169798851013,0,0.06977000087499619,0.9966700077056885,-0.042194999754428864,0,-0.8700289726257324,0.08148899674415588,0.48622000217437744,0,-0.5243309736251831,134.30751037597656,-4.171308994293213,1,0.9999690055847168,0.007488999981433153,0.0024300001095980406,0,-0.007584000006318092,0.9990910291671753,0.04194299876689911,0,-0.002114000031724572,-0.04196000099182129,0.9991170167922974,0,0,19.21179962158203,-0.12080000340938568,1,0.9990249872207642,-0.04414699971675873,-0.00039200004539452493,0,0.043977998197078705,0.994342029094696,0.09668999910354614,0,-0.0038789999671280384,-0.09661299735307693,0.9953140020370483,0,0,22.414199829101562,0,1,0.9990260004997253,-0.044110000133514404,-0.001196000026538968,0,0.04401899874210358,0.9943410158157349,0.09668199717998505,0,-0.0030759999062865973,-0.09664099663496017,0.9953150153160095,0,0,25.616199493408203,0,1,0.9923120141029358,0.015768000856041908,-0.12275300174951553,0,0.013918000273406506,0.9713410139083862,0.23728300631046295,0,0.12297599762678146,-0.23716700077056885,0.9636539816856384,0,0,28.818199157714844,0,1,0.7917190194129944,-0.11384399980306625,-0.6001840233802795,0,-0.08849000185728073,0.950747013092041,-0.2970699965953827,0,0.6044420003890991,0.28830599784851074,0.7426499724388123,0,0,24.81220054626465,-0.20800000429153442,1,0.10231199860572815,0.01329100038856268,-0.9946640133857727,0,0.922415018081665,-0.37560001015663147,0.08986199647188187,0,-0.37240099906921387,-0.9266870021820068,-0.0506879985332489,0,10.665499687194824,25.014400482177734,-0.09600000083446503,1,0.9130470156669617,0.2898690104484558,-0.28691500425338745,0,-0.16889500617980957,0.9090459942817688,0.3809340000152588,0,0.3712399899959564,-0.2993519902229309,0.8789590001106262,0,0,22.733400344848633,0,1,0.7997819781303406,0.6002810001373291,0.0035069999285042286,0,-0.6002870202064514,0.7997400164604187,0.008469999767839909,0,0.0022799998987466097,-0.008879000321030617,0.9999579787254333,0,0,53.267799377441406,0,1,0.9043809771537781,-0.16168999671936035,-0.39490601420402527,0,-0.06909699738025665,0.8577340245246887,-0.5094289779663086,0,0.42109400033950806,0.48800399899482727,0.7645469903945923,0,0,48.94649887084961,0,1,0.8950549960136414,0.4284929931163788,-0.12357199937105179,0,-0.34406399726867676,0.839801013469696,0.41994500160217285,0,0.283719003200531,-0.3333579897880554,0.8990970253944397,0,-7.220099925994873,5.92080020904541,0,1,0.9920740127563477,-0.12560999393463135,-0.0033179998863488436,0,0.12558500468730927,0.9903219938278198,0.05907600000500679,0,-0.004133999813348055,-0.05902399867773056,0.9982479810714722,0,-0.19339999556541443,7.467299938201904,0,1,0.9999939799308777,-0.003063000040128827,0.0013050000416114926,0,0.0031049998942762613,0.9994369745254517,-0.03342000022530556,0,-0.0012019999558106065,0.033424001187086105,0.9994410276412964,0,-0.07540000230073929,10.21150016784668,0,1,0.9996600151062012,0.025590000674128532,0.0050940001383423805,0,-0.02595899999141693,0.9951059818267822,0.0953420028090477,0,-0.0026289999950677156,-0.09544199705123901,0.9954320192337036,0,0,11.067999839782715,0.17139999568462372,1,0.9994670152664185,-0.032641999423503876,-0.0005949999904260039,0,0.03258499875664711,0.9962599873542786,0.08002500236034393,0,-0.0020200000144541264,-0.08000200241804123,0.9967929720878601,0,0.2676999866962433,15.237099647521973,0,1,0.9994850158691406,0.03204900026321411,-0.0018179999897256494,0,-0.031801000237464905,0.9962850213050842,0.08002600073814392,0,0.004375999793410301,-0.079926997423172,0.9967910051345825,0,-0.27320000529289246,11.754599571228027,0,1,0.13429699838161469,-0.011713000014424324,0.9908720254898071,0,-0.858227014541626,-0.5012590289115906,0.11039300262928009,0,0.49538999795913696,-0.8652179837226868,-0.07736899703741074,0,-10.665499687194824,25.013500213623047,0.04820000007748604,1,0.7003300189971924,-0.4350860118865967,0.5658959746360779,0,0.2608790099620819,0.8939359784126282,0.3644460141658783,0,-0.6644399762153625,-0.10760200023651123,0.7395550012588501,0,0,22.733400344848633,0,1,0.1750829964876175,-0.9845229983329773,-0.0077749998308718204,0,0.9845309853553772,0.17501899600028992,0.00822800025343895,0,-0.00674000009894371,-0.009096000343561172,0.9999359846115112,0,0,53.26279830932617,0,1,0.8559640049934387,0.31298500299453735,0.41154199838638306,0,-0.18721500039100647,0.9295709729194641,-0.31756699085235596,0,-0.4819509983062744,0.19477899372577667,0.8542739748954773,0,0,48.94879913330078,0,1,0.9169729948043823,-0.3798980116844177,0.12181399762630463,0,0.34238898754119873,0.906108021736145,0.2484699934720993,0,-0.20476999878883362,-0.18613199889659882,0.9609500169754028,0,8.018799781799316,6.1006999015808105,0,1,0.6629390120506287,0.6771730184555054,-0.3192940056324005,0,-0.4626219868659973,0.7058380246162415,0.5364459753036499,0,0.5886359810829163,-0.20791800320148468,0.7812029719352722,0,1.1370999813079834,7.980000019073486,0,1,0.9449030160903931,-0.09394600242376328,-0.3135789930820465,0,0.11383499950170517,0.9924479722976685,0.04568900167942047,0,0.30691900849342346,-0.07886800169944763,0.9484620094299316,0,1.0223000049591064,9.384200096130371,0,1,0.9919840097427368,-0.08606400340795517,-0.09252099692821503,0,0.10438799858093262,0.14554500579833984,0.9838290214538574,0,-0.07120700180530548,-0.985601007938385,0.15336300432682037,0,0,12.017200469970703,0.17100000381469727,1,0.9987189769744873,-0.04495900124311447,-0.023213999345898628,0,0.03975600004196167,0.41347000002861023,0.9096500277519226,0,-0.03129899874329567,-0.9094070196151733,0.41472700238227844,0,-0.27889999747276306,14.73859977722168,0,1,0.9962859749794006,-0.08462899923324585,-0.015853000804781914,0,0.07973100244998932,0.8373129963874817,0.5408790111541748,0,-0.032499998807907104,-0.5401350259780884,0.8409510254859924,0,0.359499990940094,11.803400039672852,0,1,-0.8559749722480774,-0.3649959862232208,0.3661760091781616,0,0.5020930171012878,-0.7557860016822815,0.4203450083732605,0,0.12332700192928314,0.543658971786499,0.8301960229873657,0,16.968599319458008,-10.666000366210938,0.600600004196167,1,0.9867640137672424,0.09026700258255005,0.13471700251102448,0,0.07273299992084503,0.49614599347114563,-0.8651869893074036,0,-0.14493699371814728,0.8635339736938477,0.48301300406455994,0,0,64.0801010131836,0,1,0.8669260144233704,-0.3072749972343445,0.3924570083618164,0,-0.17352800071239471,0.5520539879798889,0.8155509829521179,0,-0.46725600957870483,-0.7751250267028809,0.4252690076828003,0,0,55.26919937133789,0,1,0.9930959939956665,-0.0008399999933317304,-0.1173039972782135,0,0.08096099644899368,0.7285429835319519,0.6801980137825012,0,0.08489000052213669,-0.6849989891052246,0.7235810160636902,0,0,36.55550003051758,0,1,-0.9362429976463318,0.30611199140548706,-0.17246800661087036,0,-0.3511640131473541,-0.831371009349823,0.4307050108909607,0,-0.011540999636054039,0.4638090133666992,0.885860025882721,0,-16.968599319458008,-10.666000366210938,0.4724000096321106,1,0.9981679916381836,0.04264400154352188,-0.04292900115251541,0,-0.056650999933481216,0.4092769920825958,-0.9106500148773193,0,-0.021263999864459038,0.9114130139350891,0.41094300150871277,0,0,64.064697265625,0,1,0.9751889705657959,0.11565999686717987,-0.18875600397586823,0,0.1738249957561493,0.12792600691318512,0.9764320254325867,0,0.13708099722862244,-0.9850170016288757,0.10464800149202347,0,0,55.25870132446289,0,1,0.9915549755096436,0.0000019999999949504854,0.12968899309635162,0,-0.08114100247621536,0.7801039814949036,0.6203659772872925,0,-0.10116899758577347,-0.6256499886512756,0.7735159993171692,0,0,36.84489822387695,0,1
