2.333,30,69,41
B0,mixamorig_Hips,-1,-0.2932252287864685,-0.06831218302249908,0.9535988569259644,0,-0.12380722165107727,0.9917575120925903,0.032974936068058014,0,-0.9479917883872986,-0.10839398205280304,-0.2992662787437439,0,1.3089061975479126,120.4983901977539,-0.03940601274371147,1
B1,mixamorig_Spine,0,0.9577776193618774,0.11589062213897705,0.2631090581417084,0,-0.2659076154232025,0.7050629258155823,0.6573992967605591,0,-0.10931915789842606,-0.6996086835861206,0.7061108350753784,0,0,19.21179962158203,-0.12080000340938568,1
B2,mixamorig_Spine1,1,0.9868345260620117,-0.15796537697315216,0.03469255194067955,0,0.15896406769752502,0.9868812561035156,-0.028208952397108078,0,-0.02978166937828064,0.033352818340063095,0.9989997744560242,0,0,22.414199829101562,0,1
B3,mixamorig_Spine2,2,0.9870088696479797,-0.14960117638111115,0.05858805030584335,0,0.151593878865242,0.9879511594772339,-0.031173845753073692,0,-0.05321858078241348,0.03965035080909729,0.9977951645851135,0,0,25.616199493408203,0,1
B4,mixamorig_Neck,3,0.9721340537071228,0.0753023624420166,-0.2219891995191574,0,-0.057259026914834976,0.9945887923240662,0.08664213120937347,0,0.22731737792491913,-0.071518674492836,0.971188485622406,0,0,28.818199157714844,0,1
B5,mixamorig_Head,4,0.31588542461395264,-0.28806039690971375,-0.9040120840072632,0,-0.023465683683753014,0.9501289129257202,-0.3109532296657562,0,0.9485005140304565,0.11943940073251724,0.29337364435195923,0,0,24.81220054626465,-0.20800000429153442,1
B6,mixamorig_HeadTop_End,5,1,0,0,0,0,1,0,0,0,0,1,0,0,103.31420135498047,-0.8658999800682068,1
B7,mixamorig_LeftShoulder,3,0.1833331137895584,-0.0910240188241005,-0.9788268804550171,0,0.8346540927886963,-0.5116353631019592,0.2039089798927307,0,-0.519363284111023,-0.8543662428855896,-0.01782441884279251,0,10.665499687194824,25.014400482177734,-0.09600000083446503,1
B8,mixamorig_LeftArm,7,0.03595179691910744,0.990142822265625,-0.13532757759094238,0,-0.9970658421516418,0.04467489942908287,0.06201794743537903,0,0.06744855642318726,0.1326935738325119,0.9888535141944885,0,0,22.733400344848633,0,1
B9,mixamorig_LeftForeArm,8,0.16920915246009827,0.985491931438446,0.012404151260852814,0,-0.9855011105537415,0.16903582215309143,0.013906026259064674,0,0.01160760223865509,-0.014577584341168404,0.9998264312744141,0,0,53.267799377441406,0,1
B10,mixamorig_LeftHand,9,0.7473962306976318,-0.6305197477340698,0.20822596549987793,0,0.6595718264579773,0.7413001656532288,-0.12310591340065002,0,-0.07685652375221252,0.22917670011520386,0.97021484375,0,0,48.94649887084961,0,1
B11,mixamorig_LeftHandThumb1,10,0.30934301018714905,0.9045347571372986,-0.29346901178359985,0,-0.6197370290756226,0.4258292317390442,0.6592379808425903,0,0.7212719917297363,-0.022057000547647476,0.6923009753227234,0,-7.220099925994873,5.92080020904541,0,1
B12,mixamorig_LeftHandThumb2,11,0.5015689730644226,-0.8634750247001648,0.05328277871012688,0,0.8156239986419678,0.49250999093055725,0.303629994392395,0,-0.2884190082550049,-0.10883300006389618,0.9512990117073059,0,-0.19339999556541443,7.467299938201904,0,1
B13,mixamorig_LeftHandThumb3,12,0.8981320261955261,-0.43097999691963196,0.08726722002029419,0,0.43923822045326233,0.8886367678642273,-0.1318892240524292,0,-0.02070700004696846,0.15678521990776062,0.9874160289764404,0,-0.07540000230073929,10.21150016784668,0,1
B14,mixamorig_LeftHandThumb4,13,1,0,0,0,0,1,0,0,0,0,1,0,0.2687999904155731,8.708700180053711,0,1
B15,mixamorig_LeftHandIndex1,10,0.9934970140457153,0.07329200208187103,0.0871329978108406,0,-0.10966899991035461,0.41028499603271484,0.9053390026092529,0,0.030604999512434006,-0.9090070128440857,0.4156549870967865,0,0,11.067999839782715,0.17139999568462372,1
B16,mixamorig_LeftHandIndex2,15,0.996275007724762,0.07532200217247009,0.04198300093412399,0,-0.0732249990105629,0.48184001445770264,0.8731942176818848,0,0.045541223138570786,-0.8730159997940063,0.48555999994277954,0,0.2676999866962433,15.237099647521973,0,1
B17,mixamorig_LeftHandIndex3,16,0.9962509870529175,0.0852229967713356,0.014882000163197517,0,-0.0809750035405159,0.8580229878425598,0.5071887373924255,0,0.030455000698566437,-0.506492018699646,0.8617069721221924,0,-0.27320000529289246,11.754599571228027,0,1
B18,mixamorig_LeftHandIndex4,17,1,0,0,0,0,1,0,0,0,0,1,0,0.005499999970197678,9.809100151062012,0,1
B19,mixamorig_RightShoulder,3,0.21388499438762665,-0.051467690616846085,0.9754998087882996,0,-0.9548201560974121,-0.22188222408294678,0.19764995574951172,0,0.20627309381961823,-0.9737048149108887,-0.09659230709075928,0,-10.665499687194824,25.013500213623047,0.04820000007748604,1
B20,mixamorig_RightArm,19,0.8127143383026123,0.004739347379654646,-0.5825884938240051,0,0.052416589111089706,0.9952427744865417,0.0811690017580986,0,0.5802958011627197,-0.09648845344781876,0.8086025714874268,0,0,22.733400344848633,0,1
B21,mixamorig_RightForeArm,20,-0.5358948111534119,-0.8441727161407471,-0.013717645779252052,0,0.8441786766052246,-0.5360130667686462,0.007055124267935753,0,-0.013309088535606861,-0.00779968174174428,0.9998810291290283,0,0,53.26279830932617,0,1
B22,mixamorig_RightHand,21,0.4075624644756317,-0.2207793891429901,-0.8859478831291199,0,0.0016103184316307306,0.9703161120414734,-0.2411707192659378,0,0.9129946231842041,0.09681268781423569,0.3960586190223694,0,0,48.94879913330078,0,1
B23,mixamorig_RightHandThumb1,22,0.5677340030670166,-0.7896119952201843,0.232791006565094,0,0.57191002368927,0.5817210078239441,0.5783770084381104,0,-0.5921130180358887,-0.19522899389266968,0.7818490266799927,0,8.018799781799316,6.1006999015808105,0,1
B24,mixamorig_RightHandThumb2,23,0.6059020161628723,0.7941470146179199,-0.04704499989748001,0,-0.7574080228805542,0.5939390063285828,0.27123600244522095,0,0.24334299564361572,-0.12871022522449493,0.9613620042800903,0,1.1370999813079834,7.980000019073486,0,1
B25,mixamorig_RightHandThumb3,24,0.9892619848251343,0.12691199779510498,-0.07248300313949585,0,-0.13626421988010406,0.9802299737930298,-0.1434612274169922,0,0.05284300073981285,0.15179799497127533,0.9869980216026306,0,1.0223000049591064,9.384200096130371,0,1
B26,mixamorig_RightHandThumb4,25,1,0,0,0,0,1,0,0,0,0,1,0,-2.1594998836517334,7.527200222015381,0,1
B27,mixamorig_RightHandIndex1,22,0.9920470118522644,-0.08195099979639053,-0.09553799778223038,0,0.119378000497818,0.3719500005245209,0.9205440282821655,0,-0.039903998374938965,-0.9246280193328857,0.3787750005722046,0,0,12.017200469970703,0.17100000381469727,1
B28,mixamorig_RightHandIndex2,27,0.9958279728889465,-0.07970599830150604,-0.04443499818444252,0,0.07474199682474136,0.43303099274635315,0.8982750177383423,0,-0.05235600098967552,-0.8978480100631714,0.4371820092201233,0,-0.27889999747276306,14.73859977722168,0,1
B29,mixamorig_RightHandIndex3,28,0.9942259788513184,-0.10516099631786346,-0.021361999213695526,0,0.10043399780988693,0.8417959809303284,0.530368983745575,0,-0.03779200091958046,-0.5294520258903503,0.8474969863891602,0,0.359499990940094,11.803400039672852,0,1
B30,mixamorig_RightHandIndex4,29,1,0,0,0,0,1,0,0,0,0,1,0,-0.08060000091791153,9.22070026397705,0,1
B31,mixamorig_LeftUpLeg,0,-0.7615955471992493,-0.5447503328323364,0.35102173686027527,0,0.6252871751785278,-0.4754215478897095,0.6188591718673706,0,-0.17024105787277222,0.6908097267150879,0.7027055025100708,0,16.968599319458008,-10.666000366210938,0.600600004196167,1
B32,mixamorig_LeftLeg,31,0.9791267514228821,-0.10047250241041183,-0.17667971551418304,0,-0.1429504156112671,0.2775275409221649,-0.9500196576118469,0,0.14448508620262146,0.9554463624954224,0.2573721706867218,0,0,64.0801010131836,0,1
B33,mixamorig_LeftFoot,32,0.8673652410507202,-0.49527350068092346,0.04880146309733391,0,0.26799842715263367,0.5474564433097839,0.7927597761154175,0,-0.4193503260612488,-0.6745331883430481,0.6075772643089294,0,0,55.26919937133789,0,1
B34,mixamorig_LeftToeBase,33,0.9983751773834229,-0.05252169445157051,-0.02209031768143177,0,0.043454550206661224,0.4510771930217743,0.8914250731468201,0,-0.036854736506938934,-0.8909364938735962,0.45262667536735535,0,0,36.55550003051758,0,1
B35,mixamorig_LeftToe_End,34,1,0,0,0,0,1,0,0,0,0,1,0,0,13.579999923706055,0,1
B36,mixamorig_RightUpLeg,0,-0.9978546500205994,-0.05124702304601669,0.040727030485868454,0,0.06171933189034462,-0.5292826890945435,0.8461965322494507,0,-0.021809153258800507,0.8468954563140869,0.5313102006912231,0,-16.968599319458008,-10.666000366210938,0.4724000096321106,1
B37,mixamorig_RightLeg,36,0.979500412940979,0.19885122776031494,0.03217737749218941,0,0.0030605411157011986,0.14501497149467468,-0.9894176721572876,0,-0.20141784846782684,0.9692344665527344,0.14143289625644684,0,0,64.064697265625,0,1
B38,mixamorig_RightFoot,37,0.9688017964363098,0.011409576050937176,-0.2475745975971222,0,0.24346716701984406,0.1429280936717987,0.9593184590339661,0,0.046330299228429794,-0.9896656274795532,0.13569079339504242,0,0,55.25870132446289,0,1
B39,mixamorig_RightToeBase,38,0.9915400147438049,0,0.12980100512504578,0,-0.08115699887275696,0.7804290056228638,0.619953989982605,0,-0.10130099952220917,-0.6252440214157104,0.7738270163536072,0,0,36.84489822387695,0,1
B40,mixamorig_RightToe_End,39,1,0,0,0,0,1,0,0,0,0,1,0,0,13.57919979095459,0,1
@34,0,1,2,3,4,5,7,8,9,10,11,12,13,15,16,17,19,20,21,22,23,24,25,27,28,29,31,32,33,34,36,37,38,39
K0.000,-0.2536419928073883,-0.06432999670505524,0.9651569724082947,0,-0.13835999369621277,0.9899389743804932,0.029620999470353127,0,-0.9573519825935364,-0.1260260045528412,-0.25999099016189575,0,1.9211490154266357,123.03721618652344,0.41312599182128906,1,0.9664450287818909,0.10803700238466263,0.23305100202560425,0,-0.2252659946680069,0.7924619913101196,0.5667970180511475,0,-0.12344899773597717,-0.600275993347168,0.7902079820632935,0,0,19.21179962158203,-0.12080000340938568,1,0.9901189804077148,-0.1346919983625412,0.039028000086545944,0,0.13429400324821472,0.9908609986305237,0.012652000412344933,0,-0.0403750017285347,-0.007284999825060368,0.9991580247879028,0,0,22.414199829101562,0,1,0.990086019039154,-0.12837499380111694,0.057009998708963394,0,0.1280519962310791,0.9917240142822266,0.00930000003427267,0,-0.057732000946998596,-0.0019069999689236283,0.9983299970626831,0,0,25.616199493408203,0,1,0.9724050164222717,0.07615000009536743,-0.22052299976348877,0,-0.05789300054311752,0.9944270253181458,0.08811099827289581,0,0.2260030061006546,-0.07291299849748611,0.9713940024375916,0,0,28.818199157714844,0,1,0.3095270097255707,-0.2920989990234375,-0.9049149751663208,0,0.010343999601900578,0.9526280164718628,-0.3039630055427551,0,0.9508339762687683,0.08472400158643723,0.297885000705719,0,0,24.81220054626465,-0.20800000429153442,1,0.19935399293899536,-0.0819690003991127,-0.9764930009841919,0,0.8496879935264587,-0.48194101452827454,0.21392199397087097,0,-0.48814699053764343,-0.8723610043525696,-0.02642899937927723,0,10.665499687194824,25.014400482177734,-0.09600000083446503,1,-0.1031540036201477,0.9921950101852417,-0.07005900144577026,0,-0.9906830191612244,-0.09618999809026718,0.09640400111675262,0,0.0889120027422905,0.07935100048780441,0.992874026298523,0,0,22.733400344848633,0,1,0.5429570078849792,0.8397300243377686,0.0071310000494122505,0,-0.8397380113601685,0.5428619980812073,0.011849000118672848,0,0.0060789999552071095,-0.01242200005799532,0.9999039769172668,0,0,53.267799377441406,0,1,0.97986900806427,-0.011739999987185001,0.1992959976196289,0,0.054868001490831375,0.9756649732589722,-0.21229200065135956,0,-0.19195400178432465,0.2189529985189438,0.9566680192947388,0,0,48.94649887084961,0,1,0.30934301018714905,0.9045349955558777,-0.29346901178359985,0,-0.6197370290756226,0.4258289933204651,0.6592379808425903,0,0.7212719917297363,-0.022057000547647476,0.6923009753227234,0,-7.220099925994873,5.92080020904541,0,1,0.5015689730644226,-0.8634750247001648,0.053282998502254486,0,0.8156239986419678,0.49250999093055725,0.303629994392395,0,-0.2884190082550049,-0.10883300006389618,0.9512990117073059,0,-0.19339999556541443,7.467299938201904,0,1,0.8981320261955261,-0.43097999691963196,0.08726699650287628,0,0.4392389953136444,0.8886359930038452,-0.13188999891281128,0,-0.02070700004696846,0.1567849963903427,0.9874160289764404,0,-0.07540000230073929,10.21150016784668,0,1,0.9934970140457153,0.07329200208187103,0.08713400363922119,0,-0.10966899991035461,0.41028499603271484,0.9053390026092529,0,0.030604999512434006,-0.9090070128440857,0.4156549870967865,0,0,11.067999839782715,0.17139999568462372,1,0.996275007724762,0.07532200217247009,0.04198300093412399,0,-0.0732249990105629,0.48184001445770264,0.8731949925422668,0,0.04554099962115288,-0.8730159997940063,0.48555999994277954,0,0.2676999866962433,15.237099647521973,0,1,0.9962509870529175,0.0852229967713356,0.014882000163197517,0,-0.0809750035405159,0.8580229878425598,0.5071889758110046,0,0.030455000698566437,-0.506492018699646,0.8617069721221924,0,-0.27320000529289246,11.754599571228027,0,1,0.14579999446868896,-0.027130000293254852,0.98894202709198,0,-0.939844012260437,-0.31594499945640564,0.12989400327205658,0,0.3089280128479004,-0.9483889937400818,-0.07156199961900711,0,-10.665499687194824,25.013500213623047,0.04820000007748604,1,0.8173969984054565,-0.17698200047016144,-0.5482140183448792,0,0.11545699834823608,0.9826589822769165,-0.14508700370788574,0,0.5643860101699829,0.055298998951911926,0.8236569762229919,0,0,22.733400344848633,0,1,-0.47016799449920654,-0.8824790120124817,-0.013167999684810638,0,0.8824859857559204,-0.4702819883823395,0.007375000044703484,0,-0.012702000327408314,-0.00815299991518259,0.9998859763145447,0,0,53.26279830932617,0,1,0.6772159934043884,-0.17757199704647064,-0.7140359878540039,0,-0.09197299927473068,0.9424009919166565,-0.3215929865837097,0,0.7300140261650085,0.28345999121665955,0.6218770146369934,0,0,48.94879913330078,0,1,0.5677340030670166,-0.7896119952201843,0.232791006565094,0,0.57191002368927,0.5817210078239441,0.5783770084381104,0,-0.5921130180358887,-0.19522899389266968,0.7818490266799927,0,8.018799781799316,6.1006999015808105,0,1,0.6059020161628723,0.7941470146179199,-0.04704499989748001,0,-0.7574080228805542,0.5939390063285828,0.27123600244522095,0,0.24334299564361572,-0.12871000170707703,0.9613620042800903,0,1.1370999813079834,7.980000019073486,0,1,0.9892619848251343,0.12691199779510498,-0.07248300313949585,0,-0.13626399636268616,0.9802299737930298,-0.14346100389957428,0,0.05284300073981285,0.15179799497127533,0.9869980216026306,0,1.0223000049591064,9.384200096130371,0,1,0.9920470118522644,-0.08195099979639053,-0.09553799778223038,0,0.119378000497818,0.3719500005245209,0.9205440282821655,0,-0.03990500047802925,-0.9246280193328857,0.3787750005722046,0,0,12.017200469970703,0.17100000381469727,1,0.9958279728889465,-0.07970599830150604,-0.04443499818444252,0,0.07474199682474136,0.43303099274635315,0.8982750177383423,0,-0.05235699936747551,-0.8978480100631714,0.4371820092201233,0,-0.27889999747276306,14.73859977722168,0,1,0.9942259788513184,-0.10516099631786346,-0.021361999213695526,0,0.10043399780988693,0.8417959809303284,0.530368983745575,0,-0.03779200091958046,-0.5294520258903503,0.8474969863891602,0,0.359499990940094,11.803400039672852,0,1,-0.781620979309082,-0.5151069760322571,0.3517569899559021,0,0.6043469905853271,-0.4858179986476898,0.6314629912376404,0,-0.15438100695610046,0.7061480283737183,0.6910290122032166,0,16.968599319458008,-10.666000366210938,0.600600004196167,1,0.9792550206184387,-0.08924099802970886,-0.18192000687122345,0,-0.14040499925613403,0.34849199652671814,-0.9267359972000122,0,0.1460999995470047,0.9330539703369141,0.32873299717903137,0,0,64.0801010131836,0,1,0.8732879757881165,-0.48579999804496765,0.03696500137448311,0,0.27997100353240967,0.5624790191650391,0.7779669761657715,0,-0.39872801303863525,-0.6690409779548645,0.6272159814834595,0,0,55.26919937133789,0,1,0.9988719820976257,-0.03478299826383591,-0.03232700005173683,0,0.0443589985370636,0.440544992685318,0.8966339826583862,0,-0.01694599911570549,-0.897055983543396,0.4415909945964813,0,0,36.55550003051758,0,1,-0.9991009831428528,-0.03380399942398071,0.02559399977326393,0,0.039877999573946,-0.54408198595047,0.8380839824676514,0,-0.014406000263988972,0.8383510112762451,0.5449410080909729,0,-16.968599319458008,-10.666000366210938,0.4724000096321106,1,0.9845659732818604,0.1720539927482605,0.03206599876284599,0,-0.00457700015977025,0.2084670066833496,-0.9780189990997314,0,-0.17495599389076233,0.9627770185470581,0.2060369998216629,0,0,64.064697265625,0,1,0.9699509739875793,0.029895000159740448,-0.24145600199699402,0,0.23276300728321075,0.17487399280071259,0.956682026386261,0,0.07082399725914001,-0.9841369986534119,0.16266100108623505,0,0,55.25870132446289,0,1,0.9915400147438049,0,0.12980100512504578,0,-0.08115699887275696,0.7804290056228638,0.6199550032615662,0,-0.10130000114440918,-0.6252449750900269,0.773826003074646,0,0,36.84489822387695,0,1
K0.033,-0.25204598903656006,-0.06455300748348236,0.9655600190162659,0,-0.13598096370697021,0.9902349710464478,0.030707016587257385,0,-0.9581140279769897,-0.12355796247720718,-0.2583630084991455,0,2.251465320587158,122.64282989501953,0.1077587902545929,1,0.9656890034675598,0.10777599364519119,0.23628203570842743,0,-0.22752101719379425,0.789775013923645,0.5696399807929993,0,-0.1252160221338272,-0.6038540601730347,0.7871979475021362,0,0,19.21179962158203,-0.12080000340938568,1,0.9898290038108826,-0.13672001659870148,0.03931300342082977,0,0.13631601631641388,0.9905830025672913,0.012800002470612526,0,-0.040692005306482315,-0.0073110018856823444,0.999144971370697,0,0,22.414199829101562,0,1,0.9897950291633606,-0.13030101358890533,0.05767800658941269,0,0.12997400760650635,0.9914730191230774,0.009394003078341484,0,-0.05841000750660896,-0.0018020005663856864,0.998291015625,0,0,25.616199493408203,0,1,0.9724149703979492,0.07620800286531448,-0.2204580008983612,0,-0.05816999822854996,0.9944909811019897,0.08719899505376816,0,0.22588899731636047,-0.07196899503469467,0.9714909791946411,0,0,28.818199157714844,0,1,0.31043899059295654,-0.29113295674324036,-0.9049140214920044,0,0.009905985556542873,0.9528859853744507,-0.3031679689884186,0,0.9505419731140137,0.08515100926160812,0.29869699478149414,0,0,24.81220054626465,-0.20800000429153442,1,0.19857098162174225,-0.08213800936937332,-0.9766389727592468,0,0.8495950102806091,-0.48237699270248413,0.21330899000167847,0,-0.48862800002098083,-0.8721039891242981,-0.02600199170410633,0,10.665499687194824,25.014400482177734,-0.09600000083446503,1,-0.09975195676088333,0.9928910136222839,-0.0649399608373642,0,-0.9912779927253723,-0.09351595491170883,0.09285498410463333,0,0.08612199127674103,0.07363595813512802,0.9935600161552429,0,0,22.733400344848633,0,1,0.5258098244667053,0.8505701422691345,0.007373002823442221,0,-0.8505781292915344,0.5257108211517334,0.012002001516520977,0,0.006333002820611,-0.012582002207636833,0.9999009966850281,0,0,53.267799377441406,0,1,0.9854890704154968,-0.03805131837725639,0.16542160511016846,0,0.07485723495483398,0.9720889329910278,-0.2223491668701172,0,-0.1523435264825821,0.23150616884231567,0.9608309864997864,0,0,48.94649887084961,0,1,0.30934301018714905,0.9045349955558777,-0.29346901178359985,0,-0.6197370290756226,0.4258289933204651,0.6592379808425903,0,0.7212719917297363,-0.022057000547647476,0.6923009753227234,0,-7.220099925994873,5.92080020904541,0,1,0.5015689730644226,-0.8634750247001648,0.0532820001244545,0,0.8156239986419678,0.49250999093055725,0.303629994392395,0,-0.2884190082550049,-0.10883300006389618,0.9512990117073059,0,-0.19339999556541443,7.467299938201904,0,1,0.8981320261955261,-0.43097999691963196,0.08726699650287628,0,0.4392380118370056,0.8886359930038452,-0.1318890005350113,0,-0.02070700004696846,0.1567849963903427,0.9874160289764404,0,-0.07540000230073929,10.21150016784668,0,1,0.9934970140457153,0.07329200208187103,0.0871329978108406,0,-0.10966899991035461,0.41028499603271484,0.9053390026092529,0,0.030604999512434006,-0.9090080261230469,0.4156540036201477,0,0,11.067999839782715,0.17139999568462372,1,0.996275007724762,0.07532200217247009,0.04198300093412399,0,-0.0732249990105629,0.48184001445770264,0.8731949925422668,0,0.04554099962115288,-0.8730159997940063,0.48555999994277954,0,0.2676999866962433,15.237099647521973,0,1,0.9962509870529175,0.0852229967713356,0.014882000163197517,0,-0.0809750035405159,0.8580229878425598,0.5071889758110046,0,0.030455000698566437,-0.506492018699646,0.8617069721221924,0,-0.27320000529289246,11.754599571228027,0,1,0.1481340229511261,-0.02828001230955124,0.9885630011558533,0,-0.9425169825553894,-0.30678489804267883,0.13245803117752075,0,0.29952991008758545,-0.95135897397995,-0.07210000604391098,0,-10.665499687194824,25.013500213623047,0.04820000007748604,1,0.8112419247627258,-0.16352783143520355,-0.5613781213760376,0,0.11514000594615936,0.9859740734100342,-0.1208227127790451,0,0.5732620358467102,0.03337873890995979,0.8186919689178467,0,0,22.733400344848633,0,1,-0.4733450412750244,-0.8807790279388428,-0.013194999657571316,0,0.8807849884033203,-0.47345903515815735,0.007360999938100576,0,-0.01273099984973669,-0.008136999793350697,0.9998859763145447,0,0,53.26279830932617,0,1,0.6781579852104187,-0.2061423510313034,-0.7054128646850586,0,-0.054965514689683914,0.9429389834403992,-0.3283960521221161,0,0.7328580021858215,0.2614777088165283,0.628131091594696,0,0,48.94879913330078,0,1,0.5677340030670166,-0.7896119952201843,0.232791006565094,0,0.57191002368927,0.5817210078239441,0.5783780217170715,0,-0.5921130180358887,-0.19522899389266968,0.7818490266799927,0,8.018799781799316,6.1006999015808105,0,1,0.6059020161628723,0.7941470146179199,-0.04704499989748001,0,-0.7574080228805542,0.593940019607544,0.27123600244522095,0,0.24334299564361572,-0.12871000170707703,0.9613620042800903,0,1.1370999813079834,7.980000019073486,0,1,0.9892619848251343,0.12691199779510498,-0.07248300313949585,0,-0.13626499474048615,0.9802299737930298,-0.14346200227737427,0,0.05284300073981285,0.15179799497127533,0.9869980216026306,0,1.0223000049591064,9.384200096130371,0,1,0.9920470118522644,-0.08195099979639053,-0.09553799778223038,0,0.119378000497818,0.3719500005245209,0.9205440282821655,0,-0.039903998374938965,-0.9246280193328857,0.3787750005722046,0,0,12.017200469970703,0.17100000381469727,1,0.9958279728889465,-0.07970599830150604,-0.04443499818444252,0,0.07474199682474136,0.43303099274635315,0.8982750177383423,0,-0.05235600098967552,-0.8978480100631714,0.4371820092201233,0,-0.27889999747276306,14.73859977722168,0,1,0.9942259788513184,-0.10516099631786346,-0.021361999213695526,0,0.10043399780988693,0.8417959809303284,0.5303699970245361,0,-0.03779200091958046,-0.5294520258903503,0.8474969863891602,0,0.359499990940094,11.803400039672852,0,1,-0.7794139981269836,-0.5189910531044006,0.35094600915908813,0,0.6056569814682007,-0.48084592819213867,0.6340090036392212,0,-0.16029305756092072,0.7067080140113831,0.6891080141067505,0,16.968599319458008,-10.666000366210938,0.600600004196167,1,0.9792259931564331,-0.09010300785303116,-0.18165500462055206,0,-0.14055000245571136,0.34413793683052063,-0.9283400177955627,0,0.1461610049009323,0.9345859885215759,0.32432493567466736,0,0,64.0801010131836,0,1,0.8733369708061218,-0.4858179986476898,0.03554898500442505,0,0.2815810441970825,0.5630419850349426,0.7769780158996582,0,-0.39748498797416687,-0.6685540080070496,0.6285229921340942,0,0,55.26919937133789,0,1,0.9988279938697815,-0.03662402182817459,-0.03163398802280426,0,0.044648002833127975,0.44519907236099243,0.8943179845809937,0,-0.01867002062499523,-0.894681990146637,0.4463120698928833,0,0,36.55550003051758,0,1,-0.9989640116691589,-0.03644503280520439,0.027249015867710114,0,0.04263303056359291,-0.5401409268379211,0.8404939770698547,0,-0.01591402292251587,0.840785026550293,0.5411349534988403,0,-16.968599319458008,-10.666000366210938,0.4724000096321106,1,0.9852179884910583,0.16890296339988708,0.02858596295118332,0,-0.005775013938546181,0.19952090084552765,-0.9798759818077087,0,-0.1712079644203186,0.9652270078659058,0.19754691421985626,0,0,64.064697265625,0,1,0.9698839783668518,0.0282879788428545,-0.24191999435424805,0,0.23363201320171356,0.1727539747953415,0.9568549990653992,0,0.0688609778881073,-0.9845589995384216,0.1609419882297516,0,0,55.25870132446289,0,1,0.9915400147438049,0,0.12980100512504578,0,-0.08115699887275696,0.7804290056228638,0.6199550032615662,0,-0.10130000114440918,-0.6252440214157104,0.7738270163536072,0,0,36.84489822387695,0,1
K0.067,-0.2509489953517914,-0.06526599079370499,0.965798020362854,0,-0.13284103572368622,0.9906070232391357,0.032425981014966965,0,-0.9588419795036316,-0.12016003578901291,-0.2572619915008545,0,2.577934741973877,122.20133209228516,-0.21338680386543274,1,0.9649879932403564,0.10701300948858261,0.23947197198867798,0,-0.22936898469924927,0.7871540188789368,0.5725190043449402,0,-0.12723498046398163,-0.6074009537696838,0.7841400504112244,0,0,19.21179962158203,-0.12080000340938568,1,0.9895259737968445,-0.13882099092006683,0.039594996720552444,0,0.13840298354625702,0.9902889728546143,0.013112997636198997,0,-0.041030995547771454,-0.007495997939258814,0.9991300106048584,0,0,22.414199829101562,0,1,0.9894899725914001,-0.13230498135089874,0.058351993560791016,0,0.13196498155593872,0.9912070035934448,0.009659997187554836,0,-0.059116993099451065,-0.0018579993629828095,0.9982489943504333,0,0,25.616199493408203,0,1,0.9723860025405884,0.07616599649190903,-0.2205989956855774,0,-0.05820799991488457,0.9945240020751953,0.08680200576782227,0,0.22600199282169342,-0.07156400382518768,0.9714940190315247,0,0,28.818199157714844,0,1,0.3107309937477112,-0.2889460325241089,-0.9055150151252747,0,0.008372015319764614,0.9534689784049988,-0.30137503147125244,0,0.9504609704017639,0.08606499433517456,0.2986910045146942,0,0,24.81220054626465,-0.20800000429153442,1,0.19729401171207428,-0.08256199210882187,-0.9768620133399963,0,0.8491320013999939,-0.4836049973964691,0.21237000823020935,0,-0.48994898796081543,-0.8713840246200562,-0.025307007133960724,0,10.665499687194824,25.014400482177734,-0.09600000083446503,1,-0.09511904418468475,0.9935849905014038,-0.06115903705358505,0,-0.9917929768562317,-0.08931604772806168,0.09148401767015457,0,0.08543501049280167,0.06935904175043106,0.993927001953125,0,0,22.733400344848633,0,1,0.5057641863822937,0.8626378774642944,0.007654997054487467,0,-0.8626458644866943,0.5056611895561218,0.012172997929155827,0,0.00662999739870429,-0.012759998440742493,0.9998970031738281,0,0,53.267799377441406,0,1,0.9895839691162109,-0.06978868693113327,0.1259113848209381,0,0.09848175942897797,0.9661350846290588,-0.23850484192371368,0,-0.10500247031450272,0.2484208345413208,0.962943971157074,0,0,48.94649887084961,0,1,0.30934301018714905,0.9045349955558777,-0.29346901178359985,0,-0.6197370290756226,0.4258289933204651,0.6592379808425903,0,0.7212719917297363,-0.022057000547647476,0.6923009753227234,0,-7.220099925994873,5.92080020904541,0,1,0.5015689730644226,-0.8634750247001648,0.0532820001244545,0,0.8156239986419678,0.49250999093055725,0.303629994392395,0,-0.2884190082550049,-0.10883300006389618,0.9512990117073059,0,-0.19339999556541443,7.467299938201904,0,1,0.8981320261955261,-0.43097999691963196,0.08726699650287628,0,0.4392389953136444,0.8886359930038452,-0.13188999891281128,0,-0.02070700004696846,0.1567859947681427,0.9874160289764404,0,-0.07540000230073929,10.21150016784668,0,1,0.9934970140457153,0.07329200208187103,0.0871329978108406,0,-0.10966899991035461,0.41028499603271484,0.9053390026092529,0,0.030604999512434006,-0.9090070128440857,0.4156549870967865,0,0,11.067999839782715,0.17139999568462372,1,0.996275007724762,0.07532200217247009,0.04198300093412399,0,-0.0732249990105629,0.48184001445770264,0.8731949925422668,0,0.04554099962115288,-0.8730159997940063,0.48555999994277954,0,0.2676999866962433,15.237099647521973,0,1,0.9962509870529175,0.0852229967713356,0.014883000403642654,0,-0.0809750035405159,0.8580229878425598,0.5071889758110046,0,0.0304540004581213,-0.506492018699646,0.8617069721221924,0,-0.27320000529289246,11.754599571228027,0,1,0.1508699655532837,-0.02953098714351654,0.9881119728088379,0,-0.9450330138206482,-0.2976250946521759,0.13539797067642212,0,0.29008910059928894,-0.954226016998291,-0.07281099259853363,0,-10.665499687194824,25.013500213623047,0.04820000007748604,1,0.8052390813827515,-0.14770016074180603,-0.574259877204895,0,0.1159919947385788,0.9890059232711792,-0.09172628819942474,0,0.5814939141273499,0.007252259645611048,0.8135180473327637,0,0,22.733400344848633,0,1,-0.4752969741821289,-0.879725992679596,-0.01321099977940321,0,0.8797330260276794,-0.47541096806526184,0.0073529998771846294,0,-0.012749000452458858,-0.008128000423312187,0.9998859763145447,0,0,53.26279830932617,0,1,0.6775280237197876,-0.241280660033226,-0.6947941184043884,0,-0.006587481126189232,0.9426310062408447,-0.33376994729042053,0,0.7354670166969299,0.23071631789207458,0.6370699405670166,0,0,48.94879913330078,0,1,0.5677340030670166,-0.7896119952201843,0.232791006565094,0,0.57191002368927,0.5817210078239441,0.5783770084381104,0,-0.5921130180358887,-0.19522899389266968,0.7818490266799927,0,8.018799781799316,6.1006999015808105,0,1,0.6059020161628723,0.7941470146179199,-0.04704499989748001,0,-0.7574080228805542,0.5939390063285828,0.27123600244522095,0,0.24334299564361572,-0.12871000170707703,0.9613620042800903,0,1.1370999813079834,7.980000019073486,0,1,0.9892619848251343,0.12691199779510498,-0.07248300313949585,0,-0.13626399636268616,0.9802299737930298,-0.14346200227737427,0,0.05284300073981285,0.15179799497127533,0.9869980216026306,0,1.0223000049591064,9.384200096130371,0,1,0.9920470118522644,-0.08195199817419052,-0.09553799778223038,0,0.119378000497818,0.3719500005245209,0.9205440282821655,0,-0.03990500047802925,-0.9246280193328857,0.3787750005722046,0,0,12.017200469970703,0.17100000381469727,1,0.9958270192146301,-0.07970599830150604,-0.04443499818444252,0,0.07474199682474136,0.43303200602531433,0.8982750177383423,0,-0.05235600098967552,-0.8978480100631714,0.4371820092201233,0,-0.27889999747276306,14.73859977722168,0,1,0.9942259788513184,-0.10516099631786346,-0.021361999213695526,0,0.10043399780988693,0.8417959809303284,0.530368983745575,0,-0.03779200091958046,-0.5294520258903503,0.8474969863891602,0,0.359499990940094,11.803400039672852,0,1,-0.7764739990234375,-0.5239759683609009,0.35005301237106323,0,0.6076549887657166,-0.4754980504512787,0.6361269950866699,0,-0.16686594486236572,0.7066469788551331,0.687608003616333,0,16.968599319458008,-10.666000366210938,0.600600004196167,1,0.9791880249977112,-0.0911799892783165,-0.181318998336792,0,-0.14073200523853302,0.3386780619621277,-0.9303179979324341,0,0.14623500406742096,0.9364740252494812,0.3187970519065857,0,0,64.0801010131836,0,1,0.8733400106430054,-0.48590999841690063,0.03418101370334625,0,0.2832929790019989,0.5637480020523071,0.7758439779281616,0,-0.39625999331474304,-0.6678919792175293,0.6299989819526672,0,0,55.26919937133789,0,1,0.9987760186195374,-0.038797978311777115,-0.03069300949573517,0,0.04488599672913551,0.449849933385849,0.8919749855995178,0,-0.02079997956752777,-0.8922610282897949,0.45104095339775085,0,0,36.55550003051758,0,1,-0.998786985874176,-0.0398479662835598,0.028907982632517815,0,0.04579497128725052,-0.5365690588951111,0.8426129817962646,0,-0.018065979704260826,0.8429149985313416,0.5377430319786072,0,-16.968599319458008,-10.666000366210938,0.4724000096321106,1,0.9857959747314453,0.166096031665802,0.02485603652894497,0,-0.007186986040323973,0.18958809971809387,-0.9818369746208191,0,-0.16779203712940216,0.9677129983901978,0.18808908760547638,0,0,64.064697265625,0,1,0.9697890281677246,0.02616802044212818,-0.24253800511360168,0,0.23476798832416534,0.1700330227613449,0.9570649862289429,0,0.06628402322530746,-0.985090970993042,0.15875300765037537,0,0,55.25870132446289,0,1,0.9915400147438049,0,0.12980100512504578,0,-0.08115799725055695,0.7804290056228638,0.619953989982605,0,-0.10130099952220917,-0.6252440214157104,0.7738270163536072,0,0,36.84489822387695,0,1
K0.100,-0.2504749894142151,-0.06640200316905975,0.9658430218696594,0,-0.12883299589157104,0.9910579919815063,0.03472499921917915,0,-0.9595119953155518,-0.1157350018620491,-0.25679001212120056,0,2.896207094192505,121.70172882080078,-0.5407490134239197,1,0.9643170237541199,0.10587400197982788,0.24266000092029572,0,-0.23095600306987762,0.784492015838623,0.575527012348175,0,-0.12943199276924133,-0.6110339760780334,0.7809510231018066,0,0,19.21179962158203,-0.12080000340938568,1,0.9892029762268066,-0.1410209983587265,0.03987300023436546,0,0.14058999717235565,0.9899770021438599,0.013435999862849712,0,-0.04136800020933151,-0.007685000076889992,0.9991139769554138,0,0,22.414199829101562,0,1,0.9891660213470459,-0.1344040036201477,0.05903499945998192,0,0.13404999673366547,0.9909250140190125,0.009940000250935555,0,-0.059835001826286316,-0.0019180000526830554,0.9982060194015503,0,0,25.616199493408203,0,1,0.9723219871520996,0.07614599913358688,-0.22088800370693207,0,-0.0580810010433197,0.9944990277290344,0.08716800063848495,0,0.22630999982357025,-0.07192599773406982,0.9713960289955139,0,0,28.818199157714844,0,1,0.31025201082229614,-0.28583699464797974,-0.906665027141571,0,0.006147000007331371,0.9543099999427795,-0.2987540066242218,0,0.9506340026855469,0.08711600303649902,0.29783400893211365,0,0,24.81220054626465,-0.20800000429153442,1,0.19552500545978546,-0.08325400203466415,-0.9771580100059509,0,0.8482540249824524,-0.48569199442863464,0.21111300587654114,0,-0.4921739995479584,-0.8701559901237488,-0.024343999102711678,0,10.665499687194824,25.014400482177734,-0.09600000083446503,1,-0.08980999886989594,0.9942290186882019,-0.058674998581409454,0,-0.9921339750289917,-0.0841509997844696,0.09268099814653397,0,0.08720800280570984,0.06653700023889542,0.9939659833908081,0,0,22.733400344848633,0,1,0.48439401388168335,0.874813973903656,0.00795700028538704,0,-0.8748220205307007,0.48428699374198914,0.012343999929726124,0,0.006945999804884195,-0.0129399998113513,0.999891996383667,0,0,53.267799377441406,0,1,0.9910240173339844,-0.1063539981842041,0.08099900186061859,0,0.12398099899291992,0.957813024520874,-0.2592740058898926,0,-0.05000700429081917,0.26698899269104004,0.9624009728431702,0,0,48.94649887084961,0,1,0.30934301018714905,0.9045349955558777,-0.29346901178359985,0,-0.6197370290756226,0.4258289933204651,0.6592389941215515,0,0.7212719917297363,-0.022057000547647476,0.6923009753227234,0,-7.220099925994873,5.92080020904541,0,1,0.5015689730644226,-0.8634750247001648,0.0532820001244545,0,0.8156239986419678,0.49250999093055725,0.303629994392395,0,-0.2884190082550049,-0.10883300006389618,0.9512990117073059,0,-0.19339999556541443,7.467299938201904,0,1,0.8981320261955261,-0.43097999691963196,0.08726699650287628,0,0.4392389953136444,0.8886359930038452,-0.13188999891281128,0,-0.02070700004696846,0.1567859947681427,0.9874160289764404,0,-0.07540000230073929,10.21150016784668,0,1,0.9934970140457153,0.07329200208187103,0.0871329978108406,0,-0.10966899991035461,0.41028499603271484,0.9053390026092529,0,0.030604999512434006,-0.9090070128440857,0.4156549870967865,0,0,11.067999839782715,0.17139999568462372,1,0.996275007724762,0.07532200217247009,0.04198300093412399,0,-0.0732249990105629,0.48184001445770264,0.8731939792633057,0,0.04554099962115288,-0.8730159997940063,0.48555999994277954,0,0.2676999866962433,15.237099647521973,0,1,0.9962509870529175,0.0852229967713356,0.014882000163197517,0,-0.0809750035405159,0.8580229878425598,0.5071880221366882,0,0.030455000698566437,-0.506492018699646,0.8617069721221924,0,-0.27320000529289246,11.754599571228027,0,1,0.15432700514793396,-0.030946999788284302,0.9875349998474121,0,-0.947409987449646,-0.2882469892501831,0.13902400434017181,0,0.28035101294517517,-0.9570559859275818,-0.07380399852991104,0,-10.665499687194824,25.013500213623047,0.04820000007748604,1,0.7999789714813232,-0.12911100685596466,-0.5859730243682861,0,0.11770199984312057,0.9913690090179443,-0.05774499848484993,0,0.5883709788322449,-0.02277499809861183,0.8082709908485413,0,0,22.733400344848633,0,1,-0.47540798783302307,-0.8796659708023071,-0.013212000019848347,0,0.8796730041503906,-0.4755220115184784,0.00735200010240078,0,-0.012749999761581421,-0.00812700018286705,0.9998859763145447,0,0,53.26279830932617,0,1,0.6735090017318726,-0.2831859886646271,-0.682781994342804,0,0.05216999724507332,0.93961101770401,-0.3382439911365509,0,0.7373359799385071,0.1921900063753128,0.6476100087165833,0,0,48.94879913330078,0,1,0.5677340030670166,-0.7896119952201843,0.232791006565094,0,0.57191002368927,0.5817210078239441,0.5783770084381104,0,-0.5921130180358887,-0.19522899389266968,0.7818490266799927,0,8.018799781799316,6.1006999015808105,0,1,0.6059020161628723,0.7941470146179199,-0.04704499989748001,0,-0.7574080228805542,0.5939390063285828,0.27123600244522095,0,0.24334299564361572,-0.12871000170707703,0.9613620042800903,0,1.1370999813079834,7.980000019073486,0,1,0.9892619848251343,0.12691199779510498,-0.07248300313949585,0,-0.13626399636268616,0.9802299737930298,-0.14346200227737427,0,0.05284300073981285,0.15179799497127533,0.9869980216026306,0,1.0223000049591064,9.384200096130371,0,1,0.9920470118522644,-0.08195099979639053,-0.09553799778223038,0,0.119378000497818,0.3719500005245209,0.9205440282821655,0,-0.03990500047802925,-0.9246280193328857,0.3787750005722046,0,0,12.017200469970703,0.17100000381469727,1,0.9958279728889465,-0.07970599830150604,-0.04443499818444252,0,0.07474199682474136,0.43303099274635315,0.8982750177383423,0,-0.05235600098967552,-0.8978480100631714,0.4371820092201233,0,-0.27889999747276306,14.73859977722168,0,1,0.9942259788513184,-0.10516099631786346,-0.021361999213695526,0,0.10043399780988693,0.8417969942092896,0.530368983745575,0,-0.03779200091958046,-0.5294520258903503,0.8474979996681213,0,0.359499990940094,11.803400039672852,0,1,-0.7727059721946716,-0.5300449728965759,0.3492540121078491,0,0.6104339957237244,-0.4696280062198639,0.6378239989280701,0,-0.17405599355697632,0.706046998500824,0.6864420175552368,0,16.968599319458008,-10.666000366210938,0.600600004196167,1,0.9791430234909058,-0.09250800311565399,-0.18088999390602112,0,-0.1409599930047989,0.33188000321388245,-0.9327300190925598,0,0.14631900191307068,0.9387750029563904,0.3119179904460907,0,0,64.0801010131836,0,1,0.873291015625,-0.48609399795532227,0.03279300034046173,0,0.2853870093822479,0.5649420022964478,0.7742059826850891,0,-0.3948630094528198,-0.6667479872703552,0.6320840120315552,0,0,55.26919937133789,0,1,0.9987130165100098,-0.04129299893975258,-0.029438000172376633,0,0.04499899968504906,0.453918993473053,0.8899059891700745,0,-0.023384999483823776,-0.8900859951972961,0.45519301295280457,0,0,36.55550003051758,0,1,-0.9985589981079102,-0.04385000094771385,0.03092299960553646,0,0.049570001661777496,-0.5332990288734436,0.8444730043411255,0,-0.020539000630378723,0.844789981842041,0.5347040295600891,0,-16.968599319458008,-10.666000366210938,0.4724000096321106,1,0.9863389730453491,0.16338999569416046,0.02097499929368496,0,-0.008627000264823437,0.17838500440120697,-0.9839230179786682,0,-0.1645050048828125,0.970300018787384,0.1773580014705658,0,0,64.064697265625,0,1,0.9696779847145081,0.023869000375270844,-0.24321700632572174,0,0.23602600395679474,0.16660800576210022,0.9573580026626587,0,0.06337299942970276,-0.9857339859008789,0.155922994017601,0,0,55.25870132446289,0,1,0.9915400147438049,0,0.12980100512504578,0,-0.08115699887275696,0.7804290056228638,0.619953989982605,0,-0.10130099952220917,-0.6252440214157104,0.7738270163536072,0,0,36.84489822387695,0,1
