2.967,30,89,41
B0,mixamorig_Hips,-1,0.6015257239341736,0.09928087890148163,0.7926591634750366,0,0.03601764515042305,0.9878674149513245,-0.15106289088726044,0,-0.7980407476425171,0.11941671371459961,0.5906527042388916,0,13.924375534057617,138.42784118652344,-11.322505950927734,1
B1,mixamorig_Spine,0,0.9990260004997253,-0.04113476723432541,-0.015835899859666824,0,0.04255137965083122,0.9937065243721008,0.10357674956321716,0,0.0114765465259552,-0.10415003448724747,0.9944890141487122,0,0,19.21179962158203,-0.12080000340938568,1
B2,mixamorig_Spine1,1,0.9954042434692383,-0.08397439867258072,-0.04602602869272232,0,0.0923348218202591,0.9690693616867065,0.22886326909065247,0,0.025383690372109413,-0.23206117749214172,0.972369372844696,0,0,22.414199829101562,0,1
B3,mixamorig_Spine2,2,0.9954057931900024,-0.08395101875066757,-0.046041201800107956,0,0.09231548756361008,0.9690685868263245,0.22887305915355682,0,0.025403132662177086,-0.23207223415374756,0.9723666310310364,0,0,25.616199493408203,0,1
B4,mixamorig_Neck,3,0.9990063905715942,-0.002669546753168106,-0.04448060318827629,0,0.00655618030577898,0.9961442947387695,0.0874767005443573,0,0.044075578451156616,-0.08768124878406525,0.9951721429824829,0,0,28.818199157714844,0,1
B5,mixamorig_Head,4,0.7673435211181641,-0.155283123254776,-0.622128427028656,0,0.06311196833848953,0.9838066101074219,-0.1676923781633377,0,0.6381072998046875,0.08940063416957855,0.7647209167480469,0,0,24.81220054626465,-0.20800000429153442,1
B6,mixamorig_HeadTop_End,5,1,0,0,0,0,1,0,0,0,0,1,0,0,103.31420135498047,-0.8658999800682068,1
B7,mixamorig_LeftShoulder,3,0.09515342861413956,-0.0037244721315801144,-0.9954549074172974,0,0.9703869819641113,-0.22268228232860565,0.09359066933393478,0,-0.22201867401599884,-0.9748830795288086,-0.01757572591304779,0,10.665499687194824,25.014400482177734,-0.09600000083446503,1
B8,mixamorig_LeftArm,7,0.8725693821907043,-0.23313796520233154,0.42923516035079956,0,-0.12393166869878769,0.7443369626998901,0.6561984419822693,0,-0.472477525472641,-0.6257843375205994,0.6205902099609375,0,0,22.733400344848633,0,1
B9,mixamorig_LeftForeArm,8,-0.6116318106651306,0.7907786965370178,0.023422056809067726,0,-0.7907866835594177,-0.6119683980941772,0.011158344335854053,0,0.02315778285264969,-0.01169711071997881,0.9996635317802429,0,0,53.267799377441406,0,1
B10,mixamorig_LeftHand,9,0.9924827814102173,0.1078374981880188,-0.05778353661298752,0,-0.10475405305624008,0.9930196404457092,0.05401114746928215,0,0.06321524828672409,-0.047553323209285736,0.9968599677085876,0,0,48.94649887084961,0,1
B11,mixamorig_LeftHandThumb1,10,0.902675986289978,0.41787800192832947,-0.10273700207471848,0,-0.3893132507801056,0.8947529792785645,0.21875,0,0.18333500623703003,-0.15746299922466278,0.9703577756881714,0,-7.220099925994873,5.92080020904541,0,1
B12,mixamorig_LeftHandThumb2,11,0.8434569835662842,-0.5355579853057861,0.041933998465538025,0,0.4295092523097992,0.719202995300293,0.5461400151252747,0,-0.3226490020751953,-0.4426339864730835,0.8366439938545227,0,-0.19339999556541443,7.467299938201904,0,1
B13,mixamorig_LeftHandThumb3,12,0.8965399861335754,-0.4340220093727112,-0.08855199813842773,0,0.42061901092529297,0.8968210220336914,-0.13708199560642242,0,0.13891200721263885,0.08565299957990646,0.986594021320343,0,-0.07540000230073929,10.21150016784668,0,1
B14,mixamorig_LeftHandThumb4,13,1,0,0,0,0,1,0,0,0,0,1,0,0.2687999904155731,8.708700180053711,0,1
B15,mixamorig_LeftHandIndex1,10,0.9898390173912048,0.08892799913883209,-0.11095524579286575,0,0.11640024930238724,-0.058566998690366745,0.9914739727973938,0,0.08167099952697754,-0.9943150281906128,-0.06832300126552582,0,0,11.067999839782715,0.17139999568462372,1
B16,mixamorig_LeftHandIndex2,15,0.9863439798355103,0.10283699631690979,0.12864500284194946,0,-0.09660299867391586,-0.2713879942893982,0.957610011100769,0,0.13338999450206757,-0.9569609761238098,-0.25774699449539185,0,0.2676999866962433,15.237099647521973,0,1
B17,mixamorig_LeftHandIndex3,16,0.9846649765968323,0.14229600131511688,0.1009259968996048,0,-0.12098699808120728,0.14021199941635132,0.9827020168304443,0,0.1256832480430603,-0.979843020439148,0.15527799725532532,0,-0.27320000529289246,11.754599571228027,0,1
B18,mixamorig_LeftHandIndex4,17,1,0,0,0,0,1,0,0,0,0,1,0,0.005499999970197678,9.809100151062012,0,1
B19,mixamorig_RightShoulder,3,0.4505403935909271,-0.17253276705741882,0.875921368598938,0,-0.834376335144043,-0.43033987283706665,0.3444051742553711,0,0.3175223767757416,-0.8860217332839966,-0.33784812688827515,0,-10.665499687194824,25.013500213623047,0.04820000007748604,1
B20,mixamorig_RightArm,19,0.5405052304267883,-0.7666312456130981,-0.3465641438961029,0,0.8225935697555542,0.5679964423179626,0.026458287611603737,0,0.176555335521698,-0.29938995838165283,0.9376498460769653,0,0,22.733400344848633,0,1
B21,mixamorig_RightForeArm,20,-0.3644699454307556,-0.9311283826828003,-0.012284801341593266,0,0.931135356426239,-0.36457595229148865,0.007782079745084047,0,-0.011725281365215778,-0.008602585643529892,0.9998940229415894,0,0,53.26279830932617,0,1
B22,mixamorig_RightHand,21,0.9185328483581543,-0.3216942250728607,-0.2297748327255249,0,0.35383206605911255,0.928215742111206,0.11494915932416916,0,0.1763032227754593,-0.18688766658306122,0.9664223194122314,0,0,48.94879913330078,0,1
B23,mixamorig_RightHandThumb1,22,0.9495639801025391,-0.2967199981212616,0.10141299664974213,0,0.29521599411964417,0.9549630284309387,0.02988000027835369,0,-0.10571199655532837,0.0015660000499337912,0.9943959712982178,0,8.018799781799316,6.1006999015808105,0,1
B24,mixamorig_RightHandThumb2,23,0.8387219905853271,0.5445590019226074,-0.0007409999961964786,0,-0.45511600375175476,0.701708972454071,0.5481550097465515,0,0.29902300238609314,-0.45941299200057983,0.8363760113716125,0,1.1370999813079834,7.980000019073486,0,1
B25,mixamorig_RightHandThumb3,24,0.9753329753875732,0.20281825959682465,0.08712200075387955,0,-0.19373999536037445,0.9756879806518555,-0.10246200114488602,0,-0.10578475147485733,0.08305499702692032,0.990913987159729,0,1.0223000049591064,9.384200096130371,0,1
B26,mixamorig_RightHandThumb4,25,1,0,0,0,0,1,0,0,0,0,1,0,-2.1594998836517334,7.527200222015381,0,1
B27,mixamorig_RightHandIndex1,22,0.9899659752845764,-0.0928020030260086,0.10655900090932846,0,-0.11103200167417526,-0.04444200173020363,0.9928230047225952,0,-0.08739999681711197,-0.9946920275688171,-0.05429999902844429,0,0,12.017200469970703,0.17100000381469727,1
B28,mixamorig_RightHandIndex2,27,0.9857029914855957,-0.1084510013461113,-0.12894900143146515,0,0.09559399634599686,-0.27025800943374634,0.9580307602882385,0,-0.13874900341033936,-0.9566599726676941,-0.2560270130634308,0,-0.27889999747276306,14.73859977722168,0,1
B29,mixamorig_RightHandIndex3,28,0.9812359809875488,-0.15607474744319916,-0.1132117509841919,0,0.13514074683189392,0.13790500164031982,0.9811829924583435,0,-0.13752500712871552,-0.9780709743499756,0.15640899538993835,0,0.359499990940094,11.803400039672852,0,1
B30,mixamorig_RightHandIndex4,29,1,0,0,0,0,1,0,0,0,0,1,0,-0.08060000091791153,9.22070026397705,0,1
B31,mixamorig_LeftUpLeg,0,-0.9014117121696472,-0.2487562596797943,0.3542957305908203,0,0.34663867950439453,-0.9050266742706299,0.24640320241451263,0,0.25932589173316956,0.34494587779045105,0.9020501375198364,0,16.968599319458008,-10.666000366210938,0.600600004196167,1
B32,mixamorig_LeftLeg,31,0.9954988360404968,-0.09322722256183624,-0.015162348747253418,0,0.05818890035152435,0.7324971556663513,-0.6781858801841736,0,0.07436241954565048,0.6742382645606995,0.7346445918083191,0,0,64.0801010131836,0,1
B33,mixamorig_LeftFoot,32,0.946732759475708,-0.23665980994701385,0.21837472915649414,0,-0.08083219826221466,0.48175811767578125,0.8725581765174866,0,-0.3117028772830963,-0.8437309861183167,0.4369664490222931,0,0,55.26919937133789,0,1
B34,mixamorig_LeftToeBase,33,0.9923354387283325,-0.0003679602814372629,-0.12357217073440552,0,0.08228838443756104,0.7479953169822693,0.6585826277732849,0,0.09218878298997879,-0.663703978061676,0.7422924637794495,0,0,36.55550003051758,0,1
B35,mixamorig_LeftToe_End,34,1,0,0,0,0,1,0,0,0,0,1,0,0,13.579999923706055,0,1
B36,mixamorig_RightUpLeg,0,-0.9233699440956116,0.3490307033061981,-0.15988004207611084,0,-0.3830971121788025,-0.8647319078445435,0.32467615604400635,0,-0.024924030527472496,0.3610455095767975,0.9321816563606262,0,-16.968599319458008,-10.666000366210938,0.4724000096321106,1
B37,mixamorig_RightLeg,36,0.9942105412483215,0.006521353963762522,0.1072435975074768,0,0.08311419934034348,0.5857942700386047,-0.8060559630393982,0,-0.06809869408607483,0.810303270816803,0.5818600058555603,0,0,64.064697265625,0,1
B38,mixamorig_RightFoot,37,0.9281461834907532,0.32417038083076477,-0.18288323283195496,0,0.09318248927593231,0.2732725143432617,0.9573811888694763,0,0.3603513836860657,-0.9056335091590881,0.22342264652252197,0,0,55.25870132446289,0,1
B39,mixamorig_RightToeBase,38,0.9924836158752441,0.0002787930134218186,0.12237971276044846,0,-0.07996560633182526,0.7584708333015442,0.6467820405960083,0,-0.09264108538627625,-0.6517069935798645,0.7527919411659241,0,0,36.84489822387695,0,1
B40,mixamorig_RightToe_End,39,1,0,0,0,0,1,0,0,0,0,1,0,0,13.57919979095459,0,1
@34,0,1,2,3,4,5,7,8,9,10,11,12,13,15,16,17,19,20,21,22,23,24,25,27,28,29,31,32,33,34,36,37,38,39
K0.000,0.5926949977874756,0.10486199706792831,0.798570990562439,0,0.026666000485420227,0.9883900284767151,-0.1495790034532547,0,-0.804984986782074,0.10994900017976761,0.5830180048942566,0,14.10947036743164,137.3751678466797,-11.297188758850098,1,0.9989269971847534,-0.04131999984383583,-0.020896000787615776,0,0.043368998914957047,0.9930260181427002,0.10962700098752975,0,0.01621999964118004,-0.11041499674320221,0.9937530159950256,0,0,19.21179962158203,-0.12080000340938568,1,0.9954100251197815,-0.08315599709749222,-0.0473719984292984,0,0.09185700118541718,0.9690660238265991,0.22906899452209473,0,0.026858000084757805,-0.23236900568008423,0.9722570180892944,0,0,22.414199829101562,0,1,0.9954119920730591,-0.08313199877738953,-0.04736600071191788,0,0.0918319970369339,0.9690690040588379,0.22906999289989471,0,0.026858000084757805,-0.23236900568008423,0.9722570180892944,0,0,25.616199493408203,0,1,0.9989309906959534,-0.004660000093281269,-0.0459819994866848,0,0.008131000213325024,0.9971060156822205,0.07558900117874146,0,0.045496001839637756,-0.07588200271129608,0.9960780143737793,0,0,28.818199157714844,0,1,0.7550100088119507,-0.19012099504470825,-0.6275460124015808,0,0.07106299698352814,0.9751309752464294,-0.20992900431156158,0,0.6518509984016418,0.11390399932861328,0.7497439980506897,0,0,24.81220054626465,-0.20800000429153442,1,0.09694600105285645,-0.0040699997916817665,-0.9952809810638428,0,0.9689990282058716,-0.2279379963874817,0.09531799703836441,0,-0.22724999487400055,-0.9736670255661011,-0.018154000863432884,0,10.665499687194824,25.014400482177734,-0.09600000083446503,1,0.8873170018196106,-0.18532200157642365,0.4222849905490875,0,-0.1471260040998459,0.7540889978408813,0.640080988407135,0,-0.43706101179122925,-0.6300839781761169,0.6418499946594238,0,0,22.733400344848633,0,1,-0.5919439792633057,0.8056460022926331,0.02314399927854538,0,-0.805653989315033,-0.5922769904136658,0.011367999948561192,0,0.022866999730467796,-0.011916999705135822,0.9996669888496399,0,0,53.267799377441406,0,1,0.9867129921913147,0.10574500262737274,-0.12335199862718582,0,-0.10176999866962433,0.9940779805183411,0.03810599818825722,0,0.12665100395679474,-0.025046000257134438,0.9916309714317322,0,0,48.94649887084961,0,1,0.902675986289978,0.41787800192832947,-0.10273700207471848,0,-0.3893130123615265,0.8947529792785645,0.21875,0,0.18333500623703003,-0.15746299922466278,0.9703570008277893,0,-7.220099925994873,5.92080020904541,0,1,0.8434569835662842,-0.5355579853057861,0.041933998465538025,0,0.4295099973678589,0.719202995300293,0.5461400151252747,0,-0.3226490020751953,-0.4426339864730835,0.8366439938545227,0,-0.19339999556541443,7.467299938201904,0,1,0.8965399861335754,-0.4340220093727112,-0.08855199813842773,0,0.42061901092529297,0.8968210220336914,-0.13708199560642242,0,0.13891200721263885,0.08565299957990646,0.986594021320343,0,-0.07540000230073929,10.21150016784668,0,1,0.9898390173912048,0.08892799913883209,-0.11095499992370605,0,0.11640000343322754,-0.058566998690366745,0.9914739727973938,0,0.08167099952697754,-0.9943150281906128,-0.06832300126552582,0,0,11.067999839782715,0.17139999568462372,1,0.9863439798355103,0.10283699631690979,0.12864500284194946,0,-0.09660200029611588,-0.2713879942893982,0.957610011100769,0,0.13338999450206757,-0.9569600224494934,-0.25774699449539185,0,0.2676999866962433,15.237099647521973,0,1,0.9846649765968323,0.14229600131511688,0.1009259968996048,0,-0.12098699808120728,0.14021199941635132,0.9827020168304443,0,0.12568399310112,-0.979843020439148,0.15527799725532532,0,-0.27320000529289246,11.754599571228027,0,1,0.45672300457954407,-0.16769500076770782,0.8736600279808044,0,-0.826665997505188,-0.44283899664878845,0.34715500473976135,0,0.3286750018596649,-0.8807790279388428,-0.3408829867839813,0,-10.665499687194824,25.013500213623047,0.04820000007748604,1,0.5462949872016907,-0.7602329850196838,-0.3515779972076416,0,0.8213670253753662,0.5684540271759033,0.04707600176334381,0,0.16406799852848053,-0.31449198722839355,0.9349740147590637,0,0,22.733400344848633,0,1,-0.351157009601593,-0.9362379908561707,-0.012174000032246113,0,0.9362450242042542,-0.3512609899044037,0.007825000211596489,0,-0.011602000333368778,-0.00865000020712614,0.9998949766159058,0,0,53.26279830932617,0,1,0.9186729788780212,-0.32375699281692505,-0.22632400691509247,0,0.3545759916305542,0.9283919930458069,0.11119399964809418,0,0.17411799728870392,-0.18239900469779968,0.9676849842071533,0,0,48.94879913330078,0,1,0.9495639801025391,-0.2967199981212616,0.10141299664974213,0,0.29521599411964417,0.9549630284309387,0.02988000027835369,0,-0.10571199655532837,0.0015660000499337912,0.9943959712982178,0,8.018799781799316,6.1006999015808105,0,1,0.8387219905853271,0.5445590019226074,-0.0007409999961964786,0,-0.45511600375175476,0.701708972454071,0.5481550097465515,0,0.29902300238609314,-0.45941299200057983,0.8363760113716125,0,1.1370999813079834,7.980000019073486,0,1,0.9753329753875732,0.20281900465488434,0.08712200075387955,0,-0.19373999536037445,0.9756879806518555,-0.10246200114488602,0,-0.10578499734401703,0.08305499702692032,0.990913987159729,0,1.0223000049591064,9.384200096130371,0,1,0.9899659752845764,-0.0928020030260086,0.10655800253152847,0,-0.11103200167417526,-0.04444200173020363,0.9928230047225952,0,-0.08739999681711197,-0.9946920275688171,-0.05429999902844429,0,0,12.017200469970703,0.17100000381469727,1,0.9857029914855957,-0.1084510013461113,-0.12894900143146515,0,0.09559399634599686,-0.27025800943374634,0.9580309987068176,0,-0.13874900341033936,-0.9566599726676941,-0.2560270130634308,0,-0.27889999747276306,14.73859977722168,0,1,0.9812359809875488,-0.15607400238513947,-0.11321199685335159,0,0.13514100015163422,0.13790500164031982,0.9811829924583435,0,-0.13752500712871552,-0.9780709743499756,0.15640899538993835,0,0.359499990940094,11.803400039672852,0,1,-0.8957419991493225,-0.24919599294662476,0.36816900968551636,0,0.3585210144519806,-0.8945959806442261,0.266759991645813,0,0.26288700103759766,0.37094399333000183,0.8906689882278442,0,16.968599319458008,-10.666000366210938,0.600600004196167,1,0.9938880205154419,-0.10991699993610382,-0.010222000069916248,0,0.0702349990606308,0.7010700106620789,-0.7096260190010071,0,0.08516599982976913,0.704571008682251,0.7045050263404846,0,0,64.0801010131836,0,1,0.9477419853210449,-0.23355500400066376,0.21733899414539337,0,-0.08783599734306335,0.46389201283454895,0.881525993347168,0,-0.3067069947719574,-0.8545500040054321,0.4191359877586365,0,0,55.26919937133789,0,1,0.9922990202903748,-0.0003499999875202775,-0.12386400252580643,0,0.08234500139951706,0.7488870024681091,0.6575610041618347,0,0.09252999722957611,-0.6626970171928406,0.7431489825248718,0,0,36.55550003051758,0,1,-0.920985996723175,0.35294100642204285,-0.16497600078582764,0,-0.38934800028800964,-0.8488950133323669,0.3574709892272949,0,-0.013880999758839607,0.3934589922428131,0.9192370176315308,0,-16.968599319458008,-10.666000366210938,0.4724000096321106,1,0.9939789772033691,0.006568999961018562,0.109375,0,0.08754900097846985,0.5526260137557983,-0.8288180232048035,0,-0.06588800251483917,0.833404004573822,0.5487229824066162,0,0,64.064697265625,0,1,0.930745005607605,0.3255069851875305,-0.16660800576210022,0,0.08164100348949432,0.25914400815963745,0.9623820185661316,0,0.35643699765205383,-0.9093350172042847,0.21462200582027435,0,0,55.25870132446289,0,1,0.992559015750885,0.0003129999968223274,0.12176500260829926,0,-0.07985299825668335,0.7566120028495789,0.6489700078964233,0,-0.09192600101232529,-0.6538640260696411,0.7510070204734802,0,0,36.84489822387695,0,1
K0.033,0.5965700149536133,0.10333097726106644,0.7958809733390808,0,0.03145202621817589,0.9879050254821777,-0.1518380045890808,0,-0.8019449710845947,0.11561401933431625,0.5861039757728577,0,13.992615699768066,137.22718811035156,-11.668926239013672,1,0.9990789890289307,-0.040265001356601715,-0.014853976666927338,0,0.041686996817588806,0.9927369952201843,0.11285397410392761,0,0.01020197756588459,-0.11336997896432877,0.9935010075569153,0,0,19.21179962158203,-0.12080000340938568,1,0.9954439997673035,-0.08359600603580475,-0.04586499184370041,0,0.09196999669075012,0.9687340259552002,0.23042500019073486,0,0.025168992578983307,-0.23359400033950806,0.9720079898834229,0,0,22.414199829101562,0,1,0.9954460263252258,-0.08354999870061874,-0.04590699076652527,0,0.09193500131368637,0.9687340259552002,0.2304379940032959,0,0.025217993184924126,-0.23360800743103027,0.9720039963722229,0,0,25.616199493408203,0,1,0.9989389777183533,-0.0039879935793578625,-0.045889995992183685,0,0.007603995501995087,0.9968540072441101,0.07889504730701447,0,0.045430995523929596,-0.07916004210710526,0.995826005935669,0,0,28.818199157714844,0,1,0.7572610378265381,-0.18161886930465698,-0.6273519992828369,0,0.06596098095178604,0.9769140481948853,-0.20319683849811554,0,0.6497729420661926,0.1124918982386589,0.7517590522766113,0,0,24.81220054626465,-0.20800000429153442,1,0.097306989133358,-0.0038749994710087776,-0.9952470064163208,0,0.9693480134010315,-0.2263059914112091,0.09565599262714386,0,-0.2256009876728058,-0.9740480184555054,-0.018264997750520706,0,10.665499687194824,25.014400482177734,-0.09600000083446503,1,0.8771239519119263,-0.20900918543338776,0.43239903450012207,0,-0.14191991090774536,0.7473279237747192,0.6491220593452454,0,-0.45881614089012146,-0.6307269930839539,0.6258359551429749,0,0,22.733400344848633,0,1,-0.5918420553207397,0.8057219386100769,0.02314300276339054,0,-0.8057299256324768,-0.5921740531921387,0.011368999257683754,0,0.02286500111222267,-0.011917999014258385,0.9996680021286011,0,0,53.267799377441406,0,1,0.989795982837677,0.11046800762414932,-0.09000375121831894,0,-0.10573901236057281,0.9928309917449951,0.055725064128637314,0,0.09551376104354858,-0.045640088617801666,0.9943810105323792,0,0,48.94649887084961,0,1,0.902675986289978,0.41787800192832947,-0.10273700207471848,0,-0.3893130123615265,0.8947529792785645,0.21875,0,0.18333500623703003,-0.15746299922466278,0.9703570008277893,0,-7.220099925994873,5.92080020904541,0,1,0.8434569835662842,-0.5355579853057861,0.041933998465538025,0,0.4295099973678589,0.719202995300293,0.5461400151252747,0,-0.3226490020751953,-0.4426339864730835,0.8366439938545227,0,-0.19339999556541443,7.467299938201904,0,1,0.8965399861335754,-0.4340220093727112,-0.08855199813842773,0,0.42061901092529297,0.8968210220336914,-0.13708199560642242,0,0.13891200721263885,0.08565299957990646,0.986594021320343,0,-0.07540000230073929,10.21150016784668,0,1,0.9898390173912048,0.08892799913883209,-0.11095599830150604,0,0.11640100181102753,-0.058566998690366745,0.9914739727973938,0,0.08167099952697754,-0.9943150281906128,-0.06832300126552582,0,0,11.067999839782715,0.17139999568462372,1,0.9863439798355103,0.10283699631690979,0.12864500284194946,0,-0.09660299867391586,-0.2713879942893982,0.957610011100769,0,0.13338999450206757,-0.9569600224494934,-0.25774699449539185,0,0.2676999866962433,15.237099647521973,0,1,0.9846649765968323,0.14229600131511688,0.1009259968996048,0,-0.12098699808120728,0.14021199941635132,0.9827020168304443,0,0.12568399310112,-0.979843020439148,0.15527799725532532,0,-0.27320000529289246,11.754599571228027,0,1,0.45672696828842163,-0.16926901042461395,0.873354971408844,0,-0.8285040259361267,-0.4384949803352356,0.3482860028743744,0,0.32400697469711304,-0.8826500177383423,-0.3405129909515381,0,-10.665499687194824,25.013500213623047,0.04820000007748604,1,0.535735011100769,-0.7657090425491333,-0.3559189736843109,0,0.8270459771156311,0.5608260035514832,0.03834491968154907,0,0.17024704813957214,-0.31490394473075867,0.9337300062179565,0,0,22.733400344848633,0,1,-0.3501390218734741,-0.936618983745575,-0.012164999730885029,0,0.9366260170936584,-0.35024401545524597,0.007828000001609325,0,-0.011593000032007694,-0.008652999997138977,0.9998949766159058,0,0,53.26279830932617,0,1,0.9208359718322754,-0.32232901453971863,-0.2194640189409256,0,0.35255199670791626,0.9286590218544006,0.11532299220561981,0,0.16663502156734467,-0.18356600403785706,0.9687809944152832,0,0,48.94879913330078,0,1,0.9495639801025391,-0.2967199981212616,0.10141299664974213,0,0.29521599411964417,0.9549630284309387,0.02988000027835369,0,-0.10571199655532837,0.0015660000499337912,0.9943959712982178,0,8.018799781799316,6.1006999015808105,0,1,0.8387219905853271,0.5445600152015686,-0.0007409999961964786,0,-0.45511600375175476,0.701708972454071,0.5481550097465515,0,0.29902300238609314,-0.45941299200057983,0.8363760113716125,0,1.1370999813079834,7.980000019073486,0,1,0.9753329753875732,0.20281900465488434,0.08712100237607956,0,-0.19373999536037445,0.9756879806518555,-0.10246200114488602,0,-0.10578399896621704,0.08305499702692032,0.990913987159729,0,1.0223000049591064,9.384200096130371,0,1,0.9899659752845764,-0.0928020030260086,0.10655900090932846,0,-0.11103200167417526,-0.04444200173020363,0.9928230047225952,0,-0.08739999681711197,-0.9946920275688171,-0.05429999902844429,0,0,12.017200469970703,0.17100000381469727,1,0.9857029914855957,-0.1084510013461113,-0.12894900143146515,0,0.09559399634599686,-0.27025800943374634,0.9580309987068176,0,-0.13874900341033936,-0.9566599726676941,-0.2560259997844696,0,-0.27889999747276306,14.73859977722168,0,1,0.9812359809875488,-0.15607500076293945,-0.11321199685335159,0,0.13514100015163422,0.13790500164031982,0.9811829924583435,0,-0.13752500712871552,-0.9780709743499756,0.15640899538993835,0,0.359499990940094,11.803400039672852,0,1,-0.8925079703330994,-0.25280898809432983,0.37352097034454346,0,0.36360496282577515,-0.8933020234107971,0.2642039358615875,0,0.2668739855289459,0.3716179132461548,0.8892010450363159,0,16.968599319458008,-10.666000366210938,0.600600004196167,1,0.9931229948997498,-0.11539794504642487,-0.019758014008402824,0,0.06726697087287903,0.7005401253700256,-0.7104348540306091,0,0.0958239734172821,0.7042208909988403,0.7034851312637329,0,0,64.0801010131836,0,1,0.9480270147323608,-0.23250901699066162,0.21721799671649933,0,-0.0877009779214859,0.46528807282447815,0.8808040022850037,0,-0.30586403608322144,-0.8540769219398499,0.42071405053138733,0,0,55.26919937133789,0,1,0.9923200011253357,-0.00036099989665672183,-0.12369599938392639,0,0.08231300115585327,0.7483729720115662,0.6581509709358215,0,0.09233299642801285,-0.6632779836654663,0.7426549792289734,0,0,36.55550003051758,0,1,-0.9212669730186462,0.3516089618206024,-0.16624999046325684,0,-0.388530969619751,-0.8514030575752258,0.3523579239845276,0,-0.01765303499996662,0.38920891284942627,0.9209800362586975,0,-16.968599319458008,-10.666000366210938,0.4724000096321106,1,0.994288980960846,0.009080003947019577,0.10633599013090134,0,0.0839809849858284,0.5482621192932129,-0.8320799469947815,0,-0.0658550038933754,0.8362579345703125,0.5443681478500366,0,0,64.064697265625,0,1,0.9316350221633911,0.3222759962081909,-0.1679120659828186,0,0.08657004684209824,0.25193703174591064,0.9638640284538269,0,0.35293400287628174,-0.9125049710273743,0.2068140208721161,0,0,55.25870132446289,0,1,0.9924929738044739,0.00028299997211433947,0.12229800224304199,0,-0.07995100319385529,0.7582250237464905,0.647072970867157,0,-0.0925460010766983,-0.6519929766654968,0.7525560259819031,0,0,36.84489822387695,0,1
K0.067,0.5992410182952881,0.10139502584934235,0.7941219806671143,0,0.03420597314834595,0.9877979755401611,-0.15193599462509155,0,-0.7998380064964294,0.11820998042821884,0.5884609818458557,0,13.906651496887207,137.54815673828125,-11.724247932434082,1,0.9991080164909363,-0.04030999913811684,-0.012543023563921452,0,0.04145100340247154,0.9930239915847778,0.1103840246796608,0,0.0080060213804245,-0.11080501973628998,0.9938099980354309,0,0,19.21179962158203,-0.12080000340938568,1,0.9954400062561035,-0.08397798985242844,-0.04525100812315941,0,0.09219399839639664,0.9687489867210388,0.2302740067243576,0,0.02449900656938553,-0.2333959937095642,0.9720730185508728,0,0,22.414199829101562,0,1,0.9954419732093811,-0.08392199873924255,-0.045305006206035614,0,0.09215199947357178,0.9687479734420776,0.23029200732707977,0,0.024563005194067955,-0.23341800272464752,0.9720659852027893,0,0,25.616199493408203,0,1,0.998960018157959,-0.003349006175994873,-0.0454770028591156,0,0.00712000485509634,0.9965220093727112,0.08302495628595352,0,0.045041002333164215,-0.08326296508312225,0.9955090284347534,0,0,28.818199157714844,0,1,0.7608699202537537,-0.1686721295118332,-0.6265990138053894,0,0.06369102001190186,0.9803759455680847,-0.18656516075134277,0,0.6457710862159729,0.10204410552978516,0.7566819190979004,0,0,24.81220054626465,-0.20800000429153442,1,0.09662900865077972,-0.0038290005177259445,-0.9953129887580872,0,0.9696679711341858,-0.22520501911640167,0.09500600397586823,0,-0.2245130091905594,-0.9743040204048157,-0.01804800145328045,0,10.665499687194824,25.014400482177734,-0.09600000083446503,1,0.871065080165863,-0.22709982097148895,0.4355129599571228,0,-0.1331740915775299,0.7442730665206909,0.6544639468193054,0,-0.4727688431739807,-0.6280789971351624,0.6180660724639893,0,0,22.733400344848633,0,1,-0.5996469259262085,0.7999270558357239,0.023252997547388077,0,-0.7999350428581238,-0.5999809503555298,0.011287000961601734,0,0.02298099733889103,-0.011833000928163528,0.9996659755706787,0,0,53.267799377441406,0,1,0.9915969967842102,0.11148899048566818,-0.06561524420976639,0,-0.1074499860405922,0.992264986038208,0.06216493621468544,0,0.07203823328018188,-0.05459190905094147,0.9959070086479187,0,0,48.94649887084961,0,1,0.902675986289978,0.41787800192832947,-0.10273700207471848,0,-0.3893130123615265,0.8947529792785645,0.21875,0,0.18333500623703003,-0.15746299922466278,0.9703580141067505,0,-7.220099925994873,5.92080020904541,0,1,0.8434569835662842,-0.5355579853057861,0.041933998465538025,0,0.4295090138912201,0.719202995300293,0.5461400151252747,0,-0.3226490020751953,-0.4426339864730835,0.8366439938545227,0,-0.19339999556541443,7.467299938201904,0,1,0.8965399861335754,-0.4340220093727112,-0.08855199813842773,0,0.42061901092529297,0.8968210220336914,-0.13708199560642242,0,0.13891200721263885,0.08565299957990646,0.986594021320343,0,-0.07540000230073929,10.21150016784668,0,1,0.9898390173912048,0.08892799913883209,-0.11095499992370605,0,0.11640000343322754,-0.058566998690366745,0.9914739727973938,0,0.08167099952697754,-0.9943150281906128,-0.06832300126552582,0,0,11.067999839782715,0.17139999568462372,1,0.9863439798355103,0.10283699631690979,0.12864500284194946,0,-0.09660200029611588,-0.2713879942893982,0.957610011100769,0,0.13338999450206757,-0.9569600224494934,-0.25774699449539185,0,0.2676999866962433,15.237099647521973,0,1,0.9846649765968323,0.14229600131511688,0.1009259968996048,0,-0.12098699808120728,0.14021199941635132,0.9827020168304443,0,0.12568299472332,-0.979843020439148,0.15527799725532532,0,-0.27320000529289246,11.754599571228027,0,1,0.45506203174591064,-0.1706099808216095,0.8739629983901978,0,-0.830623984336853,-0.43504002690315247,0.34757000207901,0,0.3209090232849121,-0.8841000199317932,-0.33968299627304077,0,-10.665499687194824,25.013500213623047,0.04820000007748604,1,0.5327749848365784,-0.7692939639091492,-0.35261502861976624,0,0.8281580209732056,0.5596780180931091,0.03024408034980297,0,0.17408496141433716,-0.3081340491771698,0.9352800250053406,0,0,22.733400344848633,0,1,-0.3542409837245941,-0.9350749850273132,-0.012199999764561653,0,0.9350820183753967,-0.3543449640274048,0.007814999669790268,0,-0.011630999855697155,-0.008639000356197357,0.9998949766159058,0,0,53.26279830932617,0,1,0.920179009437561,-0.3230139911174774,-0.22120597958564758,0,0.35341501235961914,0.9284470081329346,0.11438800394535065,0,0.16842898726463318,-0.18343499302864075,0.9684950113296509,0,0,48.94879913330078,0,1,0.9495639801025391,-0.2967199981212616,0.10141299664974213,0,0.29521599411964417,0.9549630284309387,0.02988000027835369,0,-0.10571199655532837,0.0015650000423192978,0.9943959712982178,0,8.018799781799316,6.1006999015808105,0,1,0.8387219905853271,0.5445590019226074,-0.0007409999961964786,0,-0.45511600375175476,0.701708972454071,0.5481550097465515,0,0.29902300238609314,-0.45941299200057983,0.8363760113716125,0,1.1370999813079834,7.980000019073486,0,1,0.9753329753875732,0.20281900465488434,0.08712200075387955,0,-0.19373999536037445,0.9756879806518555,-0.10246200114488602,0,-0.10578499734401703,0.08305499702692032,0.990913987159729,0,1.0223000049591064,9.384200096130371,0,1,0.9899659752845764,-0.0928020030260086,0.10655900090932846,0,-0.11103200167417526,-0.04444200173020363,0.9928230047225952,0,-0.08739999681711197,-0.9946920275688171,-0.05429999902844429,0,0,12.017200469970703,0.17100000381469727,1,0.9857029914855957,-0.1084510013461113,-0.12894900143146515,0,0.09559399634599686,-0.27025800943374634,0.9580309987068176,0,-0.13874900341033936,-0.9566599726676941,-0.2560270130634308,0,-0.27889999747276306,14.73859977722168,0,1,0.9812359809875488,-0.15607400238513947,-0.11321199685335159,0,0.13514100015163422,0.13790500164031982,0.9811829924583435,0,-0.13752500712871552,-0.9780709743499756,0.15640899538993835,0,0.359499990940094,11.803400039672852,0,1,-0.8938969969749451,-0.2534539997577667,0.3697420358657837,0,0.3608510196208954,-0.8962090015411377,0.2580610513687134,0,0.2659600079059601,0.3641020953655243,0.8925779461860657,0,16.968599319458008,-10.666000366210938,0.600600004196167,1,0.9936590194702148,-0.11040505021810532,-0.021280985325574875,0,0.06395403295755386,0.7106428742408752,-0.7006401419639587,0,0.09247703105211258,0.6948361396789551,0.7131978869438171,0,0,64.0801010131836,0,1,0.9476730227470398,-0.2337159812450409,0.21747000515460968,0,-0.08522902429103851,0.47125694155693054,0.8778679966926575,0,-0.3076559603214264,-0.8504670858383179,0.426677942276001,0,0,55.26919937133789,0,1,0.9922990202903748,-0.0003500001039355993,-0.1238659992814064,0,0.08234500139951706,0.7488930225372314,0.6575549840927124,0,0.09253200143575668,-0.6626909971237183,0.743153989315033,0,0,36.55550003051758,0,1,-0.9222279787063599,0.34979403018951416,-0.16474200785160065,0,-0.38607004284858704,-0.856347918510437,0.3429560959339142,0,-0.021112967282533646,0.37988507747650146,0.9247929453849792,0,-16.968599319458008,-10.666000366210938,0.4724000096321106,1,0.9943829774856567,0.009427996352314949,0.10542500764131546,0,0.08226101845502853,0.557948887348175,-0.8257880806922913,0,-0.06660699099302292,0.8298220634460449,0.5540388822555542,0,0,64.064697265625,0,1,0.9310910105705261,0.3210819959640503,-0.1731339544057846,0,0.0908549576997757,0.2555449604988098,0.9625189900398254,0,0.35329100489616394,-0.9119229912757874,0.208763986825943,0,0,55.25870132446289,0,1,0.9924870133399963,0.00028000003658235073,0.12234999984502792,0,-0.07996000349521637,0.7583820223808289,0.6468870043754578,0,-0.09260699898004532,-0.6518099904060364,0.7527070045471191,0,0,36.84489822387695,0,1
K0.100,0.6012259721755981,0.09997999668121338,0.7928000092506409,0,0.035711999982595444,0.9877889752388,-0.151651993393898,0,-0.7982810139656067,0.11948899924755096,0.5903139710426331,0,13.901388168334961,138.23007202148438,-11.452459335327148,1,0.9990469813346863,-0.0411360003054142,-0.01461699977517128,0,0.04244900122284889,0.9935410022735596,0.10523500293493271,0,0.010193999856710434,-0.10575500130653381,0.9943400025367737,0,0,19.21179962158203,-0.12080000340938568,1,0.9954059720039368,-0.08411599695682526,-0.045729998499155045,0,0.09241499751806259,0.9689649939537048,0.22927400469779968,0,0.025025000795722008,-0.23244699835777283,0.9722869992256165,0,0,22.414199829101562,0,1,0.9954079985618591,-0.08408299833536148,-0.04575800150632858,0,0.09238900244235992,0.9689639806747437,0.22928699851036072,0,0.02505899965763092,-0.23246200382709503,0.9722830057144165,0,0,25.616199493408203,0,1,0.9989960193634033,-0.0027290000580251217,-0.04471199959516525,0,0.006606999784708023,0.9962019920349121,0.08682099729776382,0,0.04430500045418739,-0.08702900260686874,0.9952200055122375,0,0,28.818199157714844,0,1,0.7657049894332886,-0.1572670042514801,-0.6236690282821655,0,0.0633149966597557,0.9833670258522034,-0.17023499310016632,0,0.640067994594574,0.09086299687623978,0.7629259824752808,0,0,24.81220054626465,-0.20800000429153442,1,0.0956140011548996,-0.0037410000804811716,-0.9954109787940979,0,0.9701989889144897,-0.22331899404525757,0.09403199702501297,0,-0.22264599800109863,-0.9747380018234253,-0.017722999677062035,0,10.665499687194824,25.014400482177734,-0.09600000083446503,1,0.8711649775505066,-0.23405000567436218,0.4316149950027466,0,-0.12535999715328217,0.7439069747924805,0.6564199924468994,0,-0.4747160077095032,-0.6259580254554749,0.6187250018119812,0,0,22.733400344848633,0,1,-0.6092919707298279,0.7926009893417358,0.023389000445604324,0,-0.7926089763641357,-0.6096280217170715,0.01118400041013956,0,0.02312299981713295,-0.011723999865353107,0.9996640086174011,0,0,53.267799377441406,0,1,0.9923340082168579,0.10951399803161621,-0.05726400017738342,0,-0.1063229963183403,0.9927480220794678,0.05609099939465523,0,0.06299100071191788,-0.04957199841737747,0.9967820048332214,0,0,48.94649887084961,0,1,0.902675986289978,0.41787800192832947,-0.10273700207471848,0,-0.3893130123615265,0.8947529792785645,0.21875,0,0.18333500623703003,-0.15746299922466278,0.9703580141067505,0,-7.220099925994873,5.92080020904541,0,1,0.8434569835662842,-0.5355579853057861,0.041933998465538025,0,0.4295090138912201,0.719202995300293,0.5461400151252747,0,-0.3226490020751953,-0.4426339864730835,0.8366439938545227,0,-0.19339999556541443,7.467299938201904,0,1,0.8965399861335754,-0.4340220093727112,-0.08855199813842773,0,0.42061901092529297,0.8968210220336914,-0.13708199560642242,0,0.13891200721263885,0.08565299957990646,0.986594021320343,0,-0.07540000230073929,10.21150016784668,0,1,0.9898390173912048,0.08892799913883209,-0.11095499992370605,0,0.11640000343322754,-0.058566998690366745,0.9914739727973938,0,0.08167099952697754,-0.9943150281906128,-0.06832300126552582,0,0,11.067999839782715,0.17139999568462372,1,0.9863439798355103,0.10283699631690979,0.12864500284194946,0,-0.09660299867391586,-0.2713879942893982,0.957610011100769,0,0.13338999450206757,-0.9569609761238098,-0.25774699449539185,0,0.2676999866962433,15.237099647521973,0,1,0.9846649765968323,0.14229600131511688,0.1009259968996048,0,-0.12098699808120728,0.14021199941635132,0.9827020168304443,0,0.12568299472332,-0.979843020439148,0.15527799725532532,0,-0.27320000529289246,11.754599571228027,0,1,0.4518190026283264,-0.17208699882030487,0.875353991985321,0,-0.8334299921989441,-0.4314109981060028,0.34536799788475037,0,0.31820398569107056,-0.8855900168418884,-0.33834201097488403,0,-10.665499687194824,25.013500213623047,0.04820000007748604,1,0.5382469892501831,-0.7676399946212769,-0.34787800908088684,0,0.8240529894828796,0.5659040212631226,0.02625500038266182,0,0.17671099305152893,-0.30080199241638184,0.937171995639801,0,0,22.733400344848633,0,1,-0.36269599199295044,-0.9318270087242126,-0.012269999831914902,0,0.9318339824676514,-0.36280199885368347,0.007788000162690878,0,-0.01170899998396635,-0.008608999662101269,0.9998940229415894,0,0,53.26279830932617,0,1,0.9189850091934204,-0.32191699743270874,-0.22767700254917145,0,0.35387399792671204,0.9280499815940857,0.11617200076580048,0,0.17389899492263794,-0.1873289942741394,0.9667819738388062,0,0,48.94879913330078,0,1,0.9495639801025391,-0.2967199981212616,0.10141299664974213,0,0.29521599411964417,0.9549630284309387,0.02988000027835369,0,-0.10571199655532837,0.0015660000499337912,0.9943959712982178,0,8.018799781799316,6.1006999015808105,0,1,0.8387219905853271,0.5445590019226074,-0.0007409999961964786,0,-0.45511600375175476,0.701708972454071,0.5481550097465515,0,0.29902300238609314,-0.45941299200057983,0.8363760113716125,0,1.1370999813079834,7.980000019073486,0,1,0.9753329753875732,0.20281800627708435,0.08712200075387955,0,-0.19373999536037445,0.9756879806518555,-0.10246200114488602,0,-0.10578499734401703,0.08305499702692032,0.990913987159729,0,1.0223000049591064,9.384200096130371,0,1,0.9899659752845764,-0.0928020030260086,0.10655900090932846,0,-0.11103200167417526,-0.04444200173020363,0.9928230047225952,0,-0.08739999681711197,-0.9946920275688171,-0.05429999902844429,0,0,12.017200469970703,0.17100000381469727,1,0.9857029914855957,-0.1084510013461113,-0.12894900143146515,0,0.09559399634599686,-0.27025800943374634,0.9580309987068176,0,-0.13874900341033936,-0.9566599726676941,-0.2560270130634308,0,-0.27889999747276306,14.73859977722168,0,1,0.9812359809875488,-0.15607500076293945,-0.11321199685335159,0,0.13514100015163422,0.13790500164031982,0.9811829924583435,0,-0.13752500712871552,-0.9780709743499756,0.15640899538993835,0,0.359499990940094,11.803400039672852,0,1,-0.8997169733047485,-0.2498749941587448,0.35787099599838257,0,0.3497459888458252,-0.903253972530365,0.2486169934272766,0,0.26112499833106995,0.34884899854660034,0.9000660181045532,0,16.968599319458008,-10.666000366210938,0.600600004196167,1,0.9951149821281433,-0.09723100066184998,-0.017108000814914703,0,0.059411000460386276,0.7281860113143921,-0.6827999949455261,0,0.0788469985127449,0.6784480214118958,0.7304049730300903,0,0,64.0801010131836,0,1,0.9469370245933533,-0.236068993806839,0.21813100576400757,0,-0.08164799958467484,0.47971799969673157,0.8736159801483154,0,-0.3108749985694885,-0.8450689911842346,0.43498799204826355,0,0,55.26919937133789,0,1,0.9923290014266968,-0.0003650000144261867,-0.12362200021743774,0,0.08229800313711166,0.7481480240821838,0.658407986164093,0,0.09224700182676315,-0.663532018661499,0.7424389719963074,0,0,36.55550003051758,0,1,-0.9231259822845459,0.34917500615119934,-0.16098299622535706,0,-0.38373899459838867,-0.8629559874534607,0.32871100306510925,0,-0.024143999442458153,0.36521801352500916,0.9306089878082275,0,-16.968599319458008,-10.666000366210938,0.4724000096321106,1,0.9942499995231628,0.0072559998370707035,0.10684099793434143,0,0.0829240009188652,0.5791239738464355,-0.811011016368866,0,-0.06775899976491928,0.8152070045471191,0.5751919746398926,0,0,64.064697265625,0,1,0.9287199974060059,0.32350701093673706,-0.18116800487041473,0,0.09329400211572647,0.26900699734687805,0.9586089849472046,0,0.35885199904441833,-0.907181978225708,0.219650998711586,0,0,55.25870132446289,0,1,0.9924910068511963,0.00028199999360367656,0.1223210021853447,0,-0.07995499670505524,0.7582939863204956,0.6469910144805908,0,-0.09257300198078156,-0.6519129872322083,0.7526220083236694,0,0,36.84489822387695,0,1
